0.000000e+00 0.000000e+00 0.000000e+00 0.000000e+00 0.000000e+00 0.000000e+00
0.000000e+00 0.000000e+00 0.000000e+00 0.000000e+00 0.000000e+00 0.000000e+00
0.000000e+00 0.000000e+00 0.000000e+00 0.000000e+00 0.000000e+00 0.000000e+00
0.000000e+00 0.000000e+00 0.000000e+00 0.000000e+00 0.000000e+00 0.000000e+00
0.000000e+00 0.000000e+00 0.000000e+00 0.000000e+00 0.000000e+00 0.000000e+00
0.000000e+00 0.000000e+00 0.000000e+00 0.000000e+00 0.000000e+00 0.000000e+00
0.000000e+00 0.000000e+00 0.000000e+00 0.000000e+00 0.000000e+00 0.000000e+00
0.000000e+00 0.000000e+00 0.000000e+00 0.000000e+00 0.000000e+00 0.000000e+00
0.000000e+00 0.000000e+00 0.000000e+00 0.000000e+00 0.000000e+00 0.000000e+00
0.000000e+00 0.000000e+00 0.000000e+00 0.000000e+00 0.000000e+00 0.000000e+00
0.000000e+00 0.000000e+00 0.000000e+00 0.000000e+00 0.000000e+00 0.000000e+00
0.000000e+00 0.000000e+00 0.000000e+00 0.000000e+00 0.000000e+00 0.000000e+00
0.000000e+00 0.000000e+00 0.000000e+00 0.000000e+00 0.000000e+00 0.000000e+00
0.000000e+00 0.000000e+00 0.000000e+00 0.000000e+00 0.000000e+00 0.000000e+00
0.000000e+00 0.000000e+00 0.000000e+00 0.000000e+00 0.000000e+00 0.000000e+00
0.000000e+00 0.000000e+00 0.000000e+00 0.000000e+00 0.000000e+00 0.000000e+00
0.000000e+00 0.000000e+00 0.000000e+00 0.000000e+00 0.000000e+00 0.000000e+00
0.000000e+00 0.000000e+00 0.000000e+00 0.000000e+00 0.000000e+00 0.000000e+00
0.000000e+00 0.000000e+00 0.000000e+00 0.000000e+00 0.000000e+00 0.000000e+00
0.000000e+00 0.000000e+00 0.000000e+00 0.000000e+00 0.000000e+00 0.000000e+00
0.000000e+00 0.000000e+00 0.000000e+00 0.000000e+00 0.000000e+00 0.000000e+00
0.000000e+00 0.000000e+00 0.000000e+00 0.000000e+00 0.000000e+00 0.000000e+00
0.000000e+00 0.000000e+00 0.000000e+00 0.000000e+00 0.000000e+00 0.000000e+00
0.000000e+00 0.000000e+00 0.000000e+00 0.000000e+00 0.000000e+00 0.000000e+00
0.000000e+00 0.000000e+00 0.000000e+00 0.000000e+00 0.000000e+00 0.000000e+00
0.000000e+00 0.000000e+00 0.000000e+00 0.000000e+00 0.000000e+00 0.000000e+00
0.000000e+00 0.000000e+00 0.000000e+00 0.000000e+00 0.000000e+00 0.000000e+00
0.000000e+00 0.000000e+00 0.000000e+00 0.000000e+00 0.000000e+00 0.000000e+00
0.000000e+00 0.000000e+00 0.000000e+00 0.000000e+00 0.000000e+00 0.000000e+00
0.000000e+00 0.000000e+00 0.000000e+00 0.000000e+00 0.000000e+00 0.000000e+00
0.000000e+00 0.000000e+00 0.000000e+00 0.000000e+00 0.000000e+00 0.000000e+00
0.000000e+00 0.000000e+00 0.000000e+00 0.000000e+00 0.000000e+00 0.000000e+00
0.000000e+00 0.000000e+00 0.000000e+00 0.000000e+00 0.000000e+00 0.000000e+00
0.000000e+00 0.000000e+00 0.000000e+00 0.000000e+00 0.000000e+00 0.000000e+00
0.000000e+00 0.000000e+00 0.000000e+00 0.000000e+00 0.000000e+00 0.000000e+00
0.000000e+00 0.000000e+00 0.000000e+00 0.000000e+00 0.000000e+00 0.000000e+00
0.000000e+00 0.000000e+00 0.000000e+00 0.000000e+00 0.000000e+00 0.000000e+00
0.000000e+00 0.000000e+00 0.000000e+00 0.000000e+00 0.000000e+00 0.000000e+00
0.000000e+00 0.000000e+00 0.000000e+00 0.000000e+00 0.000000e+00 0.000000e+00
0.000000e+00 0.000000e+00 0.000000e+00 0.000000e+00 0.000000e+00 0.000000e+00
0.000000e+00 0.000000e+00 0.000000e+00 0.000000e+00 0.000000e+00 0.000000e+00
0.000000e+00 0.000000e+00 0.000000e+00 0.000000e+00 0.000000e+00 0.000000e+00
0.000000e+00 0.000000e+00 0.000000e+00 0.000000e+00 0.000000e+00 0.000000e+00
0.000000e+00 0.000000e+00 0.000000e+00 0.000000e+00 0.000000e+00 0.000000e+00
0.000000e+00 0.000000e+00 0.000000e+00 0.000000e+00 0.000000e+00 0.000000e+00
0.000000e+00 0.000000e+00 0.000000e+00 0.000000e+00 0.000000e+00 0.000000e+00
0.000000e+00 0.000000e+00 0.000000e+00 0.000000e+00 0.000000e+00 0.000000e+00
0.000000e+00 0.000000e+00 0.000000e+00 0.000000e+00 0.000000e+00 0.000000e+00
0.000000e+00 0.000000e+00 0.000000e+00 0.000000e+00 0.000000e+00 0.000000e+00
0.000000e+00 0.000000e+00 0.000000e+00 0.000000e+00 0.000000e+00 0.000000e+00
0.000000e+00 0.000000e+00 0.000000e+00 0.000000e+00 0.000000e+00 0.000000e+00
0.000000e+00 0.000000e+00 0.000000e+00 0.000000e+00 0.000000e+00 0.000000e+00
0.000000e+00 0.000000e+00 0.000000e+00 0.000000e+00 0.000000e+00 0.000000e+00
0.000000e+00 0.000000e+00 0.000000e+00 0.000000e+00 0.000000e+00 0.000000e+00
0.000000e+00 0.000000e+00 0.000000e+00 0.000000e+00 0.000000e+00 0.000000e+00
0.000000e+00 0.000000e+00 0.000000e+00 0.000000e+00 0.000000e+00 0.000000e+00
0.000000e+00 0.000000e+00 0.000000e+00 0.000000e+00 0.000000e+00 0.000000e+00
0.000000e+00 0.000000e+00 0.000000e+00 0.000000e+00 0.000000e+00 0.000000e+00
0.000000e+00 0.000000e+00 0.000000e+00 0.000000e+00 0.000000e+00 0.000000e+00
0.000000e+00 0.000000e+00 0.000000e+00 0.000000e+00 0.000000e+00 0.000000e+00
0.000000e+00 0.000000e+00 0.000000e+00 0.000000e+00 0.000000e+00 0.000000e+00
0.000000e+00 0.000000e+00 0.000000e+00 0.000000e+00 0.000000e+00 0.000000e+00
0.000000e+00 0.000000e+00 0.000000e+00 0.000000e+00 0.000000e+00 0.000000e+00
0.000000e+00 0.000000e+00 0.000000e+00 0.000000e+00 0.000000e+00 0.000000e+00
0.000000e+00 0.000000e+00 0.000000e+00 0.000000e+00 0.000000e+00 0.000000e+00
0.000000e+00 0.000000e+00 0.000000e+00 0.000000e+00 0.000000e+00 0.000000e+00
0.000000e+00 0.000000e+00 0.000000e+00 0.000000e+00 0.000000e+00 0.000000e+00
0.000000e+00 0.000000e+00 0.000000e+00 0.000000e+00 0.000000e+00 0.000000e+00
0.000000e+00 0.000000e+00 0.000000e+00 0.000000e+00 0.000000e+00 0.000000e+00
0.000000e+00 0.000000e+00 0.000000e+00 0.000000e+00 0.000000e+00 0.000000e+00
0.000000e+00 0.000000e+00 0.000000e+00 0.000000e+00 0.000000e+00 0.000000e+00
0.000000e+00 0.000000e+00 0.000000e+00 0.000000e+00 0.000000e+00 0.000000e+00
0.000000e+00 0.000000e+00 0.000000e+00 0.000000e+00 0.000000e+00 0.000000e+00
0.000000e+00 0.000000e+00 0.000000e+00 0.000000e+00 0.000000e+00 0.000000e+00
0.000000e+00 0.000000e+00 0.000000e+00 0.000000e+00 0.000000e+00 0.000000e+00
0.000000e+00 0.000000e+00 0.000000e+00 0.000000e+00 0.000000e+00 0.000000e+00
0.000000e+00 0.000000e+00 0.000000e+00 0.000000e+00 0.000000e+00 0.000000e+00
0.000000e+00 0.000000e+00 0.000000e+00 0.000000e+00 0.000000e+00 0.000000e+00
0.000000e+00 0.000000e+00 0.000000e+00 0.000000e+00 0.000000e+00 0.000000e+00
0.000000e+00 0.000000e+00 0.000000e+00 0.000000e+00 0.000000e+00 0.000000e+00
0.000000e+00 0.000000e+00 0.000000e+00 0.000000e+00 0.000000e+00 0.000000e+00
0.000000e+00 0.000000e+00 0.000000e+00 0.000000e+00 0.000000e+00 0.000000e+00
0.000000e+00 0.000000e+00 0.000000e+00 0.000000e+00 0.000000e+00 0.000000e+00
0.000000e+00 0.000000e+00 0.000000e+00 0.000000e+00 0.000000e+00 0.000000e+00
0.000000e+00 0.000000e+00 0.000000e+00 0.000000e+00 0.000000e+00 0.000000e+00
0.000000e+00 0.000000e+00 0.000000e+00 0.000000e+00 0.000000e+00 0.000000e+00
0.000000e+00 0.000000e+00 0.000000e+00 0.000000e+00 0.000000e+00 0.000000e+00
0.000000e+00 0.000000e+00 0.000000e+00 0.000000e+00 0.000000e+00 0.000000e+00
0.000000e+00 0.000000e+00 0.000000e+00 0.000000e+00 0.000000e+00 0.000000e+00
0.000000e+00 0.000000e+00 0.000000e+00 0.000000e+00 0.000000e+00 0.000000e+00
0.000000e+00 0.000000e+00 0.000000e+00 0.000000e+00 0.000000e+00 0.000000e+00
0.000000e+00 0.000000e+00 0.000000e+00 0.000000e+00 0.000000e+00 0.000000e+00
0.000000e+00 0.000000e+00 0.000000e+00 0.000000e+00 0.000000e+00 0.000000e+00
0.000000e+00 0.000000e+00 0.000000e+00 0.000000e+00 0.000000e+00 0.000000e+00
0.000000e+00 0.000000e+00 0.000000e+00 0.000000e+00 0.000000e+00 0.000000e+00
0.000000e+00 0.000000e+00 0.000000e+00 0.000000e+00 0.000000e+00 0.000000e+00
0.000000e+00 0.000000e+00 0.000000e+00 0.000000e+00 0.000000e+00 0.000000e+00
0.000000e+00 0.000000e+00 0.000000e+00 0.000000e+00 0.000000e+00 0.000000e+00
0.000000e+00 0.000000e+00 0.000000e+00 0.000000e+00 0.000000e+00 0.000000e+00
0.000000e+00 0.000000e+00 0.000000e+00 0.000000e+00 0.000000e+00 0.000000e+00
0.000000e+00 0.000000e+00 0.000000e+00 0.000000e+00 0.000000e+00 0.000000e+00
0.000000e+00 0.000000e+00 0.000000e+00 0.000000e+00 0.000000e+00 0.000000e+00
0.000000e+00 0.000000e+00 0.000000e+00 0.000000e+00 0.000000e+00 0.000000e+00
0.000000e+00 0.000000e+00 0.000000e+00 0.000000e+00 0.000000e+00 0.000000e+00
0.000000e+00 0.000000e+00 0.000000e+00 0.000000e+00 0.000000e+00 0.000000e+00
0.000000e+00 0.000000e+00 0.000000e+00 0.000000e+00 0.000000e+00 0.000000e+00
0.000000e+00 0.000000e+00 0.000000e+00 0.000000e+00 0.000000e+00 0.000000e+00
0.000000e+00 0.000000e+00 0.000000e+00 0.000000e+00 0.000000e+00 0.000000e+00
0.000000e+00 0.000000e+00 0.000000e+00 0.000000e+00 0.000000e+00 0.000000e+00
0.000000e+00 0.000000e+00 0.000000e+00 0.000000e+00 0.000000e+00 0.000000e+00
0.000000e+00 0.000000e+00 0.000000e+00 0.000000e+00 0.000000e+00 0.000000e+00
0.000000e+00 0.000000e+00 0.000000e+00 0.000000e+00 0.000000e+00 0.000000e+00
0.000000e+00 0.000000e+00 0.000000e+00 0.000000e+00 0.000000e+00 0.000000e+00
0.000000e+00 0.000000e+00 0.000000e+00 0.000000e+00 0.000000e+00 0.000000e+00
0.000000e+00 0.000000e+00 0.000000e+00 0.000000e+00 0.000000e+00 0.000000e+00
0.000000e+00 0.000000e+00 0.000000e+00 0.000000e+00 0.000000e+00 0.000000e+00
0.000000e+00 0.000000e+00 0.000000e+00 0.000000e+00 0.000000e+00 0.000000e+00
0.000000e+00 0.000000e+00 0.000000e+00 0.000000e+00 0.000000e+00 0.000000e+00
0.000000e+00 0.000000e+00 0.000000e+00 0.000000e+00 0.000000e+00 0.000000e+00
0.000000e+00 0.000000e+00 0.000000e+00 0.000000e+00 0.000000e+00 0.000000e+00
0.000000e+00 0.000000e+00 0.000000e+00 0.000000e+00 0.000000e+00 0.000000e+00
0.000000e+00 0.000000e+00 0.000000e+00 0.000000e+00 0.000000e+00 0.000000e+00
0.000000e+00 0.000000e+00 0.000000e+00 0.000000e+00 0.000000e+00 0.000000e+00
0.000000e+00 0.000000e+00 0.000000e+00 0.000000e+00 0.000000e+00 0.000000e+00
0.000000e+00 0.000000e+00 0.000000e+00 0.000000e+00 0.000000e+00 0.000000e+00
0.000000e+00 0.000000e+00 0.000000e+00 0.000000e+00 0.000000e+00 0.000000e+00
0.000000e+00 0.000000e+00 0.000000e+00 0.000000e+00 -3.006335e-14 -6.914569e-13
0.000000e+00 0.000000e+00 0.000000e+00 0.000000e+00 -9.019004e-14 -2.735764e-12
0.000000e+00 0.000000e+00 0.000000e+00 0.000000e+00 -1.202534e-13 -6.132922e-12
0.000000e+00 0.000000e+00 0.000000e+00 0.000000e+00 -1.503167e-13 -1.091299e-11
0.000000e+00 0.000000e+00 0.000000e+00 0.000000e+00 -2.104434e-13 -1.842728e-11
0.000000e+00 0.000000e+00 0.000000e+00 0.000000e+00 -2.705701e-13 -2.930554e-11
0.000000e+00 0.000000e+00 0.000000e+00 0.000000e+00 -6.612641e-13 -4.255571e-11
0.000000e+00 0.000000e+00 -1.136868e-13 0.000000e+00 -2.073982e-12 -4.803757e-11
0.000000e+00 0.000000e+00 -2.273737e-13 0.000000e+00 -4.118031e-12 -3.995306e-11
0.000000e+00 0.000000e+00 -3.410605e-13 0.000000e+00 -6.132016e-12 -2.234417e-11
0.000000e+00 0.000000e+00 -3.410605e-13 0.000000e+00 -8.145483e-12 -3.308074e-12
0.000000e+00 0.000000e+00 -3.410605e-13 0.000000e+00 -9.466975e-12 1.029856e-11
0.000000e+00 0.000000e+00 -3.410605e-13 0.000000e+00 -9.105049e-12 2.212638e-11
0.000000e+00 0.000000e+00 -3.410605e-13 0.000000e+00 -8.051407e-12 3.596767e-11
0.000000e+00 0.000000e+00 -3.410605e-13 0.000000e+00 -7.328073e-12 5.428477e-11
0.000000e+00 0.000000e+00 -2.273737e-13 0.000000e+00 -6.635062e-12 7.133051e-11
0.000000e+00 0.000000e+00 -1.136868e-13 0.000000e+00 -5.972891e-12 8.566496e-11
0.000000e+00 0.000000e+00 0.000000e+00 0.000000e+00 -4.950867e-12 1.064686e-10
0.000000e+00 0.000000e+00 1.136868e-13 0.000000e+00 -3.899556e-12 1.401778e-10
0.000000e+00 0.000000e+00 3.410605e-13 0.000000e+00 -3.179590e-12 1.850727e-10
0.000000e+00 0.000000e+00 5.684342e-13 0.000000e+00 -2.490206e-12 2.449172e-10
0.000000e+00 0.000000e+00 9.094947e-13 0.000000e+00 -3.232661e-12 3.224154e-10
0.000000e+00 0.000000e+00 1.477929e-12 0.000000e+00 -7.048332e-12 3.995936e-10
0.000000e+00 0.000000e+00 2.046363e-12 0.000000e+00 -1.450687e-11 4.703144e-10
0.000000e+00 0.000000e+00 2.728484e-12 0.000000e+00 -2.432649e-11 5.386163e-10
0.000000e+00 -5.684342e-14 3.524292e-12 0.000000e+00 -3.009265e-11 5.987963e-10
0.000000e+00 -1.136868e-13 4.433787e-12 3.306968e-13 -2.498814e-11 6.430613e-10
0.000000e+00 -1.705303e-13 5.343281e-12 9.920904e-13 -6.650193e-12 6.723727e-10
0.000000e+00 -1.705303e-13 6.366463e-12 1.683547e-12 2.150685e-11 6.884010e-10
0.000000e+00 -1.136868e-13 7.389644e-12 2.044307e-12 4.933398e-11 6.880818e-10
0.000000e+00 -5.684342e-14 8.412826e-12 1.713611e-12 6.833293e-11 6.707843e-10
0.000000e+00 5.684342e-14 9.436008e-12 6.914569e-13 7.204647e-11 6.300499e-10
0.000000e+00 1.705303e-13 1.034550e-11 -6.914569e-13 5.543880e-11 5.644515e-10
0.000000e+00 2.273737e-13 1.102762e-11 -2.735505e-12 2.322411e-11 4.730075e-10
0.000000e+00 2.842171e-13 1.159606e-11 -4.719168e-12 -1.715831e-11 3.407799e-10
0.000000e+00 2.273737e-13 1.193712e-11 -4.688846e-12 -5.554747e-11 1.520821e-10
0.000000e+00 1.705303e-13 1.205080e-11 -3.335995e-12 -8.070099e-11 -1.117463e-10
0.000000e+00 5.684342e-14 1.170974e-11 -6.004897e-13 -8.717233e-11 -4.663213e-10
0.000000e+00 -5.684342e-14 1.068656e-11 2.796150e-12 -7.258947e-11 -9.011504e-10
0.000000e+00 -1.705303e-13 8.981260e-12 6.162468e-12 -4.034758e-11 -1.402638e-09
0.000000e+00 -1.705303e-13 6.366463e-12 1.018992e-11 -3.663188e-12 -1.952770e-09
0.000000e+00 -1.705303e-13 2.955858e-12 1.253408e-11 2.693179e-11 -2.534520e-09
0.000000e+00 -1.136868e-13 -1.250555e-12 1.148161e-11 4.492078e-11 -3.150638e-09
0.000000e+00 -5.684342e-14 -6.480150e-12 7.002687e-12 4.559853e-11 -3.799803e-09
0.000000e+00 0.000000e+00 -1.261924e-11 -1.814163e-13 3.067460e-11 -4.484283e-09
0.000000e+00 5.684342e-14 -1.989520e-11 -7.636090e-12 4.817880e-12 -5.198314e-09
0.000000e+00 5.684342e-14 -2.830802e-11 -1.340747e-11 -2.243871e-11 -5.910629e-09
0.000000e+00 0.000000e+00 -3.774403e-11 -1.479013e-11 -3.844493e-11 -6.582134e-09
0.000000e+00 -5.684342e-14 -4.808953e-11 -9.679620e-12 -3.506102e-11 -7.175436e-09
0.000000e+00 -1.136868e-13 -5.934453e-11 -1.172470e-12 -1.401580e-11 -7.643599e-09
0.000000e+00 -1.136868e-13 -7.116796e-11 6.642963e-12 1.623387e-11 -7.937334e-09
0.000000e+00 -1.136868e-13 -8.321877e-11 1.139194e-11 4.715878e-11 -8.024003e-09
0.000000e+00 -5.684342e-14 -9.526957e-11 1.208262e-11 6.890715e-11 -7.870989e-09
0.000000e+00 5.684342e-14 -1.068656e-10 8.023804e-12 7.126999e-11 -7.448344e-09
0.000000e+00 1.705303e-13 -1.175522e-10 -1.205384e-12 5.121334e-11 -6.741812e-09
0.000000e+00 2.273737e-13 -1.269882e-10 -1.350051e-11 1.522135e-11 -5.740160e-09
0.000000e+00 1.705303e-13 -1.347189e-10 -2.471285e-11 -2.112529e-11 -4.424346e-09
0.000000e+00 1.136868e-13 -1.401759e-10 -2.910080e-11 -4.663944e-11 -2.780818e-09
0.000000e+00 5.684342e-14 -1.430180e-10 -2.465039e-11 -5.992845e-11 -8.007050e-10
0.000000e+00 -5.684342e-14 -1.426770e-10 -1.478832e-11 -5.718703e-11 1.519089e-09
0.000000e+00 -1.705303e-13 -1.385843e-10 -3.933376e-12 -3.432890e-11 4.156459e-09
0.000000e+00 -2.273737e-13 -1.302851e-10 5.569232e-12 1.801551e-12 7.062741e-09
0.000000e+00 -1.705303e-13 -1.174385e-10 1.305734e-11 3.518506e-11 1.017101e-08
0.000000e+00 -1.136868e-13 -9.981704e-11 1.708712e-11 5.564583e-11 1.340169e-08
0.000000e+00 -5.684342e-14 -7.719336e-11 1.534345e-11 6.213960e-11 1.665749e-08
0.000000e+00 5.684342e-14 -4.979483e-11 8.216879e-12 5.093124e-11 1.984532e-08
0.000000e+00 1.136868e-13 -1.762146e-11 -2.368787e-12 2.407182e-11 2.286932e-08
0.000000e+00 1.705303e-13 1.887202e-11 -1.533023e-11 -1.229758e-11 2.563120e-08
0.000000e+00 1.136868e-13 5.923084e-11 -2.753906e-11 -4.663037e-11 2.804088e-08
0.000000e+00 5.684342e-14 1.030003e-10 -3.562714e-11 -6.801736e-11 2.999292e-08
0.000000e+00 -5.684342e-14 1.492708e-10 -3.625795e-11 -7.208495e-11 3.138903e-08
0.000000e+00 -1.705303e-13 1.971330e-10 -2.843967e-11 -5.381728e-11 3.214699e-08
0.000000e+00 -2.273737e-13 2.456773e-10 -1.517888e-11 -1.989984e-11 3.217740e-08
0.000000e+00 -2.273737e-13 2.937668e-10 8.176688e-13 1.921058e-11 3.139288e-08
0.000000e+00 -1.136868e-13 3.399236e-10 1.645268e-11 4.918629e-11 2.974814e-08
0.000000e+00 -5.684342e-14 3.830110e-10 2.763625e-11 6.416277e-11 2.722787e-08
0.000000e+00 5.684342e-14 4.215508e-10 3.063999e-11 6.549055e-11 2.384338e-08
0.000000e+00 1.705303e-13 4.545200e-10 2.348206e-11 4.914634e-11 1.962656e-08
0.000000e+00 2.273737e-13 4.804406e-10 8.148203e-12 1.926447e-11 1.463663e-08
0.000000e+00 2.842171e-13 4.984031e-10 -1.061236e-11 -2.018100e-11 8.964028e-09
0.000000e+00 1.705303e-13 5.072707e-10 -2.558520e-11 -5.559807e-11 2.725311e-09
0.000000e+00 1.136868e-13 5.064749e-10 -3.274106e-11 -7.772089e-11 -3.931604e-09
0.000000e+00 0.000000e+00 4.954472e-10 -3.138769e-11 -8.557210e-11 -1.084591e-08
0.000000e+00 -1.136868e-13 4.739604e-10 -2.014348e-11 -7.403915e-11 -1.783577e-08
0.000000e+00 -2.273737e-13 4.420144e-10 -1.083576e-12 -4.476695e-11 -2.469821e-08
0.000000e+00 -2.842171e-13 3.999503e-10 1.860817e-11 -3.243314e-12 -3.121254e-08
0.000000e+00 -2.273737e-13 3.484502e-10 3.078512e-11 3.583928e-11 -3.714725e-08
0.000000e+00 -1.705303e-13 2.885372e-10 3.072759e-11 5.860892e-11 -4.227563e-08
0.000000e+00 -5.684342e-14 2.215756e-10 1.674488e-11 5.828238e-11 -4.639134e-08
0.000000e+00 5.684342e-14 1.493845e-10 -7.743971e-12 3.244265e-11 -4.933084e-08
0.000000e+00 5.684342e-14 7.366907e-11 -3.320277e-11 -5.260986e-12 -5.096569e-08
0.000000e+00 5.684342e-14 -3.410605e-12 -5.186114e-11 -4.122010e-11 -5.119353e-08
-1.136868e-13 0.000000e+00 -7.980816e-11 -5.248921e-11 -7.146076e-11 -4.994332e-08
-2.273737e-13 -1.136868e-13 -1.532499e-10 -2.524054e-11 -8.676614e-11 -4.716337e-08
-2.273737e-13 -2.273737e-13 -2.213483e-10 2.128531e-11 -7.922197e-11 -4.282926e-08
-2.273737e-13 -3.410605e-13 -2.817160e-10 7.389032e-11 -4.925395e-11 -3.695262e-08
-1.136868e-13 -3.410605e-13 -3.321929e-10 1.156710e-10 -9.118827e-12 -2.957630e-08
1.136868e-13 -2.842171e-13 -3.703917e-10 1.261890e-10 2.524241e-11 -2.079037e-08
3.410605e-13 -2.273737e-13 -3.944933e-10 9.698801e-11 4.597659e-11 -1.073352e-08
4.547474e-13 -1.705303e-13 -4.026788e-10 3.581122e-11 5.068870e-11 4.147437e-10
4.547474e-13 -1.136868e-13 -3.933565e-10 -3.698601e-11 3.981120e-11 1.241202e-08
4.547474e-13 -5.684342e-14 -3.655032e-10 -1.064008e-10 1.466066e-11 2.495984e-08
3.410605e-13 -5.684342e-14 -3.185505e-10 -1.601891e-10 -1.356233e-11 3.772405e-08
1.136868e-13 -5.684342e-14 -2.523848e-10 -1.809793e-10 -3.290504e-11 5.035257e-08
-1.136868e-13 -1.136868e-13 -1.675744e-10 -1.616829e-10 -3.727724e-11 6.249975e-08
-3.410605e-13 -1.705303e-13 -6.491518e-11 -1.042699e-10 -2.155543e-11 7.381180e-08
-3.410605e-13 -2.273737e-13 5.388756e-11 -3.289833e-11 1.249431e-11 8.393662e-08
-3.410605e-13 -1.705303e-13 1.867875e-10 2.827380e-11 5.059335e-11 9.254220e-08
-3.410605e-13 -1.136868e-13 3.313971e-10 7.685693e-11 7.987498e-11 9.928231e-08
-2.273737e-13 0.000000e+00 4.846470e-10 1.046301e-10 9.252719e-11 1.038019e-07
-1.136868e-13 1.136868e-13 6.428991e-10 1.092846e-10 8.068979e-11 1.057483e-07
0.000000e+00 2.273737e-13 8.019470e-10 9.836627e-11 4.333973e-11 1.047773e-07
1.136868e-13 2.273737e-13 9.571295e-10 7.664825e-11 -1.034443e-11 1.005685e-07
2.273737e-13 1.705303e-13 1.103558e-09 4.505544e-11 -6.271190e-11 9.281662e-08
3.410605e-13 0.000000e+00 1.235662e-09 3.602142e-12 -9.503312e-11 8.124687e-08
3.410605e-13 -1.705303e-13 1.347416e-09 -3.916740e-11 -9.543703e-11 6.566289e-08
2.273737e-13 -3.410605e-13 1.432682e-09 -6.769431e-11 -6.185889e-11 4.596350e-08
1.136868e-13 -3.979039e-13 1.485205e-09 -7.889009e-11 -4.095852e-12 2.213725e-08
0.000000e+00 -3.410605e-13 1.498961e-09 -7.886635e-11 5.774482e-11 -5.739304e-09
-1.136868e-13 -1.705303e-13 1.467924e-09 -7.008095e-11 1.029454e-10 -3.749746e-08
-2.273737e-13 0.000000e+00 1.386411e-09 -5.416342e-11 1.182519e-10 -7.286056e-08
-3.410605e-13 1.705303e-13 1.249305e-09 -3.009720e-11 1.015801e-10 -1.114355e-07
-3.410605e-13 3.410605e-13 1.052172e-09 -3.353444e-12 5.260971e-11 -1.527095e-07
-3.410605e-13 3.410605e-13 7.912604e-10 2.312357e-11 -1.401525e-11 -1.960254e-07
-3.410605e-13 2.842171e-13 4.641834e-10 5.506274e-11 -7.589434e-11 -2.405797e-07
-2.273737e-13 1.136868e-13 6.957634e-11 8.562248e-11 -1.132773e-10 -2.854171e-07
-1.136868e-13 -5.684342e-14 -3.921059e-10 1.070210e-10 -1.159252e-10 -3.294329e-07
0.000000e+00 -2.273737e-13 -9.188170e-10 1.155058e-10 -8.730577e-11 -3.713929e-07
2.273737e-13 -2.842171e-13 -1.506351e-09 9.813897e-11 -4.074643e-11 -4.099575e-07
3.410605e-13 -2.842171e-13 -2.148681e-09 5.428041e-11 7.478868e-12 -4.437059e-07
4.547474e-13 -2.273737e-13 -2.837396e-09 -5.480257e-12 4.827384e-11 -4.711595e-07
4.547474e-13 -1.705303e-13 -3.562150e-09 -7.063467e-11 7.682198e-11 -4.908096e-07
3.410605e-13 -5.684342e-14 -4.309868e-09 -1.259977e-10 8.697777e-11 -5.011711e-07
1.136868e-13 5.684342e-14 -5.065658e-09 -1.548810e-10 7.334856e-11 -5.008355e-07
-1.136868e-13 1.705303e-13 -5.812353e-09 -1.487814e-10 3.763793e-11 -4.885170e-07
-3.410605e-13 1.705303e-13 -6.531195e-09 -1.093959e-10 -6.619399e-12 -4.631064e-07
-4.547474e-13 1.136868e-13 -7.201606e-09 -4.448279e-11 -4.067201e-11 -4.237347e-07
-5.684342e-13 5.684342e-14 -7.802328e-09 3.368451e-11 -5.867029e-11 -3.698202e-07
-4.547474e-13 -5.684342e-14 -8.311076e-09 1.023240e-10 -5.661101e-11 -3.011096e-07
-3.410605e-13 -1.136868e-13 -8.705683e-09 1.450997e-10 -3.452489e-11 -2.177506e-07
-1.136868e-13 -1.705303e-13 -8.964321e-09 1.559443e-10 -1.593591e-12 -1.203325e-07
1.136868e-13 -1.705303e-13 -9.066639e-09 1.293618e-10 3.238876e-11 -9.909737e-09
3.410605e-13 -1.136868e-13 -8.994107e-09 7.555593e-11 5.824295e-11 1.119839e-07
4.547474e-13 0.000000e+00 -8.730694e-09 1.095653e-11 6.575577e-11 2.433098e-07
4.547474e-13 1.136868e-13 -8.264124e-09 -4.785047e-11 4.916835e-11 3.815478e-07
3.410605e-13 1.705303e-13 -7.586095e-09 -8.385183e-11 1.212951e-11 5.237343e-07
2.273737e-13 1.136868e-13 -6.692972e-09 -9.097257e-11 -2.971846e-11 6.664971e-07
1.136868e-13 0.000000e+00 -5.586571e-09 -7.500729e-11 -5.867243e-11 8.061218e-07
0.000000e+00 -1.136868e-13 -4.274625e-09 -4.336664e-11 -6.956407e-11 9.386589e-07
-1.136868e-13 -2.273737e-13 -2.770662e-09 -3.252131e-12 -6.410321e-11 1.060020e-06
-1.136868e-13 -3.410605e-13 -1.094577e-09 2.901723e-11 -3.998937e-11 1.166083e-06
-1.136868e-13 -3.979039e-13 7.274821e-10 3.917516e-11 2.477356e-12 1.252845e-06
0.000000e+00 -3.410605e-13 2.663796e-09 2.213796e-11 4.972617e-11 1.316544e-06
0.000000e+00 -2.273737e-13 4.677077e-09 -1.528499e-11 8.647995e-11 1.353789e-06
0.000000e+00 -1.136868e-13 6.725145e-09 -5.716497e-11 1.079219e-10 1.361724e-06
-1.136868e-13 5.684342e-14 8.762186e-09 -8.511015e-11 1.109533e-10 1.338164e-06
-2.273737e-13 2.273737e-13 1.073965e-08 -8.408736e-11 9.050216e-11 1.281683e-06
-3.410605e-13 3.410605e-13 1.260730e-08 -4.872026e-11 4.932219e-11 1.191738e-06
-4.547474e-13 3.410605e-13 1.431488e-08 2.364491e-11 -2.004535e-12 1.068747e-06
-3.410605e-13 2.842171e-13 1.581350e-08 1.096460e-10 -5.094967e-11 9.141336e-07
-1.136868e-13 1.705303e-13 1.705723e-08 1.719337e-10 -8.595781e-11 7.303385e-07
1.136868e-13 5.684342e-14 1.800447e-08 1.913707e-10 -1.005945e-10 5.208138e-07
4.547474e-13 -1.136868e-13 1.861963e-08 1.567245e-10 -9.011909e-11 2.899758e-07
6.821210e-13 -2.273737e-13 1.887440e-08 7.244114e-11 -5.311220e-11 4.310851e-08
6.821210e-13 -2.273737e-13 1.874901e-08 -3.463662e-11 5.969003e-13 -2.137523e-07
5.684342e-13 -1.705303e-13 1.823321e-08 -1.386705e-10 5.469620e-11 -4.739728e-07
2.273737e-13 -5.684342e-14 1.732712e-08 -2.076997e-10 9.383869e-11 -7.305228e-07
-1.136868e-13 5.684342e-14 1.604155e-08 -2.192506e-10 1.088281e-10 -9.761898e-07
-4.547474e-13 2.273737e-13 1.439844e-08 -1.747270e-10 9.084585e-11 -1.203827e-06
-6.821210e-13 3.410605e-13 1.243006e-08 -8.435704e-11 4.085446e-11 -1.406605e-06
-6.821210e-13 3.410605e-13 1.017861e-08 2.268833e-11 -2.516826e-11 -1.578235e-06
-5.684342e-13 2.273737e-13 7.695348e-09 1.144861e-10 -8.740995e-11 -1.713198e-06
-2.273737e-13 5.684342e-14 5.039055e-09 1.610972e-10 -1.272224e-10 -1.806956e-06
0.000000e+00 -1.136868e-13 2.274533e-09 1.512483e-10 -1.310494e-10 -1.856126e-06
2.273737e-13 -2.842171e-13 -5.293259e-10 9.886781e-11 -8.962548e-11 -1.858631e-06
3.410605e-13 -3.410605e-13 -3.301352e-09 2.339753e-11 -1.006669e-11 -1.813815e-06
2.273737e-13 -2.842171e-13 -5.970719e-09 -4.017559e-11 8.613083e-11 -1.722499e-06
1.136868e-13 -1.136868e-13 -8.468874e-09 -7.151278e-11 1.700752e-10 -1.586975e-06
0.000000e+00 1.705303e-13 -1.073170e-08 -6.954117e-11 2.088566e-10 -1.410982e-06
-1.136868e-13 5.115908e-13 -1.270189e-08 -3.894480e-11 1.796660e-10 -1.199615e-06
-2.273737e-13 7.389644e-13 -1.433057e-08 1.139921e-11 8.247260e-11 -9.591553e-07
-2.273737e-13 7.389644e-13 -1.557930e-08 6.439888e-11 -5.483791e-11 -6.968619e-07
-1.136868e-13 5.684342e-13 -1.642104e-08 9.562658e-11 -1.928190e-10 -4.207211e-07
0.000000e+00 1.705303e-13 -1.684134e-08 9.626641e-11 -2.893663e-10 -1.391578e-07
1.136868e-13 -3.410605e-13 -1.683850e-08 7.205434e-11 -3.070782e-10 1.392750e-07
2.273737e-13 -7.958079e-13 -1.642354e-08 3.358851e-11 -2.350636e-10 4.061849e-07
2.273737e-13 -1.023182e-12 -1.562000e-08 -7.374131e-13 -9.367082e-11 6.536417e-07
2.273737e-13 -1.023182e-12 -1.446267e-08 -1.606097e-11 7.765899e-11 8.744469e-07
2.273737e-13 -7.958079e-13 -1.299657e-08 -1.301220e-11 2.312971e-10 1.062379e-06
2.273737e-13 -3.410605e-13 -1.127546e-08 -4.294681e-13 3.230748e-10 1.212443e-06
2.273737e-13 2.273737e-13 -9.359269e-09 1.148939e-11 3.230478e-10 1.321041e-06
2.273737e-13 6.821210e-13 -7.312337e-09 1.323645e-11 2.319486e-10 1.386058e-06
2.273737e-13 9.094947e-13 -5.201059e-09 -2.713364e-12 8.682612e-11 1.406941e-06
2.273737e-13 9.094947e-13 -3.091486e-09 -3.597232e-11 -6.177052e-11 1.384700e-06
2.273737e-13 6.821210e-13 -1.046942e-09 -8.352825e-11 -1.689236e-10 1.321845e-06
1.136868e-13 3.979039e-13 8.741381e-10 -1.318068e-10 -2.087323e-10 1.222253e-06
-1.136868e-13 5.684342e-14 2.619913e-09 -1.552811e-10 -1.788412e-10 1.091000e-06
-3.410605e-13 -1.705303e-13 4.147182e-09 -1.376315e-10 -9.962819e-11 9.341187e-07
-5.684342e-13 -2.842171e-13 5.422294e-09 -7.742873e-11 -7.486192e-12 7.583297e-07
-5.684342e-13 -2.273737e-13 6.422169e-09 5.898629e-12 5.748474e-11 5.707514e-07
-4.547474e-13 -5.684342e-14 7.134645e-09 8.269890e-11 6.159146e-11 3.785904e-07
-3.410605e-13 5.684342e-14 7.558015e-09 1.343777e-10 -2.927960e-13 1.888712e-07
-1.136868e-13 0.000000e+00 7.701260e-09 1.472754e-10 -9.888566e-11 8.156081e-09
1.136868e-13 -2.273737e-13 7.582571e-09 1.173441e-10 -1.859633e-10 -1.577094e-07
3.410605e-13 -5.684342e-13 7.228209e-09 4.905211e-11 -2.142195e-10 -3.037705e-07
3.410605e-13 -9.094947e-13 6.671257e-09 -3.485097e-11 -1.564411e-10 -4.261260e-07
2.273737e-13 -1.080025e-12 5.949914e-09 -1.000083e-10 -1.540309e-11 -5.220470e-07
1.136868e-13 -9.663381e-13 5.105221e-09 -1.284944e-10 1.726120e-10 -5.900079e-07
-1.136868e-13 -5.115908e-13 4.179810e-09 -1.046616e-10 3.443667e-10 -6.296861e-07
-2.273737e-13 1.136868e-13 3.216087e-09 -3.323550e-11 4.392563e-10 -6.419412e-07
-1.136868e-13 8.526513e-13 2.253955e-09 4.636436e-11 4.168309e-10 -6.287013e-07
0.000000e+00 1.421085e-12 1.329909e-09 1.045512e-10 2.710516e-10 -5.928102e-07
1.136868e-13 1.648459e-12 4.754384e-10 1.304177e-10 3.792440e-11 -5.378518e-07
3.410605e-13 1.534772e-12 -2.836487e-10 1.107305e-10 -2.241348e-10 -4.679446e-07
4.547474e-13 1.023182e-12 -9.283667e-10 4.378473e-11 -4.433662e-10 -3.875067e-07
4.547474e-13 2.273737e-13 -1.446210e-09 -5.310141e-11 -5.548430e-10 -3.010139e-07
2.273737e-13 -6.821210e-13 -1.831495e-09 -1.459261e-10 -5.214822e-10 -2.127995e-07
-1.136868e-13 -1.421085e-12 -2.084676e-09 -1.965570e-10 -3.453356e-10 -1.268664e-07
-4.547474e-13 -1.762146e-12 -2.212118e-09 -1.862995e-10 -7.709896e-11 -4.672269e-08
-6.821210e-13 -1.648459e-12 -2.224851e-09 -1.183371e-10 2.026043e-10 2.473710e-08
-7.958079e-13 -1.193712e-12 -2.137881e-09 -7.909547e-12 4.183612e-10 8.530765e-08
-6.821210e-13 -4.547474e-13 -1.968829e-09 1.158013e-10 5.128525e-10 1.335175e-07
-3.410605e-13 3.410605e-13 -1.737249e-09 2.150234e-10 4.588116e-10 1.686490e-07
1.136868e-13 9.094947e-13 -1.462922e-09 2.588447e-10 2.803349e-10 1.907027e-07
4.547474e-13 1.136868e-12 -1.165176e-09 2.431748e-10 4.069583e-11 2.003161e-07
7.958079e-13 1.023182e-12 -8.619736e-10 1.748272e-10 -1.883385e-10 1.986766e-07
9.094947e-13 5.684342e-13 -5.692300e-10 6.742821e-11 -3.443067e-10 1.874204e-07
9.094947e-13 0.000000e+00 -2.997922e-10 -5.320426e-11 -3.898468e-10 1.684848e-07
6.821210e-13 -5.684342e-13 -6.377832e-11 -1.564537e-10 -3.231659e-10 1.439670e-07
3.410605e-13 -9.663381e-13 1.321041e-10 -2.117441e-10 -1.735537e-10 1.160047e-07
0.000000e+00 -1.136868e-12 2.843308e-10 -2.116824e-10 8.999349e-12 8.663998e-08
-3.410605e-13 -1.023182e-12 3.921059e-10 -1.637207e-10 1.687899e-10 5.772790e-08
-5.684342e-13 -6.821210e-13 4.575895e-10 -8.485041e-11 2.581730e-10 3.085102e-08
-5.684342e-13 -2.273737e-13 4.847607e-10 -4.630615e-12 2.492771e-10 7.268722e-09
-5.684342e-13 1.136868e-13 4.794174e-10 5.924877e-11 1.489554e-10 -1.210374e-08
-4.547474e-13 2.273737e-13 4.483809e-10 9.930974e-11 -3.368466e-12 -2.671258e-08
-3.410605e-13 1.136868e-13 3.992682e-10 1.176500e-10 -1.597232e-10 -3.636999e-08
-1.136868e-13 -2.273737e-13 3.393552e-10 1.170218e-10 -2.735827e-10 -4.121428e-08
1.136868e-13 -6.821210e-13 2.755769e-10 9.496402e-11 -3.126765e-10 -4.164490e-08
2.273737e-13 -1.136868e-12 2.144134e-10 6.401881e-11 -2.708277e-10 -3.830972e-08
3.410605e-13 -1.477929e-12 1.607532e-10 3.516336e-11 -1.654262e-10 -3.203670e-08
3.410605e-13 -1.591616e-12 1.183480e-10 1.242021e-11 -3.148567e-11 -2.374014e-08
3.410605e-13 -1.534772e-12 8.958523e-11 -6.277524e-12 9.091815e-11 -1.436188e-08
3.410605e-13 -1.364242e-12 7.537437e-11 -3.144142e-11 1.680925e-10 -4.800860e-09
3.410605e-13 -1.080025e-12 7.526069e-11 -7.291634e-11 1.789601e-10 4.162377e-09
2.273737e-13 -7.958079e-13 8.787993e-11 -1.228676e-10 1.174497e-10 1.190847e-08
0.000000e+00 -6.821210e-13 1.109584e-10 -1.612660e-10 8.489272e-13 1.799728e-08
-2.273737e-13 -7.958079e-13 1.417675e-10 -1.759041e-10 -1.317682e-10 2.217088e-08
-4.547474e-13 -1.080025e-12 1.774652e-10 -1.599559e-10 -2.337988e-10 2.433039e-08
-6.821210e-13 -1.477929e-12 2.148681e-10 -1.052858e-10 -2.670911e-10 2.452682e-08
-6.821210e-13 -1.875833e-12 2.511342e-10 -2.175108e-11 -2.102904e-10 2.294158e-08
-5.684342e-13 -2.160050e-12 2.837623e-10 6.390125e-11 -5.968547e-11 1.984105e-08
-3.410605e-13 -2.103206e-12 3.107061e-10 1.274561e-10 1.613404e-10 1.554734e-08
-1.136868e-13 -1.705303e-12 3.303740e-10 1.556459e-10 4.132857e-10 1.042020e-08
1.136868e-13 -9.094947e-13 3.418563e-10 1.434244e-10 6.522410e-10 4.829267e-09
3.410605e-13 2.273737e-13 3.448122e-10 8.840640e-11 8.374411e-10 -8.764765e-10
3.410605e-13 1.591616e-12 3.392415e-10 1.302433e-11 9.462215e-10 -6.380009e-09
3.410605e-13 3.069545e-12 3.257128e-10 -5.762316e-11 9.805286e-10 -1.141428e-08
2.273737e-13 4.547474e-12 3.050218e-10 -1.089355e-10 9.645285e-10 -1.576862e-08
1.136868e-13 5.968559e-12 2.784191e-10 -1.279476e-10 9.346822e-10 -1.929726e-08
-1.136868e-13 7.389644e-12 2.471552e-10 -1.054720e-10 9.300008e-10 -2.192202e-08
-2.273737e-13 8.810730e-12 2.127081e-10 -4.330146e-11 9.803829e-10 -2.362346e-08
-2.273737e-13 1.034550e-11 1.763283e-10 3.722811e-11 1.096055e-09 -2.443383e-08
-1.136868e-13 1.210765e-11 1.394937e-10 1.086782e-10 1.258959e-09 -2.442659e-08
0.000000e+00 1.409717e-11 1.032276e-10 1.528710e-10 1.433359e-09 -2.370370e-08
2.273737e-13 1.637090e-11 6.843948e-11 1.544982e-10 1.570669e-09 -2.236911e-08
4.547474e-13 1.875833e-11 3.615241e-11 1.041561e-10 1.623706e-09 -2.054348e-08
5.684342e-13 2.120260e-11 6.821210e-12 1.574915e-11 1.558796e-09 -1.834912e-08
4.547474e-13 2.341949e-11 -1.887202e-11 -7.602802e-11 1.359221e-09 -1.591009e-08
2.273737e-13 2.523848e-11 -4.081357e-11 -1.378407e-10 1.033854e-09 -1.335423e-08
0.000000e+00 2.648903e-11 -5.888978e-11 -1.575204e-10 6.074770e-10 -1.078933e-08
-2.273737e-13 2.705747e-11 -7.310064e-11 -1.323875e-10 1.147902e-10 -8.317446e-09
-4.547474e-13 2.683009e-11 -8.378720e-11 -6.441366e-11 -4.149148e-10 -6.024939e-09
-4.547474e-13 2.580691e-11 -9.117684e-11 2.466956e-11 -9.714715e-10 -3.986592e-09
-3.410605e-13 2.387424e-11 -9.583800e-11 1.042393e-10 -1.557605e-09 -2.270507e-09
-2.273737e-13 2.108891e-11 -9.811174e-11 1.596569e-10 -2.194019e-09 -9.514824e-10
0.000000e+00 1.728040e-11 -9.879386e-11 1.800396e-10 -2.905942e-09 -1.226280e-10
2.273737e-13 1.233502e-11 -9.856649e-11 1.634007e-10 -3.705582e-09 1.119900e-10
4.547474e-13 6.139089e-12 -9.856649e-11 1.158430e-10 -4.590248e-09 -3.577379e-10
6.821210e-13 -1.421085e-12 -9.981704e-11 4.041187e-11 -5.533809e-09 -1.640475e-09
6.821210e-13 -1.045919e-11 -1.035687e-10 -4.350742e-11 -6.480727e-09 -3.840881e-09
4.547474e-13 -2.086153e-11 -1.114131e-10 -1.029232e-10 -7.361309e-09 -7.029597e-09
3.410605e-13 -3.251444e-11 -1.247145e-10 -1.286714e-10 -8.109922e-09 -1.123850e-08
1.136868e-13 -4.519052e-11 -1.450644e-10 -1.252154e-10 -8.668171e-09 -1.644814e-08
-1.136868e-13 -5.854872e-11 -1.740545e-10 -9.595675e-11 -8.996651e-09 -2.255503e-08
-2.273737e-13 -7.219114e-11 -2.128218e-10 -5.686662e-11 -9.079931e-09 -2.938980e-08
-3.410605e-13 -8.577672e-11 -2.622755e-10 -1.951371e-11 -8.920780e-09 -3.673611e-08
-3.410605e-13 -9.890755e-11 -3.230980e-10 5.948079e-12 -8.525746e-09 -4.432641e-08
-3.410605e-13 -1.112994e-10 -3.952891e-10 1.649675e-11 -7.892376e-09 -5.185198e-08
-3.410605e-13 -1.225544e-10 -4.786216e-10 2.262187e-11 -7.005627e-09 -5.896703e-08
-3.410605e-13 -1.323315e-10 -5.721859e-10 3.515899e-11 -5.838702e-09 -6.528916e-08
-3.410605e-13 -1.401190e-10 -6.743903e-10 6.336658e-11 -4.362020e-09 -7.042192e-08
-2.273737e-13 -1.454055e-10 -7.833023e-10 1.008149e-10 -2.558608e-09 -7.395843e-08
-1.136868e-13 -1.477929e-10 -8.961933e-10 1.344664e-10 -4.241033e-10 -7.548709e-08
1.136868e-13 -1.467129e-10 -1.009766e-09 1.469812e-10 2.026291e-09 -7.461895e-08
3.410605e-13 -1.417675e-10 -1.120156e-09 1.207499e-10 4.748964e-09 -7.101478e-08
5.684342e-13 -1.325020e-10 -1.222929e-09 5.344280e-11 7.670174e-09 -6.442445e-08
5.684342e-13 -1.187459e-10 -1.313424e-09 -3.593520e-11 1.069380e-08 -5.472315e-08
4.547474e-13 -1.004423e-10 -1.387093e-09 -1.188776e-10 1.372011e-08 -4.190111e-08
2.273737e-13 -7.759127e-11 -1.439162e-09 -1.739232e-10 1.664266e-08 -2.606383e-08
0.000000e+00 -5.047696e-11 -1.465310e-09 -1.857908e-10 1.935034e-08 -7.441772e-09
-2.273737e-13 -1.949729e-11 -1.461444e-09 -1.466643e-10 2.173814e-08 1.362297e-08
-4.547474e-13 1.477929e-11 -1.424382e-09 -5.997000e-11 2.370639e-08 3.670301e-08
-4.547474e-13 5.167067e-11 -1.351395e-09 4.470737e-11 2.515889e-08 6.129716e-08
-2.273737e-13 9.026735e-11 -1.240551e-09 1.218455e-10 2.600764e-08 8.681412e-08
0.000000e+00 1.296598e-10 -1.091053e-09 1.432440e-10 2.617432e-08 1.125905e-07
2.273737e-13 1.687681e-10 -9.027872e-10 1.065429e-10 2.559564e-08 1.378903e-07
3.410605e-13 2.063985e-10 -6.773462e-10 2.395467e-11 2.423465e-08 1.619277e-07
2.273737e-13 2.414708e-10 -4.171170e-10 -6.884850e-11 2.207706e-08 1.838940e-07
0.000000e+00 2.726779e-10 -1.257376e-10 -1.327660e-10 1.914527e-08 2.029619e-07
-2.273737e-13 2.988827e-10 1.917897e-10 -1.521544e-10 1.550728e-08 2.183346e-07
-4.547474e-13 3.191758e-10 5.293259e-10 -1.191818e-10 1.125049e-08 2.292968e-07
-6.821210e-13 3.326477e-10 8.797088e-10 -3.659881e-11 6.474860e-09 2.352588e-07
-5.684342e-13 3.386162e-10 1.235094e-09 6.089078e-11 1.293606e-09 2.357764e-07
-3.410605e-13 3.365130e-10 1.587068e-09 1.308555e-10 -4.170197e-09 2.305630e-07
-1.136868e-13 3.260539e-10 1.926765e-09 1.563379e-10 -9.784662e-09 2.195131e-07
1.136868e-13 3.071250e-10 2.245542e-09 1.352922e-10 -1.540559e-08 2.026873e-07
3.410605e-13 2.797833e-10 2.534762e-09 7.173882e-11 -2.087172e-08 1.803026e-07
3.410605e-13 2.444267e-10 2.786351e-09 -7.842209e-12 -2.600898e-08 1.527336e-07
2.273737e-13 2.017373e-10 2.992920e-09 -6.801113e-11 -3.063562e-08 1.205066e-07
1.136868e-13 1.525677e-10 3.147875e-09 -9.006163e-11 -3.456566e-08 8.431421e-08
0.000000e+00 9.805490e-11 3.245759e-09 -7.542982e-11 -3.761533e-08 4.501883e-08
-1.136868e-13 3.967671e-11 3.282821e-09 -3.429717e-11 -3.962259e-08 3.613656e-09
-1.136868e-13 -2.086153e-11 3.256673e-09 1.497585e-11 -4.047117e-08 -3.880857e-08
-1.136868e-13 -8.174084e-11 3.166519e-09 5.166082e-11 -4.009750e-08 -8.107010e-08
0.000000e+00 -1.411422e-10 3.013497e-09 6.185984e-11 -3.849340e-08 -1.219622e-07
1.136868e-13 -1.972467e-10 2.800675e-09 3.670193e-11 -3.570198e-08 -1.603190e-07
1.136868e-13 -2.482921e-10 2.532602e-09 -9.178532e-12 -3.181478e-08 -1.950648e-07
1.136868e-13 -2.927436e-10 2.215415e-09 -5.945571e-11 -2.697016e-08 -2.252484e-07
0.000000e+00 -3.292371e-10 1.856733e-09 -9.243949e-11 -2.133743e-08 -2.500913e-07
-1.136868e-13 -3.567493e-10 1.465082e-09 -8.874037e-11 -1.510531e-08 -2.690094e-07
-2.273737e-13 -3.745413e-10 1.049784e-09 -4.629208e-11 -8.473653e-09 -2.816103e-07
-3.410605e-13 -3.822151e-10 6.202754e-10 3.425956e-11 -1.643747e-09 -2.876696e-07
-2.273737e-13 -3.794867e-10 1.866738e-10 1.246924e-10 5.171500e-09 -2.871488e-07
1.136868e-13 -3.666969e-10 -2.412435e-10 1.797957e-10 1.175382e-08 -2.802128e-07
3.410605e-13 -3.442437e-10 -6.540404e-10 1.822164e-10 1.789214e-08 -2.672227e-07
5.684342e-13 -3.130367e-10 -1.042963e-09 1.343177e-10 2.338515e-08 -2.487501e-07
7.958079e-13 -2.740990e-10 -1.400281e-09 3.916804e-11 2.804785e-08 -2.255563e-07
7.958079e-13 -2.289084e-10 -1.719627e-09 -8.083076e-11 3.172795e-08 -1.985592e-07
5.684342e-13 -1.789431e-10 -1.996000e-09 -1.879520e-10 3.431323e-08 -1.688057e-07
2.273737e-13 -1.259650e-10 -2.225988e-09 -2.542440e-10 3.573301e-08 -1.374294e-07
-1.136868e-13 -7.173639e-11 -2.408228e-09 -2.684608e-10 3.596931e-08 -1.055640e-07
-5.684342e-13 -1.807621e-11 -2.542720e-09 -2.238782e-10 3.505037e-08 -7.428342e-08
-7.958079e-13 3.336709e-11 -2.631054e-09 -1.334331e-10 3.304380e-08 -4.458042e-08
-9.094947e-13 8.105872e-11 -2.676416e-09 -2.365425e-11 3.005328e-08 -1.731360e-08
-7.958079e-13 1.235207e-10 -2.682896e-09 8.262344e-11 2.622427e-08 6.818959e-09
-5.684342e-13 1.596732e-10 -2.655838e-09 1.664524e-10 2.173462e-08 2.728913e-08
-3.410605e-13 1.887202e-10 -2.601041e-09 2.279329e-10 1.678427e-08 4.374780e-08
0.000000e+00 2.100364e-10 -2.524644e-09 2.666764e-10 1.159315e-08 5.601665e-08
4.547474e-13 2.235083e-10 -2.433012e-09 2.670721e-10 6.381542e-09 6.409693e-08
9.094947e-13 2.291927e-10 -2.332285e-09 2.154550e-10 1.355919e-09 6.816963e-08
1.136868e-12 2.276010e-10 -2.228489e-09 1.189731e-10 -3.305890e-09 6.860170e-08
1.250555e-12 2.193019e-10 -2.126512e-09 -1.076845e-11 -7.468227e-09 6.592575e-08
1.136868e-12 2.052047e-10 -2.030674e-09 -1.619447e-10 -1.103789e-08 6.080902e-08
7.958079e-13 1.862190e-10 -1.944159e-09 -3.090573e-10 -1.396013e-08 5.404962e-08
2.273737e-13 1.633680e-10 -1.868671e-09 -4.201744e-10 -1.620883e-08 4.652351e-08
-5.684342e-13 1.376179e-10 -1.804665e-09 -4.541406e-10 -1.777784e-08 3.911560e-08
-1.250555e-12 1.100489e-10 -1.751346e-09 -3.902241e-10 -1.867429e-08 3.268125e-08
-1.705303e-12 8.162715e-11 -1.706667e-09 -2.416870e-10 -1.891146e-08 2.801734e-08
-1.932676e-12 5.331913e-11 -1.667331e-09 -3.026383e-11 -1.850739e-08 2.581923e-08
-1.705303e-12 2.609113e-11 -1.629132e-09 1.994987e-10 -1.749682e-08 2.664553e-08
-1.250555e-12 7.958079e-13 -1.587296e-09 3.962896e-10 -1.593754e-08 3.091214e-08
-5.684342e-13 -2.177103e-11 -1.536364e-09 5.206903e-10 -1.392173e-08 3.888408e-08
3.410605e-13 -4.098410e-11 -1.470653e-09 5.356472e-10 -1.158360e-08 5.065678e-08
1.136868e-12 -5.655920e-11 -1.384478e-09 4.299517e-10 -9.078929e-09 6.615341e-08
1.705303e-12 -6.826895e-11 -1.272269e-09 2.267495e-10 -6.575929e-09 8.511761e-08
1.818989e-12 -7.634071e-11 -1.129138e-09 -1.891469e-11 -4.238739e-09 1.071177e-07
1.591616e-12 -8.105872e-11 -9.509904e-10 -2.438615e-10 -2.201415e-09 1.315748e-07
1.136868e-12 -8.293455e-11 -7.345307e-10 -4.049054e-10 -5.598241e-10 1.577764e-07
4.547474e-13 -8.270717e-11 -4.777121e-10 -4.691220e-10 6.536910e-10 1.848928e-07
-2.273737e-13 -8.100187e-11 -1.798526e-10 -4.256262e-10 1.472840e-09 2.120144e-07
-7.958079e-13 -7.833023e-11 1.582521e-10 -2.950800e-10 1.967343e-09 2.381846e-07
-1.136868e-12 -7.509016e-11 5.346692e-10 -1.159495e-10 2.219795e-09 2.624070e-07
-1.250555e-12 -7.162271e-11 9.455334e-10 6.928295e-11 2.312795e-09 2.836841e-07
-1.023182e-12 -6.815526e-11 1.385729e-09 2.194854e-10 2.318643e-09 3.010590e-07
