0.000000e+00 0.000000e+00 0.000000e+00 0.000000e+00 0.000000e+00 0.000000e+00
0.000000e+00 0.000000e+00 0.000000e+00 0.000000e+00 0.000000e+00 0.000000e+00
0.000000e+00 0.000000e+00 0.000000e+00 0.000000e+00 0.000000e+00 0.000000e+00
0.000000e+00 0.000000e+00 0.000000e+00 0.000000e+00 0.000000e+00 0.000000e+00
0.000000e+00 0.000000e+00 0.000000e+00 0.000000e+00 0.000000e+00 0.000000e+00
0.000000e+00 0.000000e+00 0.000000e+00 0.000000e+00 0.000000e+00 0.000000e+00
0.000000e+00 0.000000e+00 0.000000e+00 0.000000e+00 0.000000e+00 0.000000e+00
0.000000e+00 0.000000e+00 0.000000e+00 0.000000e+00 0.000000e+00 0.000000e+00
0.000000e+00 0.000000e+00 0.000000e+00 0.000000e+00 0.000000e+00 0.000000e+00
0.000000e+00 0.000000e+00 0.000000e+00 0.000000e+00 0.000000e+00 0.000000e+00
0.000000e+00 0.000000e+00 0.000000e+00 0.000000e+00 0.000000e+00 0.000000e+00
0.000000e+00 0.000000e+00 0.000000e+00 0.000000e+00 0.000000e+00 0.000000e+00
0.000000e+00 0.000000e+00 0.000000e+00 0.000000e+00 0.000000e+00 0.000000e+00
0.000000e+00 0.000000e+00 0.000000e+00 0.000000e+00 0.000000e+00 0.000000e+00
0.000000e+00 0.000000e+00 0.000000e+00 0.000000e+00 0.000000e+00 0.000000e+00
0.000000e+00 0.000000e+00 0.000000e+00 0.000000e+00 0.000000e+00 0.000000e+00
0.000000e+00 0.000000e+00 0.000000e+00 0.000000e+00 0.000000e+00 0.000000e+00
0.000000e+00 0.000000e+00 0.000000e+00 0.000000e+00 0.000000e+00 0.000000e+00
0.000000e+00 0.000000e+00 0.000000e+00 0.000000e+00 0.000000e+00 0.000000e+00
0.000000e+00 0.000000e+00 0.000000e+00 0.000000e+00 0.000000e+00 0.000000e+00
0.000000e+00 0.000000e+00 0.000000e+00 0.000000e+00 0.000000e+00 0.000000e+00
0.000000e+00 0.000000e+00 0.000000e+00 0.000000e+00 0.000000e+00 0.000000e+00
0.000000e+00 0.000000e+00 0.000000e+00 0.000000e+00 0.000000e+00 0.000000e+00
0.000000e+00 0.000000e+00 0.000000e+00 0.000000e+00 0.000000e+00 0.000000e+00
0.000000e+00 0.000000e+00 0.000000e+00 0.000000e+00 0.000000e+00 0.000000e+00
0.000000e+00 0.000000e+00 0.000000e+00 0.000000e+00 0.000000e+00 0.000000e+00
0.000000e+00 0.000000e+00 0.000000e+00 0.000000e+00 0.000000e+00 0.000000e+00
0.000000e+00 0.000000e+00 0.000000e+00 0.000000e+00 0.000000e+00 0.000000e+00
0.000000e+00 0.000000e+00 0.000000e+00 0.000000e+00 0.000000e+00 0.000000e+00
0.000000e+00 0.000000e+00 0.000000e+00 0.000000e+00 0.000000e+00 0.000000e+00
0.000000e+00 0.000000e+00 0.000000e+00 0.000000e+00 0.000000e+00 0.000000e+00
0.000000e+00 0.000000e+00 0.000000e+00 0.000000e+00 0.000000e+00 0.000000e+00
0.000000e+00 0.000000e+00 0.000000e+00 0.000000e+00 0.000000e+00 0.000000e+00
0.000000e+00 0.000000e+00 0.000000e+00 0.000000e+00 0.000000e+00 0.000000e+00
0.000000e+00 0.000000e+00 0.000000e+00 0.000000e+00 0.000000e+00 0.000000e+00
0.000000e+00 0.000000e+00 0.000000e+00 0.000000e+00 0.000000e+00 0.000000e+00
0.000000e+00 0.000000e+00 0.000000e+00 0.000000e+00 0.000000e+00 0.000000e+00
0.000000e+00 0.000000e+00 0.000000e+00 0.000000e+00 0.000000e+00 0.000000e+00
0.000000e+00 0.000000e+00 0.000000e+00 0.000000e+00 0.000000e+00 0.000000e+00
0.000000e+00 0.000000e+00 0.000000e+00 0.000000e+00 0.000000e+00 0.000000e+00
0.000000e+00 0.000000e+00 0.000000e+00 0.000000e+00 0.000000e+00 0.000000e+00
0.000000e+00 0.000000e+00 0.000000e+00 0.000000e+00 0.000000e+00 0.000000e+00
0.000000e+00 0.000000e+00 0.000000e+00 0.000000e+00 0.000000e+00 0.000000e+00
0.000000e+00 0.000000e+00 0.000000e+00 0.000000e+00 0.000000e+00 0.000000e+00
0.000000e+00 0.000000e+00 0.000000e+00 0.000000e+00 0.000000e+00 0.000000e+00
0.000000e+00 0.000000e+00 0.000000e+00 0.000000e+00 0.000000e+00 0.000000e+00
0.000000e+00 0.000000e+00 0.000000e+00 0.000000e+00 0.000000e+00 0.000000e+00
0.000000e+00 0.000000e+00 0.000000e+00 0.000000e+00 0.000000e+00 0.000000e+00
0.000000e+00 0.000000e+00 0.000000e+00 0.000000e+00 0.000000e+00 0.000000e+00
0.000000e+00 0.000000e+00 0.000000e+00 0.000000e+00 0.000000e+00 0.000000e+00
0.000000e+00 0.000000e+00 0.000000e+00 0.000000e+00 0.000000e+00 0.000000e+00
0.000000e+00 0.000000e+00 0.000000e+00 0.000000e+00 0.000000e+00 0.000000e+00
0.000000e+00 0.000000e+00 0.000000e+00 0.000000e+00 0.000000e+00 0.000000e+00
0.000000e+00 0.000000e+00 0.000000e+00 0.000000e+00 0.000000e+00 0.000000e+00
0.000000e+00 0.000000e+00 0.000000e+00 0.000000e+00 0.000000e+00 0.000000e+00
0.000000e+00 0.000000e+00 0.000000e+00 0.000000e+00 0.000000e+00 0.000000e+00
0.000000e+00 0.000000e+00 0.000000e+00 0.000000e+00 0.000000e+00 0.000000e+00
0.000000e+00 0.000000e+00 0.000000e+00 0.000000e+00 0.000000e+00 0.000000e+00
0.000000e+00 0.000000e+00 0.000000e+00 0.000000e+00 0.000000e+00 0.000000e+00
0.000000e+00 0.000000e+00 0.000000e+00 0.000000e+00 0.000000e+00 0.000000e+00
0.000000e+00 0.000000e+00 0.000000e+00 0.000000e+00 0.000000e+00 0.000000e+00
0.000000e+00 0.000000e+00 0.000000e+00 0.000000e+00 0.000000e+00 0.000000e+00
0.000000e+00 0.000000e+00 0.000000e+00 0.000000e+00 0.000000e+00 0.000000e+00
0.000000e+00 0.000000e+00 0.000000e+00 0.000000e+00 0.000000e+00 0.000000e+00
0.000000e+00 0.000000e+00 0.000000e+00 0.000000e+00 0.000000e+00 0.000000e+00
0.000000e+00 0.000000e+00 0.000000e+00 0.000000e+00 0.000000e+00 0.000000e+00
0.000000e+00 0.000000e+00 0.000000e+00 0.000000e+00 0.000000e+00 0.000000e+00
0.000000e+00 0.000000e+00 0.000000e+00 0.000000e+00 0.000000e+00 0.000000e+00
0.000000e+00 0.000000e+00 0.000000e+00 0.000000e+00 0.000000e+00 0.000000e+00
0.000000e+00 0.000000e+00 0.000000e+00 0.000000e+00 0.000000e+00 0.000000e+00
0.000000e+00 0.000000e+00 0.000000e+00 0.000000e+00 0.000000e+00 0.000000e+00
0.000000e+00 0.000000e+00 0.000000e+00 0.000000e+00 0.000000e+00 0.000000e+00
0.000000e+00 0.000000e+00 0.000000e+00 0.000000e+00 0.000000e+00 0.000000e+00
0.000000e+00 0.000000e+00 0.000000e+00 0.000000e+00 0.000000e+00 0.000000e+00
0.000000e+00 0.000000e+00 0.000000e+00 0.000000e+00 0.000000e+00 0.000000e+00
0.000000e+00 0.000000e+00 0.000000e+00 0.000000e+00 0.000000e+00 0.000000e+00
0.000000e+00 0.000000e+00 0.000000e+00 0.000000e+00 0.000000e+00 0.000000e+00
0.000000e+00 0.000000e+00 0.000000e+00 0.000000e+00 0.000000e+00 0.000000e+00
0.000000e+00 0.000000e+00 0.000000e+00 0.000000e+00 0.000000e+00 0.000000e+00
0.000000e+00 0.000000e+00 0.000000e+00 0.000000e+00 0.000000e+00 0.000000e+00
0.000000e+00 0.000000e+00 0.000000e+00 0.000000e+00 0.000000e+00 0.000000e+00
0.000000e+00 0.000000e+00 0.000000e+00 0.000000e+00 0.000000e+00 0.000000e+00
0.000000e+00 0.000000e+00 0.000000e+00 0.000000e+00 0.000000e+00 -1.442522e-12
0.000000e+00 0.000000e+00 0.000000e+00 0.000000e+00 0.000000e+00 -6.329833e-12
0.000000e+00 0.000000e+00 0.000000e+00 0.000000e+00 0.000000e+00 -1.522168e-11
0.000000e+00 0.000000e+00 0.000000e+00 0.000000e+00 0.000000e+00 -2.479351e-11
0.000000e+00 0.000000e+00 -5.684342e-14 0.000000e+00 0.000000e+00 -2.479351e-11
0.000000e+00 0.000000e+00 -1.136868e-13 -7.940934e-29 -7.940934e-29 -6.412362e-12
0.000000e+00 0.000000e+00 -1.136868e-13 -2.382280e-28 -2.382280e-28 3.235273e-11
0.000000e+00 0.000000e+00 0.000000e+00 -3.176374e-28 -3.176374e-28 8.537522e-11
0.000000e+00 0.000000e+00 1.705303e-13 1.588187e-28 1.588187e-28 1.430828e-10
0.000000e+00 0.000000e+00 4.547474e-13 6.352747e-28 6.352747e-28 1.994691e-10
0.000000e+00 0.000000e+00 7.958079e-13 1.905824e-27 1.905824e-27 2.470843e-10
0.000000e+00 0.000000e+00 1.250555e-12 4.446923e-27 4.446923e-27 2.783589e-10
0.000000e+00 0.000000e+00 1.648459e-12 6.988022e-27 6.988022e-27 2.952941e-10
0.000000e+00 0.000000e+00 2.103206e-12 8.258571e-27 8.258571e-27 3.040148e-10
0.000000e+00 0.000000e+00 2.557954e-12 8.258571e-27 8.258571e-27 3.107302e-10
0.000000e+00 0.000000e+00 3.012701e-12 6.988022e-27 6.988022e-27 3.228885e-10
0.000000e+00 0.000000e+00 3.524292e-12 5.717472e-27 5.717472e-27 3.431368e-10
0.000000e+00 0.000000e+00 4.035883e-12 4.446923e-27 4.446923e-27 3.743612e-10
0.000000e+00 0.000000e+00 4.661160e-12 4.446923e-27 1.905824e-27 4.042246e-10
0.000000e+00 0.000000e+00 5.286438e-12 5.820650e-27 7.384526e-28 4.130256e-10
0.000000e+00 0.000000e+00 5.911716e-12 6.128323e-27 -1.494974e-27 3.825421e-10
0.000000e+00 0.000000e+00 6.423306e-12 6.642390e-27 -4.792555e-27 2.874209e-10
0.000000e+00 0.000000e+00 6.764367e-12 7.267118e-27 -5.438376e-27 9.982960e-11
0.000000e+00 0.000000e+00 6.764367e-12 9.190002e-27 -9.743929e-28 -2.034160e-10
0.000000e+00 0.000000e+00 6.195933e-12 9.199308e-27 1.576012e-27 -6.223090e-10
0.000000e+00 0.000000e+00 4.945377e-12 8.062297e-27 4.390003e-28 -1.142539e-09
0.000000e+00 0.000000e+00 2.842171e-12 1.924909e-26 1.162579e-26 -1.751808e-09
0.000000e+00 0.000000e+00 -2.842171e-13 2.049792e-26 1.287463e-26 -2.433781e-09
0.000000e+00 0.000000e+00 -4.433787e-12 1.214474e-26 4.521447e-27 -3.172872e-09
0.000000e+00 0.000000e+00 -9.777068e-12 -1.587714e-26 -2.350043e-26 -3.963552e-09
0.000000e+00 0.000000e+00 -1.637090e-11 -8.408542e-26 -9.170871e-26 -4.807349e-09
0.000000e+00 0.000000e+00 -2.427214e-11 -1.176059e-25 -1.252292e-25 -5.720530e-09
0.000000e+00 0.000000e+00 -3.359446e-11 -8.822928e-26 -9.585258e-26 -6.716680e-09
0.000000e+00 0.000000e+00 -4.445155e-11 -2.283709e-26 -3.046038e-26 -7.784305e-09
0.000000e+00 0.000000e+00 -5.690026e-11 5.704840e-26 4.942510e-26 -8.881749e-09
0.000000e+00 0.000000e+00 -7.099743e-11 1.094648e-25 1.018415e-25 -9.930196e-09
0.000000e+00 0.000000e+00 -8.662937e-11 1.533961e-25 1.457728e-25 -1.082168e-08
0.000000e+00 0.000000e+00 -1.034550e-10 1.469708e-25 1.393475e-25 -1.143370e-08
0.000000e+00 0.000000e+00 -1.209628e-10 8.939157e-26 8.176828e-26 -1.164115e-08
0.000000e+00 0.000000e+00 -1.384137e-10 7.618853e-26 6.856523e-26 -1.132491e-08
0.000000e+00 0.000000e+00 -1.549552e-10 1.105182e-25 1.028949e-25 -1.038442e-08
0.000000e+00 0.000000e+00 -1.695639e-10 1.973039e-25 1.896806e-25 -8.735448e-09
0.000000e+00 0.000000e+00 -1.811600e-10 2.747801e-25 2.671568e-25 -6.294276e-09
0.000000e+00 0.000000e+00 -1.884359e-10 3.306968e-13 3.306968e-13 -2.980052e-09
0.000000e+00 0.000000e+00 -1.900844e-10 6.613936e-13 6.613936e-13 1.287550e-09
0.000000e+00 0.000000e+00 -1.845706e-10 6.613936e-13 6.613936e-13 6.590823e-09
0.000000e+00 0.000000e+00 -1.703029e-10 2.704924e-12 2.704924e-12 1.299570e-08
0.000000e+00 0.000000e+00 -1.455760e-10 7.453119e-12 7.453119e-12 2.052936e-08
0.000000e+00 0.000000e+00 -1.086846e-10 1.289251e-11 1.289251e-11 2.917477e-08
0.000000e+00 0.000000e+00 -5.803713e-11 1.700964e-11 1.700964e-11 3.885036e-08
0.000000e+00 0.000000e+00 7.844392e-12 1.908323e-11 1.908323e-11 4.938823e-08
0.000000e+00 0.000000e+00 9.009682e-11 1.806108e-11 1.806108e-11 6.053342e-08
0.000000e+00 0.000000e+00 1.894023e-10 1.229021e-11 1.229021e-11 7.195118e-08
0.000000e+00 0.000000e+00 3.059313e-10 3.844740e-12 3.844740e-12 8.322608e-08
0.000000e+00 0.000000e+00 4.390586e-10 -2.879715e-12 -2.879715e-12 9.387683e-08
0.000000e+00 0.000000e+00 5.875336e-10 -6.259997e-12 -6.259997e-12 1.033756e-07
0.000000e+00 0.000000e+00 7.491963e-10 -5.612308e-12 -5.612308e-12 1.111526e-07
0.000000e+00 0.000000e+00 9.209771e-10 1.448544e-13 1.448544e-13 1.166068e-07
0.000000e+00 0.000000e+00 1.099011e-09 7.937886e-12 7.937886e-12 1.191125e-07
0.000000e+00 0.000000e+00 1.278352e-09 1.234902e-11 1.234902e-11 1.180355e-07
0.000000e+00 0.000000e+00 1.453145e-09 1.200300e-11 1.200300e-11 1.127622e-07
0.000000e+00 0.000000e+00 1.616684e-09 7.230266e-12 7.230266e-12 1.027242e-07
0.000000e+00 0.000000e+00 1.761350e-09 -1.285126e-12 -1.285126e-12 8.743193e-08
0.000000e+00 0.000000e+00 1.878959e-09 -1.149121e-11 -1.149121e-11 6.653166e-08
0.000000e+00 0.000000e+00 1.960927e-09 -2.132861e-11 -2.132861e-11 3.983914e-08
0.000000e+00 0.000000e+00 1.998444e-09 -2.576247e-11 -2.576247e-11 7.371402e-09
0.000000e+00 0.000000e+00 1.983040e-09 -2.102746e-11 -2.102746e-11 -3.062340e-08
0.000000e+00 0.000000e+00 1.906585e-09 -1.085806e-11 -1.085806e-11 -7.364683e-08
0.000000e+00 0.000000e+00 1.762089e-09 2.032353e-12 2.032353e-12 -1.209434e-07
0.000000e+00 0.000000e+00 1.543810e-09 1.601219e-11 1.601219e-11 -1.714999e-07
0.000000e+00 0.000000e+00 1.247599e-09 2.459563e-11 2.459563e-11 -2.240440e-07
0.000000e+00 0.000000e+00 8.716370e-10 2.600101e-11 2.600101e-11 -2.770805e-07
0.000000e+00 0.000000e+00 4.163212e-10 2.293326e-11 2.293326e-11 -3.289133e-07
0.000000e+00 0.000000e+00 -1.151079e-10 1.307112e-11 1.307112e-11 -3.776780e-07
0.000000e+00 0.000000e+00 -7.166818e-10 -4.275816e-12 -4.275816e-12 -4.213919e-07
0.000000e+00 0.000000e+00 -1.379306e-09 -2.470272e-11 -2.470272e-11 -4.580046e-07
0.000000e+00 0.000000e+00 -2.090701e-09 -4.171585e-11 -4.171585e-11 -4.854847e-07
-1.136868e-13 -1.136868e-13 -2.835748e-09 -4.209297e-11 -4.209297e-11 -5.019082e-07
-2.273737e-13 -2.273737e-13 -3.596426e-09 -1.767729e-11 -1.767729e-11 -5.055532e-07
-2.273737e-13 -2.273737e-13 -4.352444e-09 2.105213e-11 2.105213e-11 -4.949904e-07
-2.273737e-13 -2.273737e-13 -5.081461e-09 6.015151e-11 6.015151e-11 -4.691758e-07
-1.136868e-13 -1.136868e-13 -5.760000e-09 8.531662e-11 8.531662e-11 -4.275383e-07
0.000000e+00 0.000000e+00 -6.364075e-09 8.462430e-11 8.462430e-11 -3.700296e-07
1.136868e-13 1.136868e-13 -6.870039e-09 5.402997e-11 5.402997e-11 -2.971596e-07
2.273737e-13 2.273737e-13 -7.255551e-09 -4.760172e-12 -4.760172e-12 -2.100041e-07
2.273737e-13 2.273737e-13 -7.500091e-09 -7.136348e-11 -7.136348e-11 -1.102148e-07
1.136868e-13 1.136868e-13 -7.586152e-09 -1.199832e-10 -1.199832e-10 -7.692155e-12
-1.136868e-13 -1.136868e-13 -7.500034e-09 -1.298415e-10 -1.298415e-10 1.178931e-07
-3.410605e-13 -3.410605e-13 -7.232416e-09 -9.276527e-11 -9.276527e-11 2.403107e-07
-4.547474e-13 -4.547474e-13 -6.779089e-09 -2.211073e-11 -2.211073e-11 3.637016e-07
-3.410605e-13 -3.410605e-13 -6.141363e-09 5.395450e-11 5.395450e-11 4.842612e-07
-2.273737e-13 -2.273737e-13 -5.326342e-09 1.106938e-10 1.106938e-10 5.980328e-07
-1.136868e-13 -1.136868e-13 -4.347271e-09 1.433199e-10 1.433199e-10 7.010627e-07
1.136868e-13 1.136868e-13 -3.223136e-09 1.419468e-10 1.419468e-10 7.895666e-07
3.410605e-13 3.410605e-13 -1.978549e-09 9.637397e-11 9.637397e-11 8.600992e-07
4.547474e-13 4.547474e-13 -6.428422e-10 2.121278e-11 2.121278e-11 9.097076e-07
3.410605e-13 3.410605e-13 7.506173e-10 -5.359005e-11 -5.359005e-11 9.360582e-07
2.273737e-13 2.273737e-13 2.165393e-09 -1.062965e-10 -1.062965e-10 9.375624e-07
1.136868e-13 1.136868e-13 3.563343e-09 -1.307592e-10 -1.307592e-10 9.134571e-07
-1.136868e-13 -1.136868e-13 4.905814e-09 -1.181430e-10 -1.181430e-10 8.638429e-07
-3.410605e-13 -3.410605e-13 6.154892e-09 -6.072555e-11 -6.072555e-11 7.897043e-07
-3.410605e-13 -3.410605e-13 7.274934e-09 2.355705e-11 2.355705e-11 6.928832e-07
-2.273737e-13 -2.273737e-13 8.233542e-09 9.971455e-11 9.971455e-11 5.760343e-07
-1.136868e-13 -1.136868e-13 9.003031e-09 1.486649e-10 1.486649e-10 4.425464e-07
1.136868e-13 1.136868e-13 9.561177e-09 1.561495e-10 1.561495e-10 2.964289e-07
3.410605e-13 3.410605e-13 9.892290e-09 1.129654e-10 1.129654e-10 1.421778e-07
4.547474e-13 4.547474e-13 9.987730e-09 3.204704e-11 3.204704e-11 -1.538499e-08
3.410605e-13 3.410605e-13 9.846190e-09 -5.365301e-11 -5.365301e-11 -1.712836e-07
1.136868e-13 1.136868e-13 9.473922e-09 -1.046750e-10 -1.046750e-10 -3.205812e-07
0.000000e+00 0.000000e+00 8.884456e-09 -1.080946e-10 -1.080946e-10 -4.585762e-07
-1.136868e-13 -1.136868e-13 8.098198e-09 -7.007475e-11 -7.007475e-11 -5.809825e-07
-2.273737e-13 -2.273737e-13 7.141523e-09 5.996714e-12 5.996714e-12 -6.840957e-07
-1.136868e-13 -1.136868e-13 6.045923e-09 9.228901e-11 9.228901e-11 -7.649241e-07
1.136868e-13 1.136868e-13 4.846754e-09 1.487193e-10 1.487193e-10 -8.212768e-07
3.410605e-13 3.410605e-13 3.582102e-09 1.572037e-10 1.572037e-10 -8.518352e-07
5.684342e-13 5.684342e-13 2.291301e-09 1.099357e-10 1.099357e-10 -8.561852e-07
5.684342e-13 5.684342e-13 1.013575e-09 2.632386e-11 2.632386e-11 -8.348051e-07
4.547474e-13 4.547474e-13 -2.131060e-10 -5.932823e-11 -5.932823e-11 -7.890454e-07
2.273737e-13 2.273737e-13 -1.353555e-09 -1.232547e-10 -1.232547e-10 -7.210687e-07
0.000000e+00 0.000000e+00 -2.376339e-09 -1.463811e-10 -1.463811e-10 -6.337568e-07
-2.273737e-13 -2.273737e-13 -3.254854e-09 -1.246277e-10 -1.246277e-10 -5.305901e-07
-4.547474e-13 -4.547474e-13 -3.968125e-09 -6.104633e-11 -6.104633e-11 -4.154990e-07
-4.547474e-13 -4.547474e-13 -4.501317e-09 2.736000e-11 2.736000e-11 -2.927060e-07
-3.410605e-13 -3.410605e-13 -4.846186e-09 1.116530e-10 1.116530e-10 -1.665389e-07
-1.136868e-13 -1.136868e-13 -5.000913e-09 1.687583e-10 1.687583e-10 -4.124484e-08
1.136868e-13 1.136868e-13 -4.969877e-09 1.823451e-10 1.823451e-10 7.915077e-08
3.410605e-13 3.410605e-13 -4.763422e-09 1.486348e-10 1.486348e-10 1.909904e-07
5.684342e-13 5.684342e-13 -4.396895e-09 7.113018e-11 7.113018e-11 2.910987e-07
5.684342e-13 5.684342e-13 -3.890079e-09 -2.912241e-11 -2.912241e-11 3.768443e-07
4.547474e-13 4.547474e-13 -3.266337e-09 -1.205544e-10 -1.205544e-10 4.462048e-07
1.136868e-13 1.136868e-13 -2.551474e-09 -1.708755e-10 -1.708755e-10 4.977987e-07
-1.136868e-13 -1.136868e-13 -1.772946e-09 -1.719679e-10 -1.719679e-10 5.308873e-07
-3.410605e-13 -3.410605e-13 -9.588348e-10 -1.383827e-10 -1.383827e-10 5.453729e-07
-5.684342e-13 -5.684342e-13 -1.368790e-10 -7.142084e-11 -7.142084e-11 5.417700e-07
-5.684342e-13 -5.684342e-13 6.664322e-10 4.727974e-12 4.728233e-12 5.211576e-07
-5.684342e-13 -5.684342e-13 1.426542e-09 6.587608e-11 6.587608e-11 4.851153e-07
-4.547474e-13 -4.547474e-13 2.121737e-09 1.038991e-10 1.038973e-10 4.356380e-07
-3.410605e-13 -3.410605e-13 2.733486e-09 1.099493e-10 1.099449e-10 3.750291e-07
-2.273737e-13 -2.273737e-13 3.246839e-09 8.915912e-11 9.020409e-11 3.058000e-07
-1.136868e-13 -1.136868e-13 3.650882e-09 5.072855e-11 5.315410e-11 2.305601e-07
0.000000e+00 0.000000e+00 3.938510e-09 4.149738e-12 6.904685e-12 1.519038e-07
0.000000e+00 0.000000e+00 4.106539e-09 -3.867787e-11 -3.589286e-11 7.232578e-08
-1.136868e-13 0.000000e+00 4.155481e-09 -5.938183e-11 -6.505269e-11 -5.850922e-09
-2.273737e-13 -1.136868e-13 4.089031e-09 -5.015898e-11 -6.975920e-11 -8.051561e-08
-3.410605e-13 -2.273737e-13 3.913954e-09 -1.787169e-11 -4.863595e-11 -1.498002e-07
-3.410605e-13 -3.410605e-13 3.639627e-09 1.916894e-11 -1.253639e-11 -2.121073e-07
-3.410605e-13 -3.410605e-13 3.277648e-09 4.465732e-11 2.118168e-11 -2.661400e-07
-2.273737e-13 -3.410605e-13 2.841205e-09 4.836886e-11 4.024756e-11 -3.109120e-07
-1.136868e-13 -2.273737e-13 2.344905e-09 2.016940e-11 3.619563e-11 -3.457564e-07
-1.136868e-13 -2.273737e-13 1.803926e-09 -2.669134e-11 1.105547e-11 -3.703370e-07
-1.136868e-13 -2.273737e-13 1.233843e-09 -7.390405e-11 -1.989158e-11 -3.846334e-07
-2.273737e-13 -2.273737e-13 6.500045e-10 -1.049097e-10 -4.980505e-11 -3.889208e-07
-3.410605e-13 -3.410605e-13 6.707523e-11 -1.036214e-10 -6.307060e-11 -3.837239e-07
-4.547474e-13 -4.547474e-13 -5.011884e-10 -6.861620e-11 -4.612669e-11 -3.697656e-07
-5.684342e-13 -5.684342e-13 -1.042224e-09 -2.304143e-12 3.101057e-12 -3.479246e-07
-4.547474e-13 -5.684342e-13 -1.544947e-09 7.487026e-11 7.239964e-11 -3.191874e-07
-3.410605e-13 -4.547474e-13 -1.999808e-09 1.367584e-10 1.383182e-10 -2.846119e-07
-1.136868e-13 -2.273737e-13 -2.398792e-09 1.653670e-10 1.777642e-10 -2.453143e-07
1.136868e-13 0.000000e+00 -2.735703e-09 1.473229e-10 1.777992e-10 -2.024535e-07
3.410605e-13 2.273737e-13 -3.006107e-09 8.334451e-11 1.376840e-10 -1.572074e-07
3.410605e-13 4.547474e-13 -3.207276e-09 -4.073213e-12 5.881568e-11 -1.107629e-07
2.273737e-13 4.547474e-13 -3.338357e-09 -8.301520e-11 -3.495685e-11 -6.428532e-08
1.136868e-13 3.410605e-13 -3.400089e-09 -1.337314e-10 -1.100573e-10 -1.888896e-08
-1.136868e-13 2.273737e-13 -3.394973e-09 -1.425864e-10 -1.545635e-10 2.439892e-08
-3.410605e-13 0.000000e+00 -3.326875e-09 -1.048338e-10 -1.596727e-10 6.468128e-08
-4.547474e-13 -2.273737e-13 -3.200910e-09 -3.207907e-11 -1.223065e-10 1.012070e-07
-3.410605e-13 -4.547474e-13 -3.023217e-09 4.369496e-11 -5.260635e-11 1.333835e-07
-2.273737e-13 -4.547474e-13 -2.800732e-09 9.607694e-11 2.386446e-11 1.607812e-07
-1.136868e-13 -4.547474e-13 -2.540844e-09 1.175449e-10 8.197033e-11 1.831141e-07
1.136868e-13 -3.410605e-13 -2.251340e-09 9.782378e-11 1.105132e-10 2.002196e-07
2.273737e-13 -2.273737e-13 -1.940180e-09 4.239264e-11 1.077861e-10 2.120474e-07
3.410605e-13 -1.136868e-13 -1.615206e-09 -3.237011e-11 8.128892e-11 2.186388e-07
2.273737e-13 0.000000e+00 -1.284207e-09 -1.003219e-10 3.846828e-11 2.201209e-07
1.136868e-13 1.136868e-13 -9.547989e-10 -1.376805e-10 -1.455919e-11 2.167240e-07
-1.136868e-13 1.136868e-13 -6.340315e-10 -1.359297e-10 -6.589585e-11 2.087852e-07
-3.410605e-13 0.000000e+00 -3.284413e-10 -8.965700e-11 -9.307053e-11 1.967503e-07
-4.547474e-13 -1.136868e-13 -4.376943e-11 -1.656293e-11 -8.894378e-11 1.811674e-07
-3.410605e-13 -2.273737e-13 2.150955e-10 5.073048e-11 -6.206175e-11 1.626663e-07
-2.273737e-13 -3.410605e-13 4.442313e-10 9.254358e-11 -1.851206e-11 1.419421e-07
-1.136868e-13 -3.410605e-13 6.409095e-10 1.014082e-10 2.601383e-11 1.197157e-07
0.000000e+00 -3.410605e-13 8.033680e-10 7.286959e-11 5.490016e-11 9.669939e-08
1.136868e-13 -2.273737e-13 9.309815e-10 1.060112e-11 6.140544e-11 7.356619e-08
0.000000e+00 -1.136868e-13 1.024034e-09 -5.779820e-11 4.071122e-11 5.092386e-08
-1.136868e-13 0.000000e+00 1.083720e-09 -1.044585e-10 -7.571412e-13 2.930473e-08
-2.273737e-13 0.000000e+00 1.111914e-09 -1.221965e-10 -4.699734e-11 9.161297e-09
-4.547474e-13 -1.136868e-13 1.111175e-09 -9.974511e-11 -7.932236e-11 -9.132743e-09
-5.684342e-13 -2.273737e-13 1.084516e-09 -3.783434e-11 -8.377732e-11 -2.527953e-08
-4.547474e-13 -3.410605e-13 1.035346e-09 3.256567e-11 -5.826702e-11 -3.905515e-08
-4.547474e-13 -4.547474e-13 9.673045e-10 9.679807e-11 -3.474193e-12 -5.030168e-08
-3.410605e-13 -4.547474e-13 8.844268e-10 1.505034e-10 7.098631e-11 -5.894473e-08
-1.136868e-13 -2.273737e-13 7.905214e-10 1.722363e-10 1.294331e-10 -6.499447e-08
1.136868e-13 0.000000e+00 6.894538e-10 1.511371e-10 1.478070e-10 -6.853548e-08
3.410605e-13 2.273737e-13 5.848619e-10 8.722395e-11 1.219379e-10 -6.973221e-08
3.410605e-13 4.547474e-13 4.802132e-10 1.567653e-12 4.678366e-11 -6.882154e-08
2.273737e-13 4.547474e-13 3.784066e-10 -7.693552e-11 -5.925991e-11 -6.609803e-08
1.136868e-13 2.273737e-13 2.819434e-10 -1.309681e-10 -1.561403e-10 -6.188541e-08
-1.136868e-13 -1.136868e-13 1.927560e-10 -1.486184e-10 -2.108595e-10 -5.651743e-08
-3.410605e-13 -4.547474e-13 1.123794e-10 -1.231136e-10 -2.118516e-10 -5.031825e-08
-5.684342e-13 -7.958079e-13 4.177991e-11 -5.274875e-11 -1.567339e-10 -4.358472e-08
-5.684342e-13 -9.094947e-13 -1.841727e-11 3.697972e-11 -6.323233e-11 -3.657877e-08
-4.547474e-13 -9.094947e-13 -6.798473e-11 1.100367e-10 3.806415e-11 -2.953011e-08
-3.410605e-13 -6.821210e-13 -1.069793e-10 1.517792e-10 1.189560e-10 -2.264116e-08
-1.136868e-13 -4.547474e-13 -1.358558e-10 1.510448e-10 1.576886e-10 -1.608552e-08
1.136868e-13 -2.273737e-13 -1.551825e-10 9.973783e-11 1.529328e-10 -1.001469e-08
1.136868e-13 0.000000e+00 -1.658691e-10 1.816870e-11 1.073656e-10 -4.562553e-09
0.000000e+00 1.136868e-13 -1.688818e-10 -5.729042e-11 3.046890e-11 1.591230e-10
-1.136868e-13 0.000000e+00 -1.654143e-10 -1.051815e-10 -4.402158e-11 4.062698e-09
-2.273737e-13 -1.136868e-13 -1.567173e-10 -1.174485e-10 -8.756536e-11 7.091065e-09
-4.547474e-13 -2.273737e-13 -1.441549e-10 -7.945775e-11 -9.170113e-11 9.229930e-09
-5.684342e-13 -3.410605e-13 -1.290346e-10 1.332962e-11 -5.295232e-11 1.051703e-08
-4.547474e-13 -4.547474e-13 -1.125500e-10 1.306132e-10 2.627439e-11 1.103722e-08
-1.136868e-13 -3.410605e-13 -9.589485e-11 2.278054e-10 1.224963e-10 1.092240e-08
3.410605e-13 0.000000e+00 -7.980816e-11 2.682781e-10 1.874643e-10 1.033440e-08
7.958079e-13 2.273737e-13 -6.485834e-11 2.316034e-10 1.990357e-10 9.431105e-09
1.023182e-12 5.684342e-13 -5.150014e-11 1.275797e-10 1.527760e-10 8.355973e-09
1.136868e-12 6.821210e-13 -3.984724e-11 -2.371832e-11 5.688787e-11 7.220075e-09
1.023182e-12 6.821210e-13 -2.984279e-11 -1.977536e-10 -6.043217e-11 6.080844e-09
5.684342e-13 4.547474e-13 -2.160050e-11 -3.462751e-10 -1.672218e-10 4.960723e-09
-1.136868e-13 1.136868e-13 -1.500666e-11 -4.163264e-10 -2.287424e-10 3.858255e-09
-6.821210e-13 -2.273737e-13 -1.000444e-11 -3.912143e-10 -2.287478e-10 2.755368e-09
-1.250555e-12 -5.684342e-13 -6.707523e-12 -2.757154e-10 -1.665984e-10 1.656149e-09
-1.591616e-12 -6.821210e-13 -5.002221e-12 -8.438533e-11 -6.159678e-11 5.953686e-10
-1.591616e-12 -6.821210e-13 -4.888534e-12 1.392124e-10 5.360325e-11 -3.672033e-10
-1.250555e-12 -4.547474e-13 -6.139089e-12 3.424094e-10 1.463757e-10 -1.151765e-09
-5.684342e-13 -2.273737e-13 -8.355983e-12 4.712092e-10 1.943271e-10 -1.688559e-09
2.273737e-13 1.136868e-13 -1.119815e-11 4.946480e-10 1.868726e-10 -1.927948e-09
1.023182e-12 3.410605e-13 -1.415401e-11 4.079819e-10 1.307890e-10 -1.853607e-09
1.477929e-12 5.684342e-13 -1.676881e-11 2.377467e-10 3.969545e-11 -1.490031e-09
1.705303e-12 5.684342e-13 -1.858780e-11 3.145891e-11 -6.565413e-11 -8.926702e-10
1.591616e-12 3.410605e-13 -1.944045e-11 -1.660607e-10 -1.488762e-10 -1.188560e-10
1.250555e-12 1.136868e-13 -1.898570e-11 -3.139395e-10 -1.906526e-10 7.868824e-10
6.821210e-13 -2.273737e-13 -1.705303e-11 -3.801850e-10 -1.831741e-10 1.794899e-09
1.136868e-13 -4.547474e-13 -1.358558e-11 -3.522358e-10 -1.274631e-10 2.917495e-09
-4.547474e-13 -5.684342e-13 -8.299139e-12 -2.396608e-10 -4.116145e-11 4.192778e-09
-6.821210e-13 -5.684342e-13 -9.663381e-13 -8.193707e-11 5.227228e-11 5.659802e-09
-6.821210e-13 -3.410605e-13 8.697043e-12 6.792019e-11 1.273492e-10 7.344068e-09
-4.547474e-13 -1.136868e-13 2.108891e-11 1.725607e-10 1.715145e-10 9.228901e-09
-2.273737e-13 1.136868e-13 3.643663e-11 2.136306e-10 1.823410e-10 1.125209e-08
1.136868e-13 3.410605e-13 5.485390e-11 1.897546e-10 1.561496e-10 1.331751e-08
4.547474e-13 5.684342e-13 7.634071e-11 1.070797e-10 9.397102e-11 1.530300e-08
4.547474e-13 5.684342e-13 1.007265e-10 7.451467e-12 1.205015e-11 1.707843e-08
3.410605e-13 4.547474e-13 1.276135e-10 -6.396887e-11 -6.476100e-11 1.852757e-08
2.273737e-13 3.410605e-13 1.563762e-10 -9.726758e-11 -1.262256e-10 1.956567e-08
1.136868e-13 1.136868e-13 1.863327e-10 -9.314656e-11 -1.618679e-10 2.014407e-08
0.000000e+00 -1.136868e-13 2.168008e-10 -5.779327e-11 -1.621663e-10 2.023084e-08
-1.136868e-13 -3.410605e-13 2.470415e-10 -2.347515e-12 -1.274602e-10 1.978720e-08
-1.136868e-13 -5.684342e-13 2.761453e-10 5.312878e-11 -5.846370e-11 1.876046e-08
0.000000e+00 -5.684342e-13 3.032596e-10 8.507670e-11 2.818133e-11 1.706834e-08
1.136868e-13 -4.547474e-13 3.273044e-10 8.297893e-11 1.073454e-10 1.459483e-08
2.273737e-13 -3.410605e-13 3.470291e-10 4.690372e-11 1.657842e-10 1.120906e-08
3.410605e-13 -1.136868e-13 3.609557e-10 -1.974263e-11 1.899019e-10 6.785238e-09
2.273737e-13 2.273737e-13 3.673790e-10 -9.348301e-11 1.609742e-10 1.237042e-09
1.136868e-13 4.547474e-13 3.646505e-10 -1.492103e-10 8.003668e-11 -5.460261e-09
-1.136868e-13 4.547474e-13 3.510081e-10 -1.754090e-10 -2.401039e-11 -1.326082e-08
-3.410605e-13 3.410605e-13 3.248601e-10 -1.632012e-10 -1.140809e-10 -2.203719e-08
-5.684342e-13 1.136868e-13 2.848424e-10 -1.122404e-10 -1.579162e-10 -3.159344e-08
-6.821210e-13 -1.136868e-13 2.300453e-10 -3.102170e-11 -1.413249e-10 -4.168926e-08
-5.684342e-13 -3.410605e-13 1.597869e-10 5.322639e-11 -6.349162e-11 -5.205336e-08
-3.410605e-13 -3.410605e-13 7.383960e-11 1.123512e-10 5.450961e-11 -6.239034e-08
-2.273737e-13 -1.136868e-13 -2.739853e-11 1.450080e-10 1.636361e-10 -7.239481e-08
0.000000e+00 2.273737e-13 -1.433023e-10 1.531362e-10 2.207684e-10 -8.175018e-08
2.273737e-13 5.684342e-13 -2.726210e-10 1.317347e-10 2.071974e-10 -9.012132e-08
4.547474e-13 9.094947e-13 -4.136496e-10 8.452441e-11 1.164118e-10 -9.715121e-08
5.684342e-13 1.023182e-12 -5.641141e-10 2.471106e-11 -3.657851e-11 -1.024621e-07
5.684342e-13 9.094947e-13 -7.210588e-10 -3.099737e-11 -2.099458e-10 -1.056710e-07
5.684342e-13 4.547474e-13 -8.810730e-10 -7.988712e-11 -3.476092e-10 -1.064045e-07
4.547474e-13 -2.273737e-13 -1.040235e-09 -1.203341e-10 -3.941860e-10 -1.043189e-07
2.273737e-13 -7.958079e-13 -1.194053e-09 -1.390693e-10 -3.333718e-10 -9.912711e-08
0.000000e+00 -1.136868e-12 -1.337639e-09 -1.295209e-10 -1.845069e-10 -9.062575e-08
-2.273737e-13 -1.250555e-12 -1.465878e-09 -9.654859e-11 1.871123e-11 -7.872205e-08
-3.410605e-13 -1.136868e-12 -1.573710e-09 -5.341503e-11 2.307709e-10 -6.343671e-08
-4.547474e-13 -6.821210e-13 -1.656133e-09 -1.130847e-11 3.945828e-10 -4.489998e-08
-4.547474e-13 0.000000e+00 -1.708429e-09 2.296490e-11 4.598661e-10 -2.336000e-08
-4.547474e-13 6.821210e-13 -1.726221e-09 4.945769e-11 4.095911e-10 8.132432e-10
-3.410605e-13 1.136868e-12 -1.705985e-09 6.677656e-11 2.664694e-10 2.714200e-08
-2.273737e-13 1.477929e-12 -1.644821e-09 7.117482e-11 6.858397e-11 5.504117e-08
-1.136868e-13 1.477929e-12 -1.540911e-09 6.879555e-11 -1.370602e-10 8.381372e-08
0.000000e+00 1.136868e-12 -1.393403e-09 6.336804e-11 -2.861895e-10 1.126601e-07
1.136868e-13 5.684342e-13 -1.202920e-09 5.690057e-11 -3.235270e-10 1.407054e-07
2.273737e-13 1.136868e-13 -9.712835e-10 4.677427e-11 -2.399091e-10 1.670273e-07
3.410605e-13 -1.136868e-13 -7.017888e-10 2.375254e-11 -7.232358e-11 1.906889e-07
3.410605e-13 -1.136868e-13 -3.991545e-10 -8.878608e-12 1.278958e-10 2.107906e-07
3.410605e-13 2.273737e-13 -6.940581e-11 -4.391752e-11 3.002517e-10 2.265136e-07
2.273737e-13 7.958079e-13 2.803517e-10 -7.621194e-11 3.849210e-10 2.371489e-07
1.136868e-13 1.364242e-12 6.420464e-10 -9.928472e-11 3.550210e-10 2.421273e-07
0.000000e+00 1.818989e-12 1.006754e-09 -1.121921e-10 2.217773e-10 2.410509e-07
-1.136868e-13 2.046363e-12 1.365208e-09 -1.091530e-10 1.747751e-11 2.337002e-07
-2.273737e-13 1.818989e-12 1.707861e-09 -8.231341e-11 -2.021226e-10 2.200394e-07
-3.410605e-13 1.364242e-12 2.025274e-09 -3.201707e-11 -3.829714e-10 2.002257e-07
-3.410605e-13 6.821210e-13 2.308525e-09 3.425720e-11 -4.927690e-10 1.745898e-07
-3.410605e-13 -1.136868e-13 2.549086e-09 1.103811e-10 -5.162229e-10 1.436421e-07
-1.136868e-13 -9.094947e-13 2.739455e-09 1.763263e-10 -4.669246e-10 1.080854e-07
1.136868e-13 -1.477929e-12 2.873321e-09 2.062344e-10 -3.918080e-10 6.879689e-08
4.547474e-13 -2.046363e-12 2.945796e-09 1.847874e-10 -3.411707e-10 2.682208e-08
6.821210e-13 -2.614797e-12 2.953755e-09 1.130909e-10 -3.476125e-10 -1.664944e-08
6.821210e-13 -3.183231e-12 2.895888e-09 1.491635e-11 -4.380290e-10 -6.033067e-08
5.684342e-13 -3.979039e-12 2.772822e-09 -8.301968e-11 -6.144441e-10 -1.028823e-07
3.410605e-13 -5.002221e-12 2.587228e-09 -1.602938e-10 -8.571282e-10 -1.429664e-07
1.136868e-13 -6.480150e-12 2.343882e-09 -2.079608e-10 -1.130707e-09 -1.793186e-07
-2.273737e-13 -8.412826e-12 2.049262e-09 -2.182038e-10 -1.375364e-09 -2.108146e-07
-5.684342e-13 -1.057288e-11 1.711442e-09 -1.821617e-10 -1.544249e-09 -2.365099e-07
-7.958079e-13 -1.296030e-11 1.339743e-09 -1.070231e-10 -1.611207e-09 -2.556708e-07
-7.958079e-13 -1.534772e-11 9.443966e-10 -1.800982e-11 -1.567706e-09 -2.677925e-07
-6.821210e-13 -1.762146e-11 5.363177e-10 6.047717e-11 -1.425973e-09 -2.726103e-07
-5.684342e-13 -1.966782e-11 1.265335e-10 1.216273e-10 -1.202661e-09 -2.701016e-07
-3.410605e-13 -2.125944e-11 -2.740421e-10 1.620572e-10 -9.286710e-10 -2.604671e-07
-1.136868e-13 -2.239631e-11 -6.548930e-10 1.777011e-10 -6.302131e-10 -2.441289e-07
1.136868e-13 -2.307843e-11 -1.006413e-09 1.712868e-10 -3.154039e-10 -2.217178e-07
3.410605e-13 -2.330580e-11 -1.320075e-09 1.424096e-10 2.189604e-11 -1.940511e-07
5.684342e-13 -2.307843e-11 -1.588603e-09 8.832196e-11 4.101967e-10 -1.621139e-07
6.821210e-13 -2.216893e-11 -1.806427e-09 1.459944e-11 8.736417e-10 -1.270246e-07
5.684342e-13 -2.046363e-11 -1.969681e-09 -6.180073e-11 1.419344e-09 -8.998713e-08
4.547474e-13 -1.784883e-11 -2.076433e-09 -1.290608e-10 2.045281e-09 -5.222915e-08
2.273737e-13 -1.432454e-11 -2.126399e-09 -1.803704e-10 2.745331e-09 -1.495566e-08
0.000000e+00 -9.663381e-12 -2.121283e-09 -2.061911e-10 3.500116e-09 2.070010e-08
-3.410605e-13 -3.865352e-12 -2.064326e-09 -1.929395e-10 4.274295e-09 5.372698e-08
-6.821210e-13 3.069545e-12 -1.960132e-09 -1.253423e-10 5.030432e-09 8.325622e-08
-7.958079e-13 1.114131e-11 -1.814556e-09 -1.931959e-11 5.735891e-09 1.085823e-07
-6.821210e-13 2.023626e-11 -1.634419e-09 8.601348e-11 6.365560e-09 1.291807e-07
-4.547474e-13 3.024070e-11 -1.427054e-09 1.668896e-10 6.894965e-09 1.447012e-07
-2.273737e-13 4.092726e-11 -1.200362e-09 2.155200e-10 7.304720e-09 1.549758e-07
1.136868e-13 5.206857e-11 -9.621317e-10 2.216338e-10 7.581485e-09 1.600158e-07
4.547474e-13 6.355094e-11 -7.202630e-10 1.767581e-10 7.701478e-09 1.600100e-07
6.821210e-13 7.514700e-11 -4.820890e-10 8.906425e-11 7.622614e-09 1.553300e-07
6.821210e-13 8.651568e-11 -2.542606e-10 -1.626523e-11 7.297937e-09 1.465059e-07
5.684342e-13 9.708856e-11 -4.257572e-11 -1.133868e-10 6.696871e-09 1.342038e-07
3.410605e-13 1.065246e-10 1.483045e-10 -1.837168e-10 5.797946e-09 1.191835e-07
1.136868e-13 1.143690e-10 3.149125e-10 -2.170592e-10 4.588223e-09 1.022417e-07
-2.273737e-13 1.202807e-10 4.549747e-10 -2.047912e-10 3.063627e-09 8.416970e-08
-5.684342e-13 1.235776e-10 5.674110e-10 -1.391477e-10 1.241900e-09 6.570632e-08
-6.821210e-13 1.239187e-10 6.521077e-10 -3.916864e-11 -8.242411e-10 4.751215e-08
-6.821210e-13 1.210765e-10 7.099743e-10 5.944132e-11 -3.078415e-09 3.014921e-08
-4.547474e-13 1.147100e-10 7.426024e-10 1.226522e-10 -5.461097e-09 1.407142e-08
-2.273737e-13 1.047056e-10 7.522090e-10 1.331948e-10 -7.904326e-09 -3.631688e-10
0.000000e+00 9.106316e-11 7.414656e-10 9.276625e-11 -1.034247e-08 -1.288459e-08
1.136868e-13 7.378276e-11 7.134986e-10 1.594763e-11 -1.271194e-08 -2.330854e-08
0.000000e+00 5.297807e-11 6.715482e-10 -6.323312e-11 -1.494409e-08 -3.153571e-08
-1.136868e-13 2.899014e-11 6.189111e-10 -1.186253e-10 -1.696812e-08 -3.753856e-08
-3.410605e-13 2.046363e-12 5.588845e-10 -1.308905e-10 -1.870924e-08 -4.135962e-08
-5.684342e-13 -2.717115e-11 4.948220e-10 -8.778349e-11 -2.009375e-08 -4.313045e-08
-6.821210e-13 -5.820766e-11 4.295657e-10 -1.803297e-12 -2.105087e-08 -4.306218e-08
-5.684342e-13 -9.038104e-11 3.656737e-10 9.642599e-11 -2.150031e-08 -4.141727e-08
-3.410605e-13 -1.227818e-10 3.053060e-10 1.766328e-10 -2.137141e-08 -3.850060e-08
-1.136868e-13 -1.545004e-10 2.501679e-10 2.246010e-10 -2.061251e-08 -3.464478e-08
2.273737e-13 -1.846274e-10 2.013962e-10 2.263428e-10 -1.918414e-08 -3.017919e-08
5.684342e-13 -2.120260e-10 1.596732e-10 1.713218e-10 -1.707851e-08 -2.540573e-08
6.821210e-13 -2.357865e-10 1.252261e-10 7.581203e-11 -1.431773e-08 -2.058112e-08
6.821210e-13 -2.549996e-10 9.794121e-11 -2.995422e-11 -1.094190e-08 -1.590629e-08
5.684342e-13 -2.686420e-10 7.747758e-11 -1.248387e-10 -7.030260e-09 -1.153659e-08
2.273737e-13 -2.761453e-10 6.332357e-11 -1.802604e-10 -2.691923e-09 -7.594060e-09
0.000000e+00 -2.768274e-10 5.474021e-11 -1.816128e-10 1.940803e-09 -4.173958e-09
-2.273737e-13 -2.703473e-10 5.081802e-11 -1.360295e-10 6.718009e-09 -1.341526e-09
-4.547474e-13 -2.565912e-10 5.070433e-11 -5.173285e-11 1.148239e-08 8.654707e-10
-4.547474e-13 -2.357865e-10 5.343281e-11 4.514294e-11 1.607712e-08 2.425946e-09
-2.273737e-13 -2.082743e-10 5.798029e-11 1.196194e-10 2.035086e-08 3.341850e-09
0.000000e+00 -1.746230e-10 6.343726e-11 1.512799e-10 2.415612e-08 3.643744e-09
2.273737e-13 -1.357421e-10 6.889422e-11 1.408069e-10 2.735896e-08 3.387389e-09
4.547474e-13 -9.254109e-11 7.355538e-11 9.257298e-11 2.983998e-08 2.644145e-09
5.684342e-13 -4.615686e-11 7.679546e-11 1.577292e-11 3.149718e-08 1.488486e-09
4.547474e-13 2.046363e-12 7.798917e-11 -5.731507e-11 3.225950e-08 -4.837786e-12
3.410605e-13 5.070433e-11 7.673862e-11 -1.069639e-10 3.209766e-08 -1.771952e-09
2.273737e-13 9.845280e-11 7.264589e-11 -1.324346e-10 3.101271e-08 -3.764989e-09
0.000000e+00 1.438138e-10 6.542678e-11 -1.259919e-10 2.903593e-08 -5.949629e-09
-2.273737e-13 1.855369e-10 5.479706e-11 -8.422229e-11 2.622916e-08 -8.296705e-09
-3.410605e-13 2.224851e-10 4.052936e-11 -2.134893e-11 2.266998e-08 -1.076881e-08
-3.410605e-13 2.535216e-10 2.250999e-11 3.746855e-11 1.845156e-08 -1.332378e-08
-3.410605e-13 2.777369e-10 5.684342e-13 7.926342e-11 1.368236e-08 -1.590695e-08
-2.273737e-13 2.945626e-10 -2.523848e-11 9.517746e-11 8.476307e-09 -1.845411e-08
-1.136868e-13 3.032028e-10 -5.479706e-11 8.492078e-11 2.977206e-09 -2.090198e-08
0.000000e+00 3.034302e-10 -8.793677e-11 6.245844e-11 -2.634054e-09 -2.318490e-08
1.136868e-13 2.952447e-10 -1.243734e-10 4.106322e-11 -8.157908e-09 -2.523697e-08
2.273737e-13 2.788738e-10 -1.636522e-10 2.783833e-11 -1.337238e-08 -2.700097e-08
2.273737e-13 2.551133e-10 -2.053753e-10 3.092023e-11 -1.806427e-08 -2.842342e-08
2.273737e-13 2.247589e-10 -2.489173e-10 5.240127e-11 -2.204629e-08 -2.945168e-08
3.410605e-13 1.889475e-10 -2.937099e-10 7.079253e-11 -2.515492e-08 -3.002999e-08
4.547474e-13 1.492708e-10 -3.389573e-10 6.431131e-11 -2.728983e-08 -3.009133e-08
5.684342e-13 1.070930e-10 -3.839205e-10 2.216558e-11 -2.841560e-08 -2.955538e-08
5.684342e-13 6.400569e-11 -4.276330e-10 -5.671401e-11 -2.855636e-08 -2.833162e-08
3.410605e-13 2.137313e-11 -4.689582e-10 -1.447468e-10 -2.778595e-08 -2.633093e-08
0.000000e+00 -1.944045e-11 -5.066454e-10 -2.052215e-10 -2.620769e-08 -2.348049e-08
-3.410605e-13 -5.729817e-11 -5.394440e-10 -2.184588e-10 -2.394399e-08 -1.972793e-08
-6.821210e-13 -9.129053e-11 -5.658762e-10 -1.742606e-10 -2.111556e-08 -1.505378e-08
-9.094947e-13 -1.207354e-10 -5.845777e-10 -7.297580e-11 -1.783351e-08 -9.479795e-09
-9.094947e-13 -1.448370e-10 -5.942979e-10 6.164596e-11 -1.420839e-08 -3.050427e-09
-6.821210e-13 -1.632543e-10 -5.937295e-10 1.898364e-10 -1.035177e-08 4.166694e-09
-2.273737e-13 -1.758735e-10 -5.817924e-10 2.707307e-10 -6.363918e-09 1.208077e-08
2.273737e-13 -1.823537e-10 -5.574634e-10 2.795226e-10 -2.361466e-09 2.058304e-08
6.821210e-13 -1.829221e-10 -5.200036e-10 2.095236e-10 1.519922e-09 2.954872e-08
9.094947e-13 -1.778062e-10 -4.687877e-10 7.391371e-11 5.143901e-09 3.883364e-08
9.094947e-13 -1.674607e-10 -4.034746e-10 -9.029055e-11 8.367630e-09 4.826411e-08
6.821210e-13 -1.526814e-10 -3.239506e-10 -2.364374e-10 1.106608e-08 5.763638e-08
2.273737e-13 -1.342642e-10 -2.305001e-10 -3.183115e-10 1.314684e-08 6.671920e-08
-2.273737e-13 -1.132321e-10 -1.237481e-10 -3.159105e-10 1.455136e-08 7.525795e-08
-6.821210e-13 -9.060841e-11 -4.718004e-12 -2.339934e-10 1.526565e-08 8.298160e-08
-9.094947e-13 -6.752998e-11 1.252261e-10 -9.599076e-11 1.533229e-08 8.960308e-08
-9.094947e-13 -4.479261e-11 2.640945e-10 5.524945e-11 1.483190e-08 9.484253e-08
-6.821210e-13 -2.307843e-11 4.097274e-10 1.758579e-10 1.385450e-08 9.844021e-08
-3.410605e-13 -3.183231e-12 5.594529e-10 2.369919e-10 1.250675e-08 1.001672e-07
0.000000e+00 1.443823e-11 7.102585e-10 2.335846e-10 1.090975e-08 9.985372e-08
3.410605e-13 2.955858e-11 8.590177e-10 1.741000e-10 9.177150e-09 9.738655e-08
4.547474e-13 4.195044e-11 1.002434e-09 8.233222e-11 7.408137e-09 9.270440e-08
4.547474e-13 5.172751e-11 1.137153e-09 -6.358351e-12 5.682923e-09 8.579846e-08
3.410605e-13 5.900347e-11 1.259821e-09 -6.646764e-11 4.053265e-09 7.670574e-08
2.273737e-13 6.389200e-11 1.367255e-09 -9.528084e-11 2.556552e-09 6.550168e-08
1.136868e-13 6.673417e-11 1.456328e-09 -1.030218e-10 1.214169e-09 5.231104e-08
0.000000e+00 6.764367e-11 1.524143e-09 -1.009526e-10 3.736553e-11 3.732770e-08
-1.136868e-13 6.684786e-11 1.568253e-09 -9.823728e-11 -9.578417e-10 2.081273e-08
-2.273737e-13 6.468781e-11 1.586557e-09 -1.006569e-10 -1.759564e-09 3.101320e-09
-3.410605e-13 6.150458e-11 1.577575e-09 -1.061620e-10 -2.364448e-09 -1.539026e-08
-4.547474e-13 5.763923e-11 1.540400e-09 -1.044784e-10 -2.779585e-09 -3.417274e-08
-5.684342e-13 5.320544e-11 1.475030e-09 -8.747458e-11 -3.002966e-09 -5.270618e-08
-6.821210e-13 4.854428e-11 1.382261e-09 -4.262414e-11 -3.024415e-09 -7.043467e-08
-7.958079e-13 4.411049e-11 1.263686e-09 4.163333e-11 -2.863261e-09 -8.681656e-08
-5.684342e-13 4.001777e-11 1.121748e-09 1.388025e-10 -2.562751e-09 -1.013544e-07
-2.273737e-13 3.637979e-11 9.595738e-10 2.098032e-10 -2.169115e-09 -1.136208e-07
1.136868e-13 3.342393e-11 7.808580e-10 2.376695e-10 -1.744856e-09 -1.232663e-07
4.547474e-13 3.115019e-11 5.897505e-10 2.081637e-10 -1.372284e-09 -1.300186e-07
7.958079e-13 2.933120e-11 3.907985e-10 1.117280e-10 -1.121118e-09 -1.336810e-07
7.958079e-13 2.773959e-11 1.887202e-10 -2.828004e-11 -1.039903e-09 -1.341235e-07
