0.000000e+00 0.000000e+00 0.000000e+00 0.000000e+00 0.000000e+00 0.000000e+00
0.000000e+00 0.000000e+00 0.000000e+00 0.000000e+00 0.000000e+00 0.000000e+00
0.000000e+00 0.000000e+00 0.000000e+00 0.000000e+00 0.000000e+00 0.000000e+00
0.000000e+00 0.000000e+00 0.000000e+00 0.000000e+00 0.000000e+00 0.000000e+00
0.000000e+00 0.000000e+00 0.000000e+00 0.000000e+00 0.000000e+00 0.000000e+00
0.000000e+00 0.000000e+00 0.000000e+00 0.000000e+00 0.000000e+00 0.000000e+00
0.000000e+00 0.000000e+00 0.000000e+00 0.000000e+00 0.000000e+00 0.000000e+00
0.000000e+00 0.000000e+00 0.000000e+00 0.000000e+00 0.000000e+00 0.000000e+00
0.000000e+00 0.000000e+00 0.000000e+00 0.000000e+00 0.000000e+00 0.000000e+00
0.000000e+00 0.000000e+00 0.000000e+00 0.000000e+00 0.000000e+00 0.000000e+00
0.000000e+00 0.000000e+00 0.000000e+00 0.000000e+00 0.000000e+00 0.000000e+00
0.000000e+00 0.000000e+00 0.000000e+00 0.000000e+00 0.000000e+00 0.000000e+00
0.000000e+00 0.000000e+00 0.000000e+00 0.000000e+00 0.000000e+00 0.000000e+00
0.000000e+00 0.000000e+00 0.000000e+00 0.000000e+00 0.000000e+00 0.000000e+00
0.000000e+00 0.000000e+00 0.000000e+00 0.000000e+00 0.000000e+00 0.000000e+00
0.000000e+00 0.000000e+00 0.000000e+00 0.000000e+00 0.000000e+00 0.000000e+00
0.000000e+00 0.000000e+00 0.000000e+00 0.000000e+00 0.000000e+00 0.000000e+00
0.000000e+00 0.000000e+00 0.000000e+00 0.000000e+00 0.000000e+00 0.000000e+00
0.000000e+00 0.000000e+00 0.000000e+00 0.000000e+00 0.000000e+00 0.000000e+00
0.000000e+00 0.000000e+00 0.000000e+00 0.000000e+00 0.000000e+00 0.000000e+00
0.000000e+00 0.000000e+00 0.000000e+00 0.000000e+00 0.000000e+00 0.000000e+00
0.000000e+00 0.000000e+00 0.000000e+00 0.000000e+00 0.000000e+00 0.000000e+00
0.000000e+00 0.000000e+00 0.000000e+00 0.000000e+00 0.000000e+00 0.000000e+00
0.000000e+00 0.000000e+00 0.000000e+00 0.000000e+00 0.000000e+00 0.000000e+00
0.000000e+00 0.000000e+00 0.000000e+00 0.000000e+00 0.000000e+00 0.000000e+00
0.000000e+00 0.000000e+00 0.000000e+00 0.000000e+00 0.000000e+00 0.000000e+00
0.000000e+00 0.000000e+00 0.000000e+00 0.000000e+00 0.000000e+00 0.000000e+00
0.000000e+00 0.000000e+00 0.000000e+00 0.000000e+00 0.000000e+00 0.000000e+00
0.000000e+00 0.000000e+00 0.000000e+00 0.000000e+00 0.000000e+00 0.000000e+00
0.000000e+00 0.000000e+00 0.000000e+00 0.000000e+00 0.000000e+00 0.000000e+00
0.000000e+00 0.000000e+00 0.000000e+00 0.000000e+00 0.000000e+00 0.000000e+00
0.000000e+00 0.000000e+00 0.000000e+00 0.000000e+00 0.000000e+00 0.000000e+00
0.000000e+00 0.000000e+00 0.000000e+00 0.000000e+00 0.000000e+00 0.000000e+00
0.000000e+00 0.000000e+00 0.000000e+00 0.000000e+00 0.000000e+00 0.000000e+00
0.000000e+00 0.000000e+00 0.000000e+00 0.000000e+00 0.000000e+00 0.000000e+00
0.000000e+00 0.000000e+00 0.000000e+00 0.000000e+00 0.000000e+00 0.000000e+00
0.000000e+00 0.000000e+00 0.000000e+00 0.000000e+00 0.000000e+00 0.000000e+00
0.000000e+00 0.000000e+00 0.000000e+00 0.000000e+00 0.000000e+00 0.000000e+00
0.000000e+00 0.000000e+00 0.000000e+00 0.000000e+00 0.000000e+00 0.000000e+00
0.000000e+00 0.000000e+00 0.000000e+00 0.000000e+00 0.000000e+00 0.000000e+00
0.000000e+00 0.000000e+00 0.000000e+00 0.000000e+00 0.000000e+00 0.000000e+00
0.000000e+00 0.000000e+00 0.000000e+00 0.000000e+00 0.000000e+00 0.000000e+00
0.000000e+00 0.000000e+00 0.000000e+00 0.000000e+00 0.000000e+00 0.000000e+00
0.000000e+00 0.000000e+00 0.000000e+00 0.000000e+00 0.000000e+00 0.000000e+00
0.000000e+00 0.000000e+00 0.000000e+00 0.000000e+00 0.000000e+00 0.000000e+00
0.000000e+00 0.000000e+00 0.000000e+00 0.000000e+00 0.000000e+00 0.000000e+00
0.000000e+00 0.000000e+00 0.000000e+00 0.000000e+00 0.000000e+00 0.000000e+00
0.000000e+00 0.000000e+00 0.000000e+00 0.000000e+00 0.000000e+00 0.000000e+00
0.000000e+00 0.000000e+00 0.000000e+00 0.000000e+00 -6.911979e-13 6.914569e-13
0.000000e+00 0.000000e+00 0.000000e+00 0.000000e+00 -2.103657e-12 3.427221e-12
0.000000e+00 0.000000e+00 0.000000e+00 0.000000e+00 -3.516116e-12 8.868687e-12
0.000000e+00 0.000000e+00 0.000000e+00 0.000000e+00 -4.237377e-12 1.632388e-11
0.000000e+00 0.000000e+00 0.000000e+00 0.000000e+00 -4.296986e-12 2.443943e-11
0.000000e+00 0.000000e+00 0.000000e+00 0.000000e+00 -4.356076e-12 3.123167e-11
0.000000e+00 0.000000e+00 0.000000e+00 0.000000e+00 -3.723969e-12 3.462676e-11
0.000000e+00 0.000000e+00 0.000000e+00 0.000000e+00 -2.400664e-12 3.324229e-11
0.000000e+00 0.000000e+00 0.000000e+00 0.000000e+00 -1.739011e-12 2.578658e-11
0.000000e+00 0.000000e+00 0.000000e+00 0.000000e+00 -1.769592e-12 1.084717e-11
0.000000e+00 0.000000e+00 0.000000e+00 0.000000e+00 -2.462345e-12 -1.022309e-11
0.000000e+00 0.000000e+00 0.000000e+00 0.000000e+00 -3.125552e-12 -3.396640e-11
0.000000e+00 0.000000e+00 0.000000e+00 0.000000e+00 -2.466490e-12 -5.770660e-11
0.000000e+00 0.000000e+00 -1.136868e-13 0.000000e+00 -4.833451e-13 -7.471390e-11
0.000000e+00 0.000000e+00 -2.273737e-13 0.000000e+00 2.885045e-12 -8.360851e-11
0.000000e+00 0.000000e+00 -3.410605e-13 0.000000e+00 6.945151e-12 -9.043133e-11
0.000000e+00 0.000000e+00 -4.547474e-13 0.000000e+00 9.622084e-12 -9.857668e-11
0.000000e+00 0.000000e+00 -5.684342e-13 0.000000e+00 8.932181e-12 -1.101308e-10
0.000000e+00 0.000000e+00 -6.821210e-13 0.000000e+00 5.535801e-12 -1.285038e-10
0.000000e+00 0.000000e+00 -9.094947e-13 0.000000e+00 9.407601e-14 -1.529768e-10
0.000000e+00 0.000000e+00 -1.136868e-12 0.000000e+00 -6.700758e-12 -1.869408e-10
0.000000e+00 0.000000e+00 -1.364242e-12 1.362909e-28 -1.283368e-11 -2.366221e-10
0.000000e+00 0.000000e+00 -1.705303e-12 2.312487e-28 -1.625987e-11 -2.944837e-10
0.000000e+00 0.000000e+00 -2.160050e-12 -2.520316e-29 -1.691919e-11 -3.454475e-10
0.000000e+00 0.000000e+00 -2.728484e-12 -3.009645e-28 -1.823912e-11 -3.725988e-10
0.000000e+00 0.000000e+00 -3.296918e-12 -4.222499e-28 -2.028032e-11 -3.691750e-10
0.000000e+00 0.000000e+00 -3.865352e-12 -5.362457e-28 -2.096945e-11 -3.318429e-10
0.000000e+00 0.000000e+00 -4.320100e-12 -7.938607e-28 -2.027721e-11 -2.537423e-10
0.000000e+00 0.000000e+00 -4.547474e-12 -7.145290e-28 -1.685051e-11 -1.416121e-10
0.000000e+00 0.000000e+00 -4.661160e-12 -2.909220e-28 -1.141034e-11 7.969953e-12
0.000000e+00 0.000000e+00 -4.547474e-12 -1.089552e-29 -6.000752e-12 2.187813e-10
0.000000e+00 0.000000e+00 -3.979039e-12 1.048064e-28 -1.223271e-12 4.968869e-10
0.000000e+00 0.000000e+00 -2.955858e-12 -2.877038e-29 2.891781e-12 8.395753e-10
0.000000e+00 0.000000e+00 -1.477929e-12 -1.461783e-29 7.637644e-12 1.264529e-09
0.000000e+00 0.000000e+00 7.958079e-13 1.088001e-28 1.235319e-11 1.783252e-09
0.000000e+00 0.000000e+00 3.979039e-12 -1.841769e-28 1.502416e-11 2.381494e-09
0.000000e+00 0.000000e+00 7.958079e-12 -3.585285e-27 1.634202e-11 3.057263e-09
0.000000e+00 0.000000e+00 1.307399e-11 -7.363433e-27 1.630678e-11 3.814643e-09
0.000000e+00 0.000000e+00 1.932676e-11 -8.682992e-27 1.494978e-11 4.648265e-09
0.000000e+00 0.000000e+00 2.694378e-11 -9.683674e-27 1.290392e-11 5.542468e-09
0.000000e+00 0.000000e+00 3.592504e-11 -1.476959e-26 1.019952e-11 6.456362e-09
0.000000e+00 0.000000e+00 4.627054e-11 -2.313115e-26 7.527506e-12 7.339022e-09
0.000000e+00 0.000000e+00 5.798029e-11 -2.868484e-26 4.826727e-12 8.125193e-09
0.000000e+00 0.000000e+00 7.071321e-11 -3.039834e-26 2.096403e-12 8.738720e-09
0.000000e+00 0.000000e+00 8.412826e-11 -3.773626e-26 -6.341800e-13 9.107569e-09
0.000000e+00 0.000000e+00 9.799805e-11 -4.456795e-26 -4.027711e-12 9.134562e-09
0.000000e+00 0.000000e+00 1.116405e-10 -3.481797e-26 -8.113994e-12 8.706944e-09
0.000000e+00 0.000000e+00 1.242597e-10 -2.902605e-26 -1.217073e-11 7.721947e-09
0.000000e+00 0.000000e+00 1.348326e-10 -3.455245e-26 -1.487514e-11 6.085700e-09
0.000000e+00 0.000000e+00 1.424496e-10 -3.435392e-26 -1.556608e-11 3.694190e-09
0.000000e+00 0.000000e+00 1.459739e-10 -2.711030e-26 -1.421323e-11 4.197027e-10
0.000000e+00 0.000000e+00 1.438138e-10 -1.763081e-26 -1.012513e-11 -3.848529e-09
0.000000e+00 0.000000e+00 1.343778e-10 -9.615432e-27 -4.684442e-12 -9.196295e-09
0.000000e+00 0.000000e+00 1.161879e-10 -4.071667e-27 1.447445e-12 -1.570044e-08
0.000000e+00 0.000000e+00 8.731149e-11 -2.005784e-27 7.609394e-12 -2.340105e-08
0.000000e+00 0.000000e+00 4.592948e-11 -1.159276e-26 1.238921e-11 -3.227103e-08
0.000000e+00 0.000000e+00 -9.549694e-12 -2.292673e-26 1.374180e-11 -4.221731e-08
0.000000e+00 0.000000e+00 -8.071765e-11 -3.959401e-26 9.653442e-12 -5.306801e-08
0.000000e+00 0.000000e+00 -1.687113e-10 -7.122374e-26 1.478026e-12 -6.456076e-08
0.000000e+00 0.000000e+00 -2.743263e-10 -7.091603e-26 -8.741180e-12 -7.634959e-08
0.000000e+00 0.000000e+00 -3.976766e-10 -9.054999e-26 -2.031350e-11 -8.800156e-08
0.000000e+00 0.000000e+00 -5.383072e-10 -1.601324e-25 -3.050393e-11 -9.898661e-08
0.000000e+00 0.000000e+00 -6.946266e-10 -2.428472e-25 -3.591559e-11 -1.086977e-07
0.000000e+00 0.000000e+00 -8.643610e-10 -2.476514e-25 -3.522517e-11 -1.164456e-07
0.000000e+00 0.000000e+00 -1.043873e-09 6.611345e-13 -2.774173e-11 -1.214570e-07
0.000000e+00 0.000000e+00 -1.228727e-09 1.983404e-12 -1.481734e-11 -1.228808e-07
0.000000e+00 0.000000e+00 -1.412559e-09 3.335736e-12 -1.900616e-12 -1.198190e-07
0.000000e+00 0.000000e+00 -1.588205e-09 4.026934e-12 8.964144e-12 -1.113609e-07
0.000000e+00 0.000000e+00 -1.746685e-09 3.365799e-12 1.712372e-11 -9.662277e-08
0.000000e+00 0.000000e+00 -1.878107e-09 1.352073e-12 1.849105e-11 -7.480657e-08
0.000000e+00 0.000000e+00 -1.971102e-09 -1.352851e-12 1.304348e-11 -4.525084e-08
0.000000e+00 0.000000e+00 -2.013849e-09 -4.057515e-12 3.524171e-12 -7.495240e-09
0.000000e+00 0.000000e+00 -1.993612e-09 -6.762180e-12 -8.712733e-12 3.866841e-08
0.000000e+00 0.000000e+00 -1.897888e-09 -8.805710e-12 -2.232334e-11 9.314988e-08
0.000000e+00 0.000000e+00 -1.714284e-09 -1.084950e-11 -3.524989e-11 1.555157e-07
0.000000e+00 0.000000e+00 -1.431431e-09 -1.286374e-11 -4.681677e-11 2.249403e-07
0.000000e+00 -1.136868e-13 -1.039439e-09 -1.283446e-11 -4.814593e-11 3.001828e-07
0.000000e+00 -2.273737e-13 -5.308038e-10 -1.079093e-11 -3.044158e-11 3.795790e-07
0.000000e+00 -2.273737e-13 9.924861e-11 -7.394547e-12 -1.169852e-12 4.610276e-07
0.000000e+00 -2.273737e-13 8.521965e-10 -2.645574e-12 2.877594e-11 5.419610e-07
0.000000e+00 -2.273737e-13 1.725198e-09 3.486312e-12 5.800503e-11 6.193577e-07
0.000000e+00 -1.136868e-13 2.710408e-09 1.030991e-11 8.045693e-11 6.898182e-07
0.000000e+00 0.000000e+00 3.794753e-09 1.641251e-11 8.998911e-11 7.496378e-07
0.000000e+00 1.136868e-13 4.959361e-09 1.980993e-11 8.731724e-11 7.948937e-07
0.000000e+00 2.273737e-13 6.179448e-09 1.984051e-11 7.105282e-11 8.215821e-07
0.000000e+00 3.410605e-13 7.424092e-09 1.716539e-11 4.188730e-11 8.257719e-07
0.000000e+00 4.547474e-13 8.656684e-09 1.380596e-11 1.835200e-12 8.037765e-07
0.000000e+00 4.547474e-13 9.835389e-09 9.732149e-12 -4.239559e-11 7.523242e-07
0.000000e+00 3.410605e-13 1.091360e-08 3.606628e-12 -8.051741e-11 6.687498e-07
0.000000e+00 2.273737e-13 1.184162e-08 -2.526035e-12 -1.077256e-10 5.511759e-07
0.000000e+00 1.136868e-13 1.256717e-08 -5.952738e-12 -1.267561e-10 3.986929e-07
0.000000e+00 -1.136868e-13 1.303761e-08 -8.687725e-12 -1.301666e-10 2.115260e-07
0.000000e+00 -3.410605e-13 1.320166e-08 -1.208359e-11 -1.057142e-10 -8.849184e-09
0.000000e+00 -4.547474e-13 1.301100e-08 -1.479462e-11 -5.746845e-11 -2.595949e-07
0.000000e+00 -5.684342e-13 1.242279e-08 -1.612962e-11 8.426823e-12 -5.364465e-07
0.000000e+00 -5.684342e-13 1.140165e-08 -1.542031e-11 7.911624e-11 -8.336875e-07
0.000000e+00 -4.547474e-13 9.921678e-09 -1.471127e-11 1.334988e-10 -1.144164e-06
0.000000e+00 -2.273737e-13 7.969106e-09 -1.535610e-11 1.538501e-10 -1.459410e-06
0.000000e+00 0.000000e+00 5.543484e-09 -1.671713e-11 1.320389e-10 -1.769825e-06
0.000000e+00 2.273737e-13 2.659704e-09 -1.536765e-11 7.420575e-11 -2.064890e-06
0.000000e+00 3.410605e-13 -6.510845e-10 -1.194535e-11 -2.661533e-12 -2.333470e-06
0.000000e+00 2.273737e-13 -4.340677e-09 -7.855553e-12 -6.454922e-11 -2.564154e-06
0.000000e+00 1.136868e-13 -8.343591e-09 9.378965e-13 -8.901364e-11 -2.745658e-06
0.000000e+00 0.000000e+00 -1.257774e-08 1.311376e-11 -7.469561e-11 -2.867268e-06
0.000000e+00 -1.136868e-13 -1.694548e-08 2.599744e-11 -2.502215e-11 -2.919270e-06
0.000000e+00 -1.136868e-13 -2.133550e-08 4.030358e-11 4.092952e-11 -2.893398e-06
1.136868e-13 0.000000e+00 -2.562558e-08 4.509526e-11 9.261944e-11 -2.783242e-06
2.273737e-13 1.136868e-13 -2.968511e-08 2.811254e-11 1.089730e-10 -2.584661e-06
2.273737e-13 2.273737e-13 -3.337937e-08 -3.848818e-12 8.247583e-11 -2.296133e-06
2.273737e-13 3.410605e-13 -3.657340e-08 -4.263333e-11 1.580447e-11 -1.919009e-06
1.136868e-13 2.273737e-13 -3.913647e-08 -7.798157e-11 -6.111770e-11 -1.457710e-06
0.000000e+00 1.136868e-13 -4.094659e-08 -9.904710e-11 -1.189454e-10 -9.198408e-07
-1.136868e-13 -1.136868e-13 -4.189599e-08 -1.038006e-10 -1.427422e-10 -3.161482e-07
-2.273737e-13 -3.410605e-13 -4.189508e-08 -9.088157e-11 -1.182721e-10 3.396483e-07
-3.410605e-13 -5.684342e-13 -4.087713e-08 -5.958244e-11 -4.011707e-11 1.031143e-06
-4.547474e-13 -5.684342e-13 -3.880177e-08 -9.263971e-12 7.201213e-11 1.739665e-06
-4.547474e-13 -3.410605e-13 -3.565822e-08 5.326913e-11 1.719386e-10 2.444808e-06
-3.410605e-13 0.000000e+00 -3.146738e-08 1.117568e-10 2.249718e-10 3.125060e-06
-2.273737e-13 3.410605e-13 -2.628315e-08 1.532555e-10 2.188898e-10 3.758532e-06
0.000000e+00 6.821210e-13 -2.019181e-08 1.689096e-10 1.509796e-10 4.323695e-06
2.273737e-13 7.958079e-13 -1.331205e-08 1.519529e-10 3.749427e-11 4.800174e-06
4.547474e-13 6.821210e-13 -5.791321e-09 9.831165e-11 -8.485230e-11 5.169535e-06
5.684342e-13 4.547474e-13 2.196657e-09 1.539169e-11 -1.820387e-10 5.416010e-06
4.547474e-13 1.136868e-13 1.045680e-08 -6.890334e-11 -2.295890e-10 5.527192e-06
2.273737e-13 -2.273737e-13 1.877834e-08 -1.212153e-10 -2.152942e-10 5.494623e-06
0.000000e+00 -5.684342e-13 2.694071e-08 -1.293445e-10 -1.392053e-10 5.314262e-06
-2.273737e-13 -6.821210e-13 3.472110e-08 -9.945310e-11 -2.640587e-11 4.986802e-06
-3.410605e-13 -5.684342e-13 4.190122e-08 -4.510810e-11 7.894277e-11 4.517792e-06
-4.547474e-13 -3.410605e-13 4.827450e-08 2.418107e-11 1.448408e-10 3.917645e-06
-3.410605e-13 -1.136868e-13 5.365405e-08 8.941117e-11 1.570346e-10 3.201393e-06
-2.273737e-13 1.136868e-13 5.787865e-08 1.288671e-10 1.142511e-10 2.388237e-06
0.000000e+00 3.410605e-13 6.081882e-08 1.363476e-10 2.455935e-11 1.500974e-06
2.273737e-13 2.273737e-13 6.238167e-08 1.057792e-10 -7.405972e-11 5.652514e-07
3.410605e-13 0.000000e+00 6.251457e-08 4.737761e-11 -1.346187e-10 -3.913147e-07
4.547474e-13 -2.273737e-13 6.120763e-08 -2.533593e-11 -1.387335e-10 -1.340128e-06
3.410605e-13 -4.547474e-13 5.849415e-08 -9.400592e-11 -8.299954e-11 -2.252641e-06
2.273737e-13 -4.547474e-13 5.444963e-08 -1.382251e-10 1.214074e-11 -3.101360e-06
0.000000e+00 -3.410605e-13 4.918991e-08 -1.470948e-10 1.100006e-10 -3.860860e-06
-2.273737e-13 -1.136868e-13 4.286699e-08 -1.178847e-10 1.793351e-10 -4.508712e-06
-4.547474e-13 1.136868e-13 3.566379e-08 -5.395454e-11 2.004167e-10 -5.026293e-06
-4.547474e-13 4.547474e-13 2.778802e-08 2.699176e-11 1.562305e-10 -5.399443e-06
-3.410605e-13 5.684342e-13 1.946535e-08 9.566837e-11 5.560042e-11 -5.618970e-06
-2.273737e-13 5.684342e-13 1.093110e-08 1.391640e-10 -6.748460e-11 -5.680967e-06
0.000000e+00 3.410605e-13 2.422553e-09 1.472797e-10 -1.762394e-10 -5.586890e-06
2.273737e-13 0.000000e+00 -5.829406e-09 1.132128e-10 -2.340072e-10 -5.343432e-06
3.410605e-13 -3.410605e-13 -1.360763e-08 5.268654e-11 -2.231198e-10 -4.962190e-06
4.547474e-13 -6.821210e-13 -2.071590e-08 -1.797320e-11 -1.421902e-10 -4.459156e-06
4.547474e-13 -7.958079e-13 -2.698505e-08 -8.524327e-11 -1.641500e-11 -3.854034e-06
3.410605e-13 -6.821210e-13 -3.227797e-08 -1.314442e-10 1.120970e-10 -3.169402e-06
1.136868e-13 -4.547474e-13 -3.649325e-08 -1.423385e-10 2.106931e-10 -2.429791e-06
-1.136868e-13 0.000000e+00 -3.956734e-08 -1.138051e-10 2.474140e-10 -1.660700e-06
-3.410605e-13 3.410605e-13 -4.147535e-08 -5.536648e-11 2.113936e-10 -8.875992e-07
-4.547474e-13 6.821210e-13 -4.223011e-08 1.866430e-11 1.182921e-10 -1.349719e-07
-3.410605e-13 7.958079e-13 -4.188030e-08 7.844369e-11 -4.085707e-12 5.745845e-07
-2.273737e-13 6.821210e-13 -4.050639e-08 1.029471e-10 -1.162303e-10 1.221107e-06
-1.136868e-13 3.410605e-13 -3.821697e-08 9.479125e-11 -1.794293e-10 1.787897e-06
0.000000e+00 1.136868e-13 -3.514265e-08 6.141692e-11 -1.821907e-10 2.261991e-06
1.136868e-13 -1.136868e-13 -3.143089e-08 1.308973e-11 -1.373243e-10 2.634461e-06
1.136868e-13 -3.410605e-13 -2.723925e-08 -3.182753e-11 -5.910395e-11 2.900534e-06
1.136868e-13 -3.410605e-13 -2.272930e-08 -5.769989e-11 2.047954e-11 3.059517e-06
0.000000e+00 -3.410605e-13 -1.806063e-08 -5.295249e-11 7.484778e-11 3.114565e-06
-1.136868e-13 -2.273737e-13 -1.338549e-08 -1.281959e-11 8.772260e-11 3.072324e-06
-1.136868e-13 -1.136868e-13 -8.843585e-09 4.292458e-11 5.502976e-11 2.942439e-06
0.000000e+00 0.000000e+00 -4.558160e-09 8.577779e-11 -7.553645e-12 2.736963e-06
1.136868e-13 0.000000e+00 -6.326673e-10 1.014490e-10 -7.825159e-11 2.469694e-06
2.273737e-13 -1.136868e-13 2.850925e-09 8.644305e-11 -1.292531e-10 2.155502e-06
3.410605e-13 -3.410605e-13 5.833840e-09 3.951346e-11 -1.312845e-10 1.809626e-06
4.547474e-13 -5.684342e-13 8.279812e-09 -3.316674e-11 -7.211943e-11 1.447037e-06
3.410605e-13 -5.684342e-13 1.017486e-08 -1.052046e-10 2.374304e-11 1.081868e-06
2.273737e-13 -4.547474e-13 1.152534e-08 -1.500372e-10 1.209814e-10 7.269082e-07
0.000000e+00 -1.136868e-13 1.235560e-08 -1.594868e-10 1.828779e-10 3.932070e-07
-2.273737e-13 1.136868e-13 1.270496e-08 -1.295011e-10 1.903512e-10 8.983039e-08
-4.547474e-13 4.547474e-13 1.262504e-08 -6.147931e-11 1.393146e-10 -1.763073e-07
-4.547474e-13 5.684342e-13 1.217609e-08 2.214690e-11 4.207153e-11 -4.005035e-07
-3.410605e-13 5.684342e-13 1.142359e-08 8.948202e-11 -6.938579e-11 -5.802048e-07
-2.273737e-13 3.410605e-13 1.043554e-08 1.288972e-10 -1.611771e-10 -7.148752e-07
0.000000e+00 1.136868e-13 9.279006e-09 1.343046e-10 -2.081370e-10 -8.057760e-07
2.273737e-13 -2.273737e-13 8.018105e-09 1.023522e-10 -1.979612e-10 -8.557018e-07
3.410605e-13 -5.684342e-13 6.711844e-09 4.862096e-11 -1.238624e-10 -8.687114e-07
4.547474e-13 -6.821210e-13 5.411948e-09 -1.126128e-11 -1.100840e-11 -8.497759e-07
4.547474e-13 -5.684342e-13 4.162530e-09 -6.565624e-11 9.705624e-11 -8.044380e-07
3.410605e-13 -3.410605e-13 2.998718e-09 -1.023321e-10 1.704737e-10 -7.384978e-07
2.273737e-13 -1.136868e-13 1.947001e-09 -1.193263e-10 1.997262e-10 -6.577072e-07
0.000000e+00 2.273737e-13 1.025569e-09 -1.118420e-10 1.773202e-10 -5.675484e-07
-1.136868e-13 4.547474e-13 2.444267e-10 -8.529697e-11 1.066477e-10 -4.730337e-07
-2.273737e-13 4.547474e-13 -3.934701e-10 -5.672488e-11 2.027265e-11 -3.785370e-07
-3.410605e-13 3.410605e-13 -8.910774e-10 -3.223781e-11 -4.776908e-11 -2.877145e-07
-3.410605e-13 2.273737e-13 -1.256467e-09 -1.863125e-11 -8.517878e-11 -2.034608e-07
-3.410605e-13 1.136868e-13 -1.501348e-09 -1.387046e-11 -9.264738e-11 -1.278958e-07
-3.410605e-13 0.000000e+00 -1.640046e-09 -7.111207e-12 -7.223374e-11 -6.240501e-08
-3.410605e-13 -1.136868e-13 -1.688477e-09 9.169755e-12 -3.145480e-11 -7.699070e-09
-3.410605e-13 -1.136868e-13 -1.663125e-09 3.978256e-11 1.200960e-11 3.610044e-08
-2.273737e-13 -1.136868e-13 -1.580247e-09 7.791560e-11 4.531221e-11 6.935432e-08
-1.136868e-13 0.000000e+00 -1.455078e-09 1.113166e-10 5.551408e-11 9.279580e-08
0.000000e+00 1.136868e-13 -1.301828e-09 1.303816e-10 3.168650e-11 1.074441e-07
2.273737e-13 1.136868e-13 -1.132662e-09 1.201831e-10 -1.659181e-11 1.145074e-07
4.547474e-13 1.136868e-13 -9.581527e-10 7.263196e-11 -7.578240e-11 1.152889e-07
5.684342e-13 0.000000e+00 -7.867129e-10 -7.869546e-13 -1.268072e-10 1.111171e-07
4.547474e-13 -2.273737e-13 -6.248229e-10 -7.144153e-11 -1.403888e-10 1.032741e-07
3.410605e-13 -4.547474e-13 -4.769163e-10 -1.161967e-10 -1.009611e-10 9.292939e-08
1.136868e-13 -5.684342e-13 -3.460627e-10 -1.229899e-10 -2.002443e-11 8.111093e-08
-1.136868e-13 -4.547474e-13 -2.336265e-10 -9.038421e-11 7.250331e-11 6.868441e-08
-2.273737e-13 -2.273737e-13 -1.400622e-10 -3.599740e-11 1.480162e-10 5.634697e-08
-2.273737e-13 0.000000e+00 -6.468781e-11 1.834263e-11 1.881952e-10 4.463199e-08
-2.273737e-13 2.273737e-13 -6.252776e-12 5.841828e-11 1.828266e-10 3.391313e-08
-1.136868e-13 4.547474e-13 3.694822e-11 7.269683e-11 1.304880e-10 2.442625e-08
0.000000e+00 6.821210e-13 6.696155e-11 5.640778e-11 3.801778e-11 1.628616e-08
1.136868e-13 6.821210e-13 8.583356e-11 1.767701e-11 -7.007080e-11 9.510411e-09
1.136868e-13 4.547474e-13 9.549694e-11 -2.717036e-11 -1.537173e-10 4.058955e-09
1.136868e-13 2.273737e-13 9.799805e-11 -6.317231e-11 -1.870703e-10 -1.483474e-10
0.000000e+00 0.000000e+00 9.504220e-11 -7.606035e-11 -1.673936e-10 -3.226355e-09
-1.136868e-13 -2.273737e-13 8.822099e-11 -5.627092e-11 -9.875843e-11 -5.309554e-09
-2.273737e-13 -2.273737e-13 7.901235e-11 -1.067871e-11 -7.599334e-12 -6.546758e-09
-2.273737e-13 -1.136868e-13 6.855316e-11 3.962323e-11 6.514857e-11 -7.092303e-09
-1.136868e-13 0.000000e+00 5.763923e-11 7.154486e-11 1.017910e-10 -7.092941e-09
0.000000e+00 1.136868e-13 4.718004e-11 7.352871e-11 9.908830e-11 -6.689963e-09
1.136868e-13 2.273737e-13 3.763034e-11 4.425107e-11 5.359157e-11 -6.026744e-09
2.273737e-13 3.410605e-13 2.910383e-11 -6.764696e-12 -3.203827e-11 -5.221546e-09
2.273737e-13 2.273737e-13 2.194156e-11 -6.319515e-11 -1.278710e-10 -4.374935e-09
1.136868e-13 -1.136868e-13 1.602984e-11 -1.046534e-10 -1.849662e-10 -3.564336e-09
0.000000e+00 -3.410605e-13 1.125500e-11 -1.189136e-10 -1.815731e-10 -2.831880e-09
-2.273737e-13 -5.684342e-13 7.617018e-12 -9.848085e-11 -1.224375e-10 -2.211582e-09
-3.410605e-13 -6.821210e-13 4.774847e-12 -5.086162e-11 -1.909910e-11 -1.712951e-09
-4.547474e-13 -5.684342e-13 2.501110e-12 4.209215e-12 9.578029e-11 -1.314849e-09
-4.547474e-13 -3.410605e-13 7.958079e-13 5.173309e-11 1.827605e-10 -9.955198e-10
-3.410605e-13 -1.136868e-13 -4.547474e-13 7.475821e-11 2.262753e-10 -7.387256e-10
-2.273737e-13 2.273737e-13 -1.364242e-12 6.721292e-11 2.154045e-10 -5.260950e-10
-1.136868e-13 5.684342e-13 -2.046363e-12 3.856451e-11 1.426392e-10 -3.378696e-10
0.000000e+00 6.821210e-13 -2.387424e-12 3.842492e-12 3.045457e-11 -1.679739e-10
0.000000e+00 5.684342e-13 -2.501110e-12 -1.520506e-11 -7.962483e-11 -1.848253e-11
0.000000e+00 3.410605e-13 -2.387424e-12 -5.716938e-12 -1.536446e-10 1.086141e-10
0.000000e+00 1.136868e-13 -2.160050e-12 2.893718e-11 -1.774002e-10 2.133082e-10
0.000000e+00 -1.136868e-13 -1.705303e-12 8.061488e-11 -1.508401e-10 2.873746e-10
1.136868e-13 -3.410605e-13 -1.250555e-12 1.275385e-10 -8.283412e-11 3.260830e-10
3.410605e-13 -3.410605e-13 -7.958079e-13 1.391131e-10 9.678821e-14 3.335711e-10
5.684342e-13 -2.273737e-13 -3.410605e-13 9.971083e-11 6.406000e-11 3.077687e-10
6.821210e-13 -1.136868e-13 1.136868e-13 1.953961e-11 9.267662e-11 2.493423e-10
5.684342e-13 0.000000e+00 4.547474e-13 -7.359518e-11 8.854768e-11 1.671094e-10
3.410605e-13 1.136868e-13 5.684342e-13 -1.483825e-10 6.333430e-11 8.351165e-11
1.136868e-13 2.273737e-13 5.684342e-13 -1.857852e-10 2.590855e-11 1.964724e-11
-1.136868e-13 2.273737e-13 5.684342e-13 -1.817416e-10 -8.783815e-12 -1.770659e-11
-3.410605e-13 2.273737e-13 5.684342e-13 -1.375502e-10 -2.582044e-11 -2.991303e-11
-5.684342e-13 2.273737e-13 5.684342e-13 -5.738912e-11 -2.582740e-11 -2.170339e-11
-5.684342e-13 2.273737e-13 5.684342e-13 3.703745e-11 -2.105053e-11 -2.604915e-12
-4.547474e-13 2.273737e-13 5.684342e-13 1.165825e-10 -2.376670e-11 1.441444e-11
-2.273737e-13 2.273737e-13 5.684342e-13 1.621359e-10 -4.003013e-11 1.509089e-11
0.000000e+00 1.136868e-13 5.684342e-13 1.661919e-10 -6.242359e-11 -1.139105e-11
2.273737e-13 0.000000e+00 5.684342e-13 1.314767e-10 -8.145368e-11 -6.504109e-11
4.547474e-13 -1.136868e-13 4.547474e-13 6.823464e-11 -9.570425e-11 -1.276051e-10
5.684342e-13 -2.273737e-13 2.273737e-13 -7.191213e-12 -9.835541e-11 -1.704547e-10
4.547474e-13 -3.410605e-13 0.000000e+00 -6.766046e-11 -8.069386e-11 -1.697595e-10
3.410605e-13 -4.547474e-13 -2.273737e-13 -9.621059e-11 -3.722184e-11 -1.113101e-10
2.273737e-13 -4.547474e-13 -2.273737e-13 -1.002645e-10 2.391321e-11 -5.286698e-12
1.136868e-13 -4.547474e-13 -1.136868e-13 -8.869748e-11 9.049581e-11 1.272231e-10
0.000000e+00 -3.410605e-13 2.273737e-13 -7.034908e-11 1.483034e-10 2.603976e-10
-1.136868e-13 -1.136868e-13 6.821210e-13 -5.469896e-11 1.754965e-10 3.575930e-10
-2.273737e-13 1.136868e-13 1.250555e-12 -4.725974e-11 1.612257e-10 3.916054e-10
-3.410605e-13 3.410605e-13 1.818989e-12 -4.663044e-11 1.055116e-10 3.501287e-10
-4.547474e-13 3.410605e-13 2.273737e-12 -4.396119e-11 3.142023e-11 2.406882e-10
-5.684342e-13 3.410605e-13 2.501110e-12 -2.432676e-11 -3.453130e-11 9.657504e-11
-5.684342e-13 3.410605e-13 2.501110e-12 1.978939e-11 -8.688484e-11 -3.800631e-11
-5.684342e-13 2.273737e-13 2.273737e-12 8.905695e-11 -1.141012e-10 -1.236456e-10
-3.410605e-13 0.000000e+00 2.046363e-12 1.692406e-10 -1.011893e-10 -1.406857e-10
0.000000e+00 -1.136868e-13 1.818989e-12 2.345368e-10 -5.633914e-11 -9.313759e-11
3.410605e-13 -2.273737e-13 1.818989e-12 2.672247e-10 2.809805e-12 -9.553319e-12
7.958079e-13 -2.273737e-13 1.932676e-12 2.428101e-10 6.064670e-11 7.269155e-11
1.136868e-12 -1.136868e-13 2.046363e-12 1.490707e-10 9.941666e-11 1.318433e-10
1.250555e-12 0.000000e+00 2.273737e-12 3.671521e-12 1.075067e-10 1.454569e-10
1.136868e-12 1.136868e-13 2.501110e-12 -1.635087e-10 8.227247e-11 9.450019e-11
7.958079e-13 2.273737e-13 2.501110e-12 -3.144000e-10 2.924614e-11 -1.694968e-11
2.273737e-13 2.273737e-13 2.387424e-12 -4.061735e-10 -3.538849e-11 -1.746741e-10
-3.410605e-13 2.273737e-13 2.046363e-12 -4.150227e-10 -9.593758e-11 -3.609421e-10
-9.094947e-13 1.136868e-13 1.364242e-12 -3.327840e-10 -1.380918e-10 -5.451135e-10
-1.250555e-12 -1.136868e-13 4.547474e-13 -1.730532e-10 -1.421884e-10 -7.034753e-10
-1.364242e-12 -3.410605e-13 -6.821210e-13 2.678388e-11 -1.013738e-10 -8.258123e-10
-1.250555e-12 -4.547474e-13 -2.046363e-12 2.293260e-10 -2.797037e-11 -9.087453e-10
-7.958079e-13 -3.410605e-13 -3.410605e-12 3.870077e-10 4.680259e-11 -9.740512e-10
-1.136868e-13 -2.273737e-13 -4.888534e-12 4.488491e-10 1.025823e-10 -1.048169e-09
5.684342e-13 -1.136868e-13 -6.593837e-12 3.944532e-10 1.392802e-10 -1.132497e-09
1.023182e-12 1.136868e-13 -8.412826e-12 2.428414e-10 1.467575e-10 -1.224989e-09
1.250555e-12 3.410605e-13 -1.034550e-11 3.551162e-11 1.141405e-10 -1.334471e-09
1.136868e-12 5.684342e-13 -1.250555e-11 -1.744772e-10 4.275381e-11 -1.448712e-09
7.958079e-13 5.684342e-13 -1.477929e-11 -3.375746e-10 -5.038407e-11 -1.545940e-09
2.273737e-13 3.410605e-13 -1.716671e-11 -4.122943e-10 -1.292603e-10 -1.615270e-09
-3.410605e-13 1.136868e-13 -1.955414e-11 -3.789543e-10 -1.714385e-10 -1.648551e-09
-7.958079e-13 -1.136868e-13 -2.205525e-11 -2.545612e-10 -1.749058e-10 -1.632225e-09
-1.023182e-12 -3.410605e-13 -2.455636e-11 -7.917540e-11 -1.402723e-10 -1.543172e-09
-1.023182e-12 -5.684342e-13 -2.671641e-11 9.752693e-11 -6.890609e-11 -1.375231e-09
-7.958079e-13 -5.684342e-13 -2.864908e-11 2.279497e-10 2.215991e-11 -1.130397e-09
-3.410605e-13 -4.547474e-13 -3.012701e-11 2.741230e-10 1.085186e-10 -8.060029e-10
1.136868e-13 -2.273737e-13 -3.115019e-11 2.237674e-10 1.710787e-10 -3.938902e-10
3.410605e-13 0.000000e+00 -3.137757e-11 1.053980e-10 1.995879e-10 9.982786e-11
3.410605e-13 3.410605e-13 -3.092282e-11 -2.928709e-11 1.880162e-10 6.662957e-10
2.273737e-13 5.684342e-13 -2.944489e-11 -1.347303e-10 1.377547e-10 1.289866e-09
-1.136868e-13 7.958079e-13 -2.705747e-11 -1.687500e-10 5.891312e-11 1.943999e-09
-3.410605e-13 7.958079e-13 -2.364686e-11 -1.171104e-10 -2.948415e-11 2.614464e-09
-4.547474e-13 6.821210e-13 -1.932676e-11 -4.938196e-12 -1.001969e-10 3.293784e-09
-3.410605e-13 5.684342e-13 -1.386979e-11 1.242552e-10 -1.504871e-10 3.965630e-09
0.000000e+00 3.410605e-13 -7.503331e-12 2.153424e-10 -1.790229e-10 4.613052e-09
3.410605e-13 1.136868e-13 -1.136868e-13 2.350477e-10 -1.851261e-10 5.230584e-09
6.821210e-13 -1.136868e-13 8.185452e-12 1.725278e-10 -1.783018e-10 5.808611e-09
7.958079e-13 -3.410605e-13 1.739409e-11 4.883842e-11 -1.620122e-10 6.328153e-09
7.958079e-13 -5.684342e-13 2.717115e-11 -9.730909e-11 -1.402907e-10 6.774892e-09
5.684342e-13 -7.958079e-13 3.763034e-11 -2.278479e-10 -1.110765e-10 7.133184e-09
1.136868e-13 -9.094947e-13 4.854428e-11 -2.938058e-10 -7.439120e-11 7.371831e-09
-3.410605e-13 -1.023182e-12 5.968559e-11 -2.693267e-10 -2.614579e-11 7.459478e-09
-7.958079e-13 -1.023182e-12 7.082690e-11 -1.584983e-10 3.565778e-11 7.368308e-09
-9.094947e-13 -1.023182e-12 8.174084e-11 1.308741e-12 1.036233e-10 7.065653e-09
-7.958079e-13 -9.094947e-13 9.197265e-11 1.557026e-10 1.709386e-10 6.532472e-09
-4.547474e-13 -6.821210e-13 1.012950e-10 2.577321e-10 2.164915e-10 5.767482e-09
-1.136868e-13 -3.410605e-13 1.092531e-10 2.801947e-10 2.110705e-10 4.778128e-09
3.410605e-13 0.000000e+00 1.156195e-10 2.170286e-10 1.403771e-10 3.591589e-09
5.684342e-13 1.136868e-13 1.200533e-10 8.864482e-11 1.735385e-11 2.249302e-09
5.684342e-13 0.000000e+00 1.224407e-10 -5.613842e-11 -1.220178e-10 7.927286e-10
3.410605e-13 -3.410605e-13 1.224407e-10 -1.724095e-10 -2.355935e-10 -7.317806e-10
0.000000e+00 -7.958079e-13 1.201670e-10 -2.267863e-10 -2.879774e-10 -2.275983e-09
-3.410605e-13 -1.250555e-12 1.156195e-10 -2.057233e-10 -2.560588e-10 -3.801905e-09
-6.821210e-13 -1.477929e-12 1.087983e-10 -1.139544e-10 -1.438864e-10 -5.270717e-09
-7.958079e-13 -1.591616e-12 9.981704e-11 2.202362e-11 2.951144e-11 -6.639565e-09
-6.821210e-13 -1.477929e-12 8.878942e-11 1.607111e-10 2.355304e-10 -7.845225e-09
-3.410605e-13 -1.023182e-12 7.617018e-11 2.626683e-10 4.252599e-10 -8.825092e-09
0.000000e+00 -2.273737e-13 6.230039e-11 3.068275e-10 5.436152e-10 -9.528870e-09
4.547474e-13 5.684342e-13 4.752110e-11 2.857498e-10 5.687955e-10 -9.897422e-09
9.094947e-13 1.477929e-12 3.251444e-11 1.939945e-10 5.089752e-10 -9.884512e-09
1.136868e-12 2.160050e-12 1.784883e-11 5.055822e-11 3.981250e-10 -9.469731e-09
1.136868e-12 2.614797e-12 4.092726e-12 -1.092124e-10 3.043015e-10 -8.639463e-09
9.094947e-13 3.069545e-12 -8.071765e-12 -2.519632e-10 2.757919e-10 -7.392372e-09
4.547474e-13 3.524292e-12 -1.807621e-11 -3.457252e-10 3.343216e-10 -5.741324e-09
-1.136868e-13 4.092726e-12 -2.535216e-11 -3.715273e-10 4.859677e-10 -3.707407e-09
-6.821210e-13 4.888534e-12 -2.921752e-11 -3.294153e-10 7.000917e-10 -1.332122e-09
-1.136868e-12 6.139089e-12 -2.933120e-11 -2.301942e-10 9.060379e-10 1.334241e-09
-1.364242e-12 7.617018e-12 -2.523848e-11 -9.630044e-11 1.031844e-09 4.233784e-09
-1.364242e-12 9.208634e-12 -1.659828e-11 4.506670e-11 1.033267e-09 7.288330e-09
-1.136868e-12 1.080025e-11 -3.296918e-12 1.694510e-10 8.877528e-10 1.040066e-08
-7.958079e-13 1.205080e-11 1.466560e-11 2.591190e-10 6.170874e-10 1.345518e-08
-4.547474e-13 1.273293e-11 3.717560e-11 3.127199e-10 2.913589e-10 1.630571e-08
0.000000e+00 1.296030e-11 6.366463e-11 3.303519e-10 -9.237343e-12 1.877948e-08
4.547474e-13 1.273293e-11 9.356427e-11 3.099557e-10 -2.235172e-10 2.068679e-08
9.094947e-13 1.227818e-11 1.257376e-10 2.487226e-10 -3.316732e-10 2.183524e-08
1.136868e-12 1.182343e-11 1.590479e-10 1.555172e-10 -3.731239e-10 2.204195e-08
1.250555e-12 1.125500e-11 1.919034e-10 4.608136e-11 -4.179922e-10 2.114095e-08
1.250555e-12 1.057288e-11 2.224851e-10 -7.141221e-11 -5.438314e-10 1.901258e-08
1.023182e-12 9.663381e-12 2.489742e-10 -1.760207e-10 -8.294734e-10 1.557725e-08
6.821210e-13 8.071765e-12 2.693241e-10 -2.467112e-10 -1.306172e-09 1.079626e-08
3.410605e-13 5.684342e-12 2.813749e-10 -2.780035e-10 -1.948742e-09 4.694734e-09
-1.136868e-13 2.160050e-12 2.833076e-10 -2.637030e-10 -2.683020e-09 -2.667556e-09
-4.547474e-13 -2.387424e-12 2.733032e-10 -2.052065e-10 -3.409860e-09 -1.121171e-08
-6.821210e-13 -8.071765e-12 2.496563e-10 -1.257088e-10 -4.026589e-09 -2.082820e-08
-7.958079e-13 -1.455192e-11 2.107754e-10 -4.282800e-11 -4.447487e-09 -3.137015e-08
-7.958079e-13 -2.148681e-11 1.555236e-10 3.460182e-11 -4.646093e-09 -4.264992e-08
-7.958079e-13 -2.853540e-11 8.276402e-11 1.045277e-10 -4.646126e-09 -5.442274e-08
-6.821210e-13 -3.535661e-11 -7.844392e-12 1.643181e-10 -4.506786e-09 -6.638736e-08
-4.547474e-13 -4.195044e-11 -1.164153e-10 2.071280e-10 -4.286552e-09 -7.819285e-08
-1.136868e-13 -4.820322e-11 -2.424940e-10 2.261131e-10 -4.017998e-09 -8.942033e-08
2.273737e-13 -5.400125e-11 -3.847163e-10 2.138687e-10 -3.703223e-09 -9.961828e-08
5.684342e-13 -5.934453e-11 -5.412630e-10 1.656229e-10 -3.306850e-09 -1.083223e-07
7.958079e-13 -6.400569e-11 -7.096332e-10 8.680961e-11 -2.774419e-09 -1.150481e-07
7.958079e-13 -6.775736e-11 -8.864163e-10 5.288791e-13 -2.054984e-09 -1.193300e-07
6.821210e-13 -7.025847e-11 -1.067519e-09 -7.690386e-11 -1.118602e-09 -1.207572e-07
5.684342e-13 -7.116796e-11 -1.248509e-09 -1.454867e-10 2.120313e-11 -1.189708e-07
3.410605e-13 -7.025847e-11 -1.424382e-09 -2.004759e-10 1.316774e-09 -1.136654e-07
0.000000e+00 -6.730261e-11 -1.589569e-09 -2.303524e-10 2.697968e-09 -1.046221e-07
-3.410605e-13 -6.218670e-11 -1.738272e-09 -2.290052e-10 4.081826e-09 -9.172734e-08
-6.821210e-13 -5.502443e-11 -1.864692e-09 -1.916333e-10 5.403830e-09 -7.497020e-08
-1.023182e-12 -4.604317e-11 -1.963144e-09 -1.141419e-10 6.643585e-09 -5.445943e-08
-1.136868e-12 -3.512923e-11 -2.028173e-09 -6.763421e-12 7.801012e-09 -3.042694e-08
-1.023182e-12 -2.262368e-11 -2.054435e-09 1.046714e-10 8.893069e-09 -3.246108e-09
-7.958079e-13 -8.526513e-12 -2.037837e-09 2.018636e-10 9.942909e-09 2.657916e-08
-3.410605e-13 7.162271e-12 -1.974627e-09 2.678513e-10 1.093151e-08 5.842273e-08
1.136868e-13 2.421530e-11 -1.862418e-09 2.855782e-10 1.180448e-08 9.153178e-08
5.684342e-13 4.251888e-11 -1.699959e-09 2.536552e-10 1.246263e-08 1.250617e-07
9.094947e-13 6.150458e-11 -1.487251e-09 1.782241e-10 1.278420e-08 1.580782e-07
1.023182e-12 8.083134e-11 -1.225658e-09 8.030968e-11 1.264473e-08 1.895708e-07
1.023182e-12 9.947598e-11 -9.184760e-10 -1.622191e-11 1.195791e-08 2.185033e-07
9.094947e-13 1.167564e-10 -5.701395e-10 -1.004614e-10 1.070610e-08 2.438461e-07
6.821210e-13 1.316494e-10 -1.869012e-10 -1.588834e-10 8.936867e-09 2.646146e-07
4.547474e-13 1.435865e-10 2.236220e-10 -1.812935e-10 6.753554e-09 2.799309e-07
2.273737e-13 1.518856e-10 6.527898e-10 -1.683446e-10 4.293479e-09 2.890381e-07
0.000000e+00 1.564331e-10 1.090712e-09 -1.234838e-10 1.693958e-09 2.913345e-07
-2.273737e-13 1.570015e-10 1.526814e-09 -5.280244e-11 -9.334898e-10 2.864196e-07
-2.273737e-13 1.537046e-10 1.949957e-09 2.127868e-11 -3.511390e-09 2.741103e-07
-2.273737e-13 1.465423e-10 2.349111e-09 8.243138e-11 -6.000308e-09 2.544435e-07
-1.136868e-13 1.357421e-10 2.713250e-09 1.211538e-10 -8.375705e-09 2.276720e-07
1.136868e-13 1.214175e-10 3.032142e-09 1.197950e-10 -1.061640e-08 1.942644e-07
3.410605e-13 1.039098e-10 3.296122e-09 7.221765e-11 -1.269318e-08 1.549129e-07
4.547474e-13 8.344614e-11 3.496893e-09 -9.365456e-12 -1.456125e-08 1.105247e-07
3.410605e-13 6.025402e-11 3.627633e-09 -9.435280e-11 -1.614500e-08 6.219181e-08
1.136868e-13 3.501555e-11 3.683454e-09 -1.508274e-10 -1.735744e-08 1.117437e-08
-1.136868e-13 8.185452e-12 3.661171e-09 -1.638010e-10 -1.810883e-08 -4.112415e-08
-3.410605e-13 -1.932676e-11 3.559990e-09 -1.318953e-10 -1.832840e-08 -9.320100e-08
-5.684342e-13 -4.683898e-11 3.381501e-09 -5.441035e-11 -1.796860e-08 -1.435241e-07
-5.684342e-13 -7.332801e-11 3.129344e-09 4.898092e-11 -1.701308e-08 -1.905886e-07
-3.410605e-13 -9.788437e-11 2.809657e-09 1.353715e-10 -1.549725e-08 -2.329809e-07
-1.136868e-13 -1.197122e-10 2.430397e-09 1.775413e-10 -1.348777e-08 -2.694402e-07
1.136868e-13 -1.382432e-10 2.001343e-09 1.693932e-10 -1.106014e-08 -2.988921e-07
3.410605e-13 -1.529088e-10 1.533635e-09 1.136294e-10 -8.295955e-09 -3.204758e-07
3.410605e-13 -1.631406e-10 1.039894e-09 3.748716e-11 -5.297874e-09 -3.335963e-07
3.410605e-13 -1.688250e-10 5.328502e-10 -3.524186e-11 -2.167159e-09 -3.379286e-07
3.410605e-13 -1.697344e-10 2.603429e-11 -9.844508e-11 9.947963e-10 -3.334195e-07
2.273737e-13 -1.658691e-10 -4.673666e-10 -1.371685e-10 4.077126e-09 -3.203078e-07
0.000000e+00 -1.574563e-10 -9.348469e-10 -1.351564e-10 6.971091e-09 -2.990872e-07
-2.273737e-13 -1.449507e-10 -1.364583e-09 -9.304388e-11 9.580831e-09 -2.705110e-07
-3.410605e-13 -1.288072e-10 -1.746344e-09 -3.182257e-11 1.182344e-08 -2.355728e-07
-3.410605e-13 -1.095941e-10 -2.071260e-09 2.188244e-11 1.362548e-08 -1.954728e-07
-3.410605e-13 -8.799361e-11 -2.332740e-09 5.449324e-11 1.492639e-08 -1.515675e-07
-2.273737e-13 -6.480150e-11 -2.526008e-09 6.127637e-11 1.568397e-08 -1.053087e-07
-1.136868e-13 -4.092726e-11 -2.648676e-09 4.150601e-11 1.588665e-08 -5.819515e-08
0.000000e+00 -1.705303e-11 -2.700631e-09 6.094132e-12 1.555215e-08 -1.169975e-08
0.000000e+00 5.798029e-12 -2.683805e-09 -2.317613e-11 1.473824e-08 3.279113e-08
0.000000e+00 2.705747e-11 -2.602178e-09 -2.794041e-11 1.352987e-08 7.402755e-08
0.000000e+00 4.638423e-11 -2.461661e-09 -6.873327e-12 1.199574e-08 1.109466e-07
0.000000e+00 6.309619e-11 -2.269303e-09 3.665243e-11 1.020932e-08 1.426909e-07
0.000000e+00 7.707968e-11 -2.033516e-09 9.176361e-11 8.240672e-09 1.686122e-07
1.136868e-13 8.787993e-11 -1.763397e-09 1.298771e-10 6.151667e-09 1.882762e-07
3.410605e-13 9.549694e-11 -1.468607e-09 1.182942e-10 4.009639e-09 2.014604e-07
5.684342e-13 9.993073e-11 -1.159037e-09 4.413610e-11 1.862826e-09 2.081594e-07
5.684342e-13 1.011813e-10 -8.442385e-10 -6.739737e-11 -2.377264e-10 2.085677e-07
3.410605e-13 9.924861e-11 -5.334186e-10 -1.667234e-10 -2.224019e-09 2.030669e-07
0.000000e+00 9.447376e-11 -2.351044e-10 -2.116298e-10 -4.024625e-09 1.922192e-07
-3.410605e-13 8.719780e-11 4.320100e-11 -1.776350e-10 -5.576297e-09 1.767530e-07
-4.547474e-13 7.776180e-11 2.951310e-10 -7.295505e-11 -6.823388e-09 1.575332e-07
-4.547474e-13 6.673417e-11 5.157972e-10 7.051218e-11 -7.722269e-09 1.355099e-07
-2.273737e-13 5.456968e-11 7.016752e-10 2.085810e-10 -8.245777e-09 1.116682e-07
2.273737e-13 4.195044e-11 8.507186e-10 2.834390e-10 -8.402116e-09 8.697995e-08
6.821210e-13 2.933120e-11 9.625865e-10 2.603787e-10 -8.233434e-09 6.233513e-08
1.023182e-12 1.716671e-11 1.037733e-09 1.413639e-10 -7.792131e-09 3.852260e-08
1.136868e-12 5.911716e-12 1.078092e-09 -4.428400e-11 -7.150893e-09 1.620337e-08
9.094947e-13 -4.206413e-12 1.086391e-09 -2.400640e-10 -6.389967e-09 -4.114677e-09
4.547474e-13 -1.318767e-11 1.065814e-09 -3.869195e-10 -5.567837e-09 -2.205272e-08
-2.273737e-13 -2.080469e-11 1.020226e-09 -4.338599e-10 -4.725240e-09 -3.736388e-08
-9.094947e-13 -2.717115e-11 9.537189e-10 -3.495268e-10 -3.885325e-09 -4.992980e-08
-1.364242e-12 -3.228706e-11 8.703864e-10 -1.522920e-10 -3.057691e-09 -5.973348e-08
-1.364242e-12 -3.626610e-11 7.744347e-10 9.520016e-11 -2.244382e-09 -6.684637e-08
-1.023182e-12 -3.910827e-11 6.698428e-10 3.140783e-10 -1.445341e-09 -7.143298e-08
-4.547474e-13 -4.069989e-11 5.602487e-10 4.404886e-10 -6.904842e-10 -7.372314e-08
2.273737e-13 -4.115464e-11 4.487219e-10 4.330077e-10 -3.152592e-11 -7.397459e-08
7.958079e-13 -4.069989e-11 3.383320e-10 2.922820e-10 4.826218e-10 -7.247909e-08
1.136868e-12 -3.967671e-11 2.313527e-10 6.450537e-11 8.233767e-10 -6.954676e-08
1.023182e-12 -3.819878e-11 1.297167e-10 -1.741610e-10 9.832280e-10 -6.548965e-08
6.821210e-13 -3.672085e-11 3.490186e-11 -3.509532e-10 9.920824e-10 -6.061176e-08
0.000000e+00 -3.524292e-11 -5.218226e-11 -4.094523e-10 9.070934e-10 -5.517901e-08
-5.684342e-13 -3.399236e-11 -1.307399e-10 -3.265066e-10 7.908554e-10 -4.942386e-08
-9.094947e-13 -3.296918e-11 -2.004299e-10 -1.381579e-10 7.153331e-10 -4.354149e-08
-1.023182e-12 -3.194600e-11 -2.612524e-10 1.004681e-10 7.240479e-10 -3.765780e-08
-6.821210e-13 -3.080913e-11 -3.133209e-10 3.146211e-10 8.272683e-10 -3.181423e-08
-1.136868e-13 -2.944489e-11 -3.567493e-10 4.322214e-10 1.015498e-09 -2.597944e-08
5.684342e-13 -2.785328e-11 -3.913101e-10 4.199439e-10 1.265555e-09 -2.008617e-08
1.136868e-12 -2.569323e-11 -4.170033e-10 2.818869e-10 1.534624e-09 -1.404539e-08
1.477929e-12 -2.319211e-11 -4.333742e-10 6.021971e-11 1.792818e-09 -7.768660e-09
1.364242e-12 -2.023626e-11 -4.403091e-10 -1.709435e-10 2.037414e-09 -1.169630e-09
1.023182e-12 -1.693934e-11 -4.368985e-10 -3.422610e-10 2.287447e-09 5.817021e-09
3.410605e-13 -1.330136e-11 -4.228013e-10 -4.034162e-10 2.594536e-09 1.321440e-08
-2.273737e-13 -9.208634e-12 -3.973355e-10 -3.449232e-10 3.016494e-09 2.101231e-08
