0.000000e+00 0.000000e+00 0.000000e+00 0.000000e+00 0.000000e+00 0.000000e+00
0.000000e+00 0.000000e+00 0.000000e+00 0.000000e+00 0.000000e+00 0.000000e+00
0.000000e+00 0.000000e+00 0.000000e+00 0.000000e+00 0.000000e+00 0.000000e+00
0.000000e+00 0.000000e+00 0.000000e+00 0.000000e+00 0.000000e+00 0.000000e+00
0.000000e+00 0.000000e+00 0.000000e+00 0.000000e+00 0.000000e+00 0.000000e+00
0.000000e+00 0.000000e+00 0.000000e+00 0.000000e+00 0.000000e+00 0.000000e+00
0.000000e+00 0.000000e+00 0.000000e+00 0.000000e+00 0.000000e+00 0.000000e+00
0.000000e+00 0.000000e+00 0.000000e+00 0.000000e+00 0.000000e+00 0.000000e+00
0.000000e+00 0.000000e+00 0.000000e+00 0.000000e+00 0.000000e+00 0.000000e+00
0.000000e+00 0.000000e+00 0.000000e+00 0.000000e+00 0.000000e+00 0.000000e+00
0.000000e+00 0.000000e+00 0.000000e+00 0.000000e+00 0.000000e+00 0.000000e+00
0.000000e+00 0.000000e+00 0.000000e+00 0.000000e+00 0.000000e+00 0.000000e+00
0.000000e+00 0.000000e+00 0.000000e+00 0.000000e+00 0.000000e+00 0.000000e+00
0.000000e+00 0.000000e+00 0.000000e+00 0.000000e+00 0.000000e+00 0.000000e+00
0.000000e+00 0.000000e+00 0.000000e+00 0.000000e+00 0.000000e+00 0.000000e+00
0.000000e+00 0.000000e+00 0.000000e+00 0.000000e+00 0.000000e+00 0.000000e+00
0.000000e+00 0.000000e+00 0.000000e+00 0.000000e+00 0.000000e+00 0.000000e+00
0.000000e+00 0.000000e+00 0.000000e+00 0.000000e+00 0.000000e+00 0.000000e+00
0.000000e+00 0.000000e+00 0.000000e+00 0.000000e+00 0.000000e+00 0.000000e+00
0.000000e+00 0.000000e+00 0.000000e+00 0.000000e+00 0.000000e+00 0.000000e+00
0.000000e+00 0.000000e+00 0.000000e+00 0.000000e+00 0.000000e+00 0.000000e+00
0.000000e+00 0.000000e+00 0.000000e+00 0.000000e+00 0.000000e+00 0.000000e+00
0.000000e+00 0.000000e+00 0.000000e+00 0.000000e+00 0.000000e+00 0.000000e+00
0.000000e+00 0.000000e+00 0.000000e+00 0.000000e+00 0.000000e+00 0.000000e+00
0.000000e+00 0.000000e+00 0.000000e+00 0.000000e+00 0.000000e+00 0.000000e+00
0.000000e+00 0.000000e+00 0.000000e+00 0.000000e+00 0.000000e+00 0.000000e+00
0.000000e+00 0.000000e+00 0.000000e+00 0.000000e+00 0.000000e+00 0.000000e+00
0.000000e+00 0.000000e+00 0.000000e+00 0.000000e+00 0.000000e+00 0.000000e+00
0.000000e+00 0.000000e+00 0.000000e+00 0.000000e+00 0.000000e+00 0.000000e+00
0.000000e+00 0.000000e+00 0.000000e+00 0.000000e+00 0.000000e+00 0.000000e+00
0.000000e+00 0.000000e+00 0.000000e+00 0.000000e+00 0.000000e+00 0.000000e+00
0.000000e+00 0.000000e+00 0.000000e+00 0.000000e+00 0.000000e+00 0.000000e+00
0.000000e+00 0.000000e+00 0.000000e+00 0.000000e+00 0.000000e+00 0.000000e+00
0.000000e+00 0.000000e+00 0.000000e+00 0.000000e+00 0.000000e+00 0.000000e+00
0.000000e+00 0.000000e+00 0.000000e+00 0.000000e+00 0.000000e+00 0.000000e+00
0.000000e+00 0.000000e+00 0.000000e+00 0.000000e+00 0.000000e+00 0.000000e+00
0.000000e+00 0.000000e+00 0.000000e+00 0.000000e+00 0.000000e+00 0.000000e+00
0.000000e+00 0.000000e+00 0.000000e+00 0.000000e+00 0.000000e+00 0.000000e+00
0.000000e+00 0.000000e+00 0.000000e+00 0.000000e+00 0.000000e+00 0.000000e+00
0.000000e+00 0.000000e+00 0.000000e+00 0.000000e+00 0.000000e+00 0.000000e+00
0.000000e+00 0.000000e+00 0.000000e+00 0.000000e+00 0.000000e+00 0.000000e+00
0.000000e+00 0.000000e+00 0.000000e+00 0.000000e+00 0.000000e+00 0.000000e+00
0.000000e+00 0.000000e+00 0.000000e+00 0.000000e+00 0.000000e+00 0.000000e+00
0.000000e+00 0.000000e+00 0.000000e+00 0.000000e+00 0.000000e+00 0.000000e+00
0.000000e+00 0.000000e+00 0.000000e+00 0.000000e+00 0.000000e+00 0.000000e+00
0.000000e+00 0.000000e+00 0.000000e+00 0.000000e+00 0.000000e+00 0.000000e+00
0.000000e+00 0.000000e+00 0.000000e+00 0.000000e+00 0.000000e+00 0.000000e+00
0.000000e+00 0.000000e+00 0.000000e+00 0.000000e+00 0.000000e+00 0.000000e+00
0.000000e+00 0.000000e+00 0.000000e+00 0.000000e+00 0.000000e+00 0.000000e+00
0.000000e+00 0.000000e+00 0.000000e+00 0.000000e+00 0.000000e+00 0.000000e+00
0.000000e+00 0.000000e+00 0.000000e+00 0.000000e+00 0.000000e+00 0.000000e+00
0.000000e+00 0.000000e+00 0.000000e+00 0.000000e+00 0.000000e+00 0.000000e+00
0.000000e+00 0.000000e+00 0.000000e+00 0.000000e+00 0.000000e+00 0.000000e+00
0.000000e+00 0.000000e+00 0.000000e+00 0.000000e+00 0.000000e+00 0.000000e+00
0.000000e+00 0.000000e+00 0.000000e+00 0.000000e+00 0.000000e+00 0.000000e+00
0.000000e+00 0.000000e+00 0.000000e+00 0.000000e+00 0.000000e+00 0.000000e+00
0.000000e+00 0.000000e+00 0.000000e+00 0.000000e+00 0.000000e+00 0.000000e+00
0.000000e+00 0.000000e+00 0.000000e+00 0.000000e+00 0.000000e+00 0.000000e+00
0.000000e+00 0.000000e+00 0.000000e+00 0.000000e+00 0.000000e+00 0.000000e+00
0.000000e+00 0.000000e+00 0.000000e+00 0.000000e+00 0.000000e+00 0.000000e+00
0.000000e+00 0.000000e+00 0.000000e+00 0.000000e+00 0.000000e+00 0.000000e+00
0.000000e+00 0.000000e+00 0.000000e+00 0.000000e+00 0.000000e+00 0.000000e+00
0.000000e+00 0.000000e+00 0.000000e+00 0.000000e+00 0.000000e+00 0.000000e+00
0.000000e+00 0.000000e+00 0.000000e+00 0.000000e+00 0.000000e+00 0.000000e+00
0.000000e+00 0.000000e+00 0.000000e+00 0.000000e+00 0.000000e+00 0.000000e+00
0.000000e+00 0.000000e+00 0.000000e+00 0.000000e+00 0.000000e+00 0.000000e+00
0.000000e+00 0.000000e+00 0.000000e+00 0.000000e+00 0.000000e+00 0.000000e+00
0.000000e+00 0.000000e+00 0.000000e+00 0.000000e+00 0.000000e+00 0.000000e+00
0.000000e+00 0.000000e+00 0.000000e+00 0.000000e+00 0.000000e+00 0.000000e+00
0.000000e+00 0.000000e+00 0.000000e+00 0.000000e+00 0.000000e+00 0.000000e+00
0.000000e+00 0.000000e+00 0.000000e+00 0.000000e+00 0.000000e+00 0.000000e+00
0.000000e+00 0.000000e+00 0.000000e+00 0.000000e+00 0.000000e+00 0.000000e+00
0.000000e+00 0.000000e+00 0.000000e+00 0.000000e+00 0.000000e+00 0.000000e+00
0.000000e+00 0.000000e+00 0.000000e+00 0.000000e+00 0.000000e+00 0.000000e+00
0.000000e+00 0.000000e+00 0.000000e+00 0.000000e+00 0.000000e+00 0.000000e+00
0.000000e+00 0.000000e+00 0.000000e+00 0.000000e+00 0.000000e+00 0.000000e+00
0.000000e+00 0.000000e+00 0.000000e+00 0.000000e+00 0.000000e+00 0.000000e+00
0.000000e+00 0.000000e+00 0.000000e+00 0.000000e+00 0.000000e+00 0.000000e+00
0.000000e+00 0.000000e+00 0.000000e+00 0.000000e+00 0.000000e+00 0.000000e+00
0.000000e+00 0.000000e+00 0.000000e+00 0.000000e+00 0.000000e+00 0.000000e+00
0.000000e+00 0.000000e+00 0.000000e+00 0.000000e+00 0.000000e+00 0.000000e+00
0.000000e+00 0.000000e+00 0.000000e+00 0.000000e+00 0.000000e+00 0.000000e+00
0.000000e+00 0.000000e+00 0.000000e+00 0.000000e+00 0.000000e+00 0.000000e+00
0.000000e+00 0.000000e+00 0.000000e+00 0.000000e+00 0.000000e+00 0.000000e+00
0.000000e+00 0.000000e+00 0.000000e+00 0.000000e+00 0.000000e+00 0.000000e+00
0.000000e+00 0.000000e+00 0.000000e+00 0.000000e+00 0.000000e+00 0.000000e+00
0.000000e+00 0.000000e+00 0.000000e+00 0.000000e+00 0.000000e+00 0.000000e+00
0.000000e+00 0.000000e+00 0.000000e+00 0.000000e+00 0.000000e+00 0.000000e+00
0.000000e+00 0.000000e+00 0.000000e+00 0.000000e+00 0.000000e+00 0.000000e+00
0.000000e+00 0.000000e+00 0.000000e+00 0.000000e+00 0.000000e+00 0.000000e+00
0.000000e+00 0.000000e+00 0.000000e+00 0.000000e+00 0.000000e+00 0.000000e+00
0.000000e+00 0.000000e+00 0.000000e+00 0.000000e+00 0.000000e+00 0.000000e+00
0.000000e+00 0.000000e+00 0.000000e+00 0.000000e+00 0.000000e+00 0.000000e+00
0.000000e+00 0.000000e+00 0.000000e+00 0.000000e+00 0.000000e+00 0.000000e+00
0.000000e+00 0.000000e+00 0.000000e+00 0.000000e+00 0.000000e+00 0.000000e+00
0.000000e+00 0.000000e+00 0.000000e+00 0.000000e+00 0.000000e+00 0.000000e+00
0.000000e+00 0.000000e+00 0.000000e+00 0.000000e+00 0.000000e+00 0.000000e+00
0.000000e+00 0.000000e+00 0.000000e+00 0.000000e+00 0.000000e+00 0.000000e+00
0.000000e+00 0.000000e+00 0.000000e+00 0.000000e+00 0.000000e+00 0.000000e+00
0.000000e+00 0.000000e+00 0.000000e+00 0.000000e+00 0.000000e+00 0.000000e+00
0.000000e+00 0.000000e+00 0.000000e+00 0.000000e+00 0.000000e+00 0.000000e+00
0.000000e+00 0.000000e+00 0.000000e+00 0.000000e+00 0.000000e+00 0.000000e+00
0.000000e+00 0.000000e+00 0.000000e+00 0.000000e+00 0.000000e+00 0.000000e+00
0.000000e+00 0.000000e+00 0.000000e+00 0.000000e+00 0.000000e+00 0.000000e+00
0.000000e+00 0.000000e+00 0.000000e+00 0.000000e+00 0.000000e+00 0.000000e+00
0.000000e+00 0.000000e+00 0.000000e+00 0.000000e+00 0.000000e+00 0.000000e+00
0.000000e+00 0.000000e+00 0.000000e+00 0.000000e+00 0.000000e+00 0.000000e+00
0.000000e+00 0.000000e+00 0.000000e+00 0.000000e+00 0.000000e+00 0.000000e+00
0.000000e+00 0.000000e+00 0.000000e+00 0.000000e+00 0.000000e+00 0.000000e+00
0.000000e+00 0.000000e+00 0.000000e+00 0.000000e+00 0.000000e+00 0.000000e+00
0.000000e+00 0.000000e+00 0.000000e+00 0.000000e+00 0.000000e+00 0.000000e+00
0.000000e+00 0.000000e+00 0.000000e+00 0.000000e+00 0.000000e+00 0.000000e+00
0.000000e+00 0.000000e+00 0.000000e+00 0.000000e+00 0.000000e+00 0.000000e+00
0.000000e+00 0.000000e+00 0.000000e+00 0.000000e+00 0.000000e+00 0.000000e+00
0.000000e+00 0.000000e+00 0.000000e+00 0.000000e+00 0.000000e+00 0.000000e+00
0.000000e+00 0.000000e+00 0.000000e+00 0.000000e+00 0.000000e+00 0.000000e+00
0.000000e+00 0.000000e+00 0.000000e+00 0.000000e+00 0.000000e+00 0.000000e+00
0.000000e+00 0.000000e+00 0.000000e+00 0.000000e+00 0.000000e+00 0.000000e+00
0.000000e+00 0.000000e+00 0.000000e+00 0.000000e+00 0.000000e+00 0.000000e+00
0.000000e+00 0.000000e+00 0.000000e+00 0.000000e+00 0.000000e+00 0.000000e+00
0.000000e+00 0.000000e+00 0.000000e+00 0.000000e+00 0.000000e+00 0.000000e+00
0.000000e+00 0.000000e+00 0.000000e+00 0.000000e+00 0.000000e+00 0.000000e+00
0.000000e+00 0.000000e+00 0.000000e+00 0.000000e+00 0.000000e+00 0.000000e+00
0.000000e+00 0.000000e+00 0.000000e+00 0.000000e+00 0.000000e+00 0.000000e+00
0.000000e+00 0.000000e+00 0.000000e+00 0.000000e+00 0.000000e+00 0.000000e+00
0.000000e+00 0.000000e+00 0.000000e+00 0.000000e+00 0.000000e+00 0.000000e+00
0.000000e+00 0.000000e+00 0.000000e+00 0.000000e+00 0.000000e+00 0.000000e+00
0.000000e+00 0.000000e+00 0.000000e+00 0.000000e+00 0.000000e+00 0.000000e+00
0.000000e+00 0.000000e+00 0.000000e+00 0.000000e+00 0.000000e+00 0.000000e+00
0.000000e+00 0.000000e+00 0.000000e+00 0.000000e+00 0.000000e+00 0.000000e+00
0.000000e+00 0.000000e+00 0.000000e+00 0.000000e+00 0.000000e+00 0.000000e+00
0.000000e+00 0.000000e+00 0.000000e+00 0.000000e+00 0.000000e+00 0.000000e+00
0.000000e+00 0.000000e+00 0.000000e+00 0.000000e+00 0.000000e+00 0.000000e+00
0.000000e+00 0.000000e+00 0.000000e+00 0.000000e+00 0.000000e+00 0.000000e+00
0.000000e+00 0.000000e+00 0.000000e+00 0.000000e+00 0.000000e+00 0.000000e+00
0.000000e+00 0.000000e+00 0.000000e+00 0.000000e+00 0.000000e+00 0.000000e+00
0.000000e+00 0.000000e+00 0.000000e+00 0.000000e+00 0.000000e+00 0.000000e+00
0.000000e+00 0.000000e+00 0.000000e+00 0.000000e+00 0.000000e+00 0.000000e+00
0.000000e+00 0.000000e+00 0.000000e+00 0.000000e+00 0.000000e+00 0.000000e+00
0.000000e+00 0.000000e+00 0.000000e+00 0.000000e+00 0.000000e+00 0.000000e+00
0.000000e+00 0.000000e+00 0.000000e+00 0.000000e+00 0.000000e+00 0.000000e+00
0.000000e+00 0.000000e+00 0.000000e+00 0.000000e+00 0.000000e+00 0.000000e+00
0.000000e+00 0.000000e+00 0.000000e+00 0.000000e+00 0.000000e+00 0.000000e+00
0.000000e+00 0.000000e+00 0.000000e+00 0.000000e+00 0.000000e+00 0.000000e+00
0.000000e+00 0.000000e+00 0.000000e+00 0.000000e+00 0.000000e+00 0.000000e+00
0.000000e+00 0.000000e+00 0.000000e+00 0.000000e+00 0.000000e+00 0.000000e+00
0.000000e+00 0.000000e+00 0.000000e+00 0.000000e+00 0.000000e+00 0.000000e+00
0.000000e+00 0.000000e+00 0.000000e+00 0.000000e+00 0.000000e+00 0.000000e+00
0.000000e+00 0.000000e+00 0.000000e+00 0.000000e+00 0.000000e+00 0.000000e+00
0.000000e+00 0.000000e+00 0.000000e+00 0.000000e+00 0.000000e+00 0.000000e+00
0.000000e+00 0.000000e+00 0.000000e+00 0.000000e+00 0.000000e+00 0.000000e+00
0.000000e+00 0.000000e+00 0.000000e+00 0.000000e+00 0.000000e+00 0.000000e+00
0.000000e+00 0.000000e+00 0.000000e+00 0.000000e+00 0.000000e+00 0.000000e+00
0.000000e+00 0.000000e+00 0.000000e+00 0.000000e+00 0.000000e+00 0.000000e+00
0.000000e+00 0.000000e+00 0.000000e+00 0.000000e+00 0.000000e+00 0.000000e+00
0.000000e+00 0.000000e+00 0.000000e+00 0.000000e+00 0.000000e+00 0.000000e+00
0.000000e+00 0.000000e+00 0.000000e+00 0.000000e+00 0.000000e+00 0.000000e+00
0.000000e+00 0.000000e+00 0.000000e+00 0.000000e+00 0.000000e+00 0.000000e+00
0.000000e+00 0.000000e+00 0.000000e+00 0.000000e+00 0.000000e+00 0.000000e+00
0.000000e+00 0.000000e+00 0.000000e+00 -6.892095e-30 0.000000e+00 -3.607601e-13
0.000000e+00 0.000000e+00 0.000000e+00 -2.651178e-29 0.000000e+00 -1.743674e-12
0.000000e+00 0.000000e+00 0.000000e+00 -2.475726e-29 0.000000e+00 -4.449375e-12
0.000000e+00 0.000000e+00 0.000000e+00 -2.787857e-29 0.000000e+00 -8.537990e-12
0.000000e+00 0.000000e+00 0.000000e+00 -1.562596e-29 0.000000e+00 -1.400952e-11
0.000000e+00 0.000000e+00 0.000000e+00 1.502520e-13 0.000000e+00 -2.065352e-11
0.000000e+00 0.000000e+00 0.000000e+00 6.310712e-13 0.000000e+00 -2.726745e-11
0.000000e+00 0.000000e+00 0.000000e+00 1.292206e-12 0.000000e+00 -3.165670e-11
0.000000e+00 0.000000e+00 0.000000e+00 2.503458e-12 0.000000e+00 -3.216778e-11
0.000000e+00 0.000000e+00 0.000000e+00 4.785142e-12 0.000000e+00 -2.759815e-11
0.000000e+00 0.000000e+00 0.000000e+00 7.436888e-12 0.000000e+00 -1.722630e-11
0.000000e+00 0.000000e+00 0.000000e+00 9.728004e-12 0.000000e+00 -7.215203e-13
2.842171e-14 0.000000e+00 0.000000e+00 8.526182e-12 1.803801e-13 2.512985e-11
2.842171e-14 0.000000e+00 0.000000e+00 3.401430e-12 5.411402e-13 6.288008e-11
2.842171e-14 0.000000e+00 1.136868e-13 -2.703434e-12 9.019004e-13 1.101252e-10
2.842171e-14 0.000000e+00 2.273737e-13 -9.878730e-12 1.262661e-12 1.648508e-10
0.000000e+00 0.000000e+00 4.547474e-13 -1.587323e-11 1.623421e-12 2.238418e-10
-2.842171e-14 0.000000e+00 7.958079e-13 -1.722366e-11 1.954117e-12 2.833434e-10
-5.684342e-14 0.000000e+00 1.250555e-12 -1.180725e-11 2.104434e-12 3.392999e-10
-8.526513e-14 0.000000e+00 1.705303e-12 4.056728e-13 1.924054e-12 3.915303e-10
-8.526513e-14 0.000000e+00 2.273737e-12 1.590090e-11 1.202534e-12 4.433994e-10
-5.684342e-14 0.000000e+00 2.955858e-12 2.883234e-11 1.503167e-13 4.889127e-10
0.000000e+00 0.000000e+00 3.637979e-12 3.286387e-11 -8.718370e-13 5.293025e-10
5.684342e-14 0.000000e+00 4.433787e-12 2.516388e-11 -1.713611e-12 5.686561e-10
8.526513e-14 0.000000e+00 5.343281e-12 7.624994e-12 -2.886081e-12 5.985457e-10
5.684342e-14 0.000000e+00 6.252776e-12 -1.230540e-11 -4.389248e-12 6.170038e-10
2.842171e-14 0.000000e+00 7.162271e-12 -2.831110e-11 -4.719945e-12 6.268979e-10
0.000000e+00 0.000000e+00 8.071765e-12 -3.867075e-11 -3.667728e-12 6.280901e-10
-5.684342e-14 0.000000e+00 8.981260e-12 -3.983151e-11 -2.284555e-12 6.147046e-10
-1.136868e-13 0.000000e+00 9.890755e-12 -2.931150e-11 -9.311865e-13 5.698513e-10
-1.705303e-13 0.000000e+00 1.080025e-11 -6.389399e-12 9.148536e-14 4.653143e-10
-1.421085e-13 0.000000e+00 1.136868e-11 2.132772e-11 3.926369e-13 2.954355e-10
-8.526513e-14 0.000000e+00 1.170974e-11 4.274840e-11 1.827117e-13 7.283501e-11
-2.842171e-14 0.000000e+00 1.159606e-11 5.394880e-11 -3.581695e-13 -1.932762e-10
5.684342e-14 0.000000e+00 1.102762e-11 5.237730e-11 -1.230266e-12 -4.928780e-10
1.421085e-13 0.000000e+00 1.000444e-11 3.531156e-11 -1.772183e-12 -8.320766e-10
1.705303e-13 0.000000e+00 8.526513e-12 7.356324e-12 -9.317046e-13 -1.235523e-09
1.421085e-13 0.000000e+00 6.366463e-12 -2.087833e-11 1.652189e-12 -1.727704e-09
8.526513e-14 0.000000e+00 3.296918e-12 -4.330888e-11 5.438616e-12 -2.313550e-09
2.842171e-14 0.000000e+00 -6.821210e-13 -5.657175e-11 9.736379e-12 -2.989665e-09
-5.684342e-14 0.000000e+00 -5.684342e-12 -5.659109e-11 1.316282e-11 -3.747169e-09
-1.421085e-13 0.000000e+00 -1.182343e-11 -4.167566e-11 1.439464e-11 -4.564617e-09
-1.705303e-13 0.000000e+00 -1.932676e-11 -1.742035e-11 1.289044e-11 -5.398261e-09
-1.705303e-13 0.000000e+00 -2.796696e-11 8.026503e-12 8.169976e-12 -6.195171e-09
-1.421085e-13 0.000000e+00 -3.785772e-11 2.976927e-11 7.443298e-13 -6.906396e-09
-5.684342e-14 0.000000e+00 -4.865797e-11 4.033030e-11 -6.531000e-12 -7.489633e-09
0.000000e+00 0.000000e+00 -6.025402e-11 3.660515e-11 -1.058903e-11 -7.922080e-09
5.684342e-14 0.000000e+00 -7.241852e-11 2.214725e-11 -1.094824e-11 -8.184767e-09
5.684342e-14 0.000000e+00 -8.481038e-11 3.804144e-12 -8.208848e-12 -8.259284e-09
5.684342e-14 0.000000e+00 -9.720225e-11 -1.130580e-11 -2.912259e-12 -8.130125e-09
2.842171e-14 0.000000e+00 -1.091394e-10 -1.963883e-11 3.526479e-12 -7.784210e-09
0.000000e+00 0.000000e+00 -1.205080e-10 -1.807068e-11 7.980517e-12 -7.195481e-09
-2.842171e-14 0.000000e+00 -1.307399e-10 -7.311351e-12 7.014715e-12 -6.327574e-09
-2.842171e-14 0.000000e+00 -1.393801e-10 7.511730e-12 -1.145184e-12 -5.156452e-09
-2.842171e-14 0.000000e+00 -1.460876e-10 2.196462e-11 -1.426735e-11 -3.653014e-09
0.000000e+00 0.000000e+00 -1.502940e-10 3.416876e-11 -3.031487e-11 -1.785733e-09
5.684342e-14 0.000000e+00 -1.514309e-10 3.973087e-11 -4.516193e-11 4.582677e-10
1.136868e-13 -1.136868e-13 -1.489298e-10 3.445541e-11 -4.450454e-11 3.065556e-09
1.705303e-13 -2.273737e-13 -1.423359e-10 1.714929e-11 -1.799023e-11 6.005564e-09
1.705303e-13 -2.273737e-13 -1.310809e-10 -7.345354e-12 2.944967e-11 9.226538e-09
1.421085e-13 -2.273737e-13 -1.147100e-10 -3.096206e-11 8.722532e-11 1.264330e-08
5.684342e-14 -1.136868e-13 -9.310952e-11 -4.634441e-11 1.394106e-10 1.616020e-08
0.000000e+00 1.136868e-13 -6.627943e-11 -5.222271e-11 1.615238e-10 1.969256e-08
-8.526513e-14 3.410605e-13 -3.410605e-11 -4.929843e-11 1.385994e-10 2.314693e-08
-1.705303e-13 5.684342e-13 3.069545e-12 -3.329464e-11 6.431552e-11 2.641823e-08
-1.989520e-13 5.684342e-13 4.513367e-11 -8.091247e-12 -4.095161e-11 2.938966e-08
-1.705303e-13 3.410605e-13 9.129053e-11 1.761536e-11 -1.320509e-10 3.194253e-08
-1.136868e-13 1.136868e-13 1.408580e-10 3.953335e-11 -1.893260e-10 3.397464e-08
-2.842171e-14 -1.136868e-13 1.931539e-10 5.212583e-11 -2.079809e-10 3.537168e-08
5.684342e-14 -4.547474e-13 2.470415e-10 5.145487e-11 -1.732602e-10 3.601945e-08
1.421085e-13 -6.821210e-13 3.012701e-10 3.784017e-11 -8.266097e-11 3.583816e-08
1.705303e-13 -6.821210e-13 3.545892e-10 1.456496e-11 3.366098e-11 3.477659e-08
1.705303e-13 -5.684342e-13 4.056346e-10 -1.361855e-11 1.392746e-10 3.280817e-08
1.136868e-13 -2.273737e-13 4.530420e-10 -3.788887e-11 2.035859e-10 2.993131e-08
5.684342e-14 1.136868e-13 4.954472e-10 -5.078339e-11 2.094612e-10 2.616453e-08
-2.842171e-14 4.547474e-13 5.314860e-10 -4.940727e-11 1.556900e-10 2.155703e-08
-1.136868e-13 5.684342e-13 5.600214e-10 -2.970430e-11 6.213873e-11 1.617334e-08
-1.421085e-13 5.684342e-13 5.799166e-10 3.438921e-12 -3.550489e-11 1.008878e-08
-1.136868e-13 4.547474e-13 5.902621e-10 3.883733e-11 -1.128196e-10 3.400179e-09
-2.842171e-14 3.410605e-13 5.901484e-10 6.503370e-11 -1.594467e-10 -3.769385e-09
5.684342e-14 1.136868e-13 5.788934e-10 7.590620e-11 -1.652922e-10 -1.125342e-08
1.705303e-13 -1.136868e-13 5.563834e-10 6.871977e-11 -1.270852e-10 -1.887123e-08
2.842171e-13 -3.410605e-13 5.223910e-10 4.184191e-11 -5.639712e-11 -2.641779e-08
3.126388e-13 -3.410605e-13 4.771437e-10 3.232061e-12 2.027673e-11 -3.364742e-08
2.842171e-13 -3.410605e-13 4.214371e-10 -3.675797e-11 8.046892e-11 -4.032413e-08
1.989520e-13 -2.273737e-13 3.561809e-10 -6.577783e-11 1.141170e-10 -4.623793e-08
8.526513e-14 0.000000e+00 2.827392e-10 -7.509091e-11 1.074661e-10 -5.121309e-08
-2.842171e-14 1.136868e-13 2.025899e-10 -6.185996e-11 6.611693e-11 -5.512015e-08
-8.526513e-14 2.273737e-13 1.174385e-10 -2.907365e-11 1.136307e-11 -5.787329e-08
-1.136868e-13 2.273737e-13 2.899014e-11 1.189314e-11 -3.862250e-11 -5.942073e-08
-5.684342e-14 1.136868e-13 -6.082246e-11 4.812287e-11 -6.835653e-11 -5.973615e-08
5.684342e-14 0.000000e+00 -1.501803e-10 6.955400e-11 -7.121248e-11 -5.881687e-08
1.705303e-13 -1.136868e-13 -2.372644e-10 6.920203e-11 -5.483642e-11 -5.667241e-08
2.842171e-13 -2.273737e-13 -3.202558e-10 4.183298e-11 -2.709916e-11 -5.332941e-08
3.126388e-13 -2.273737e-13 -3.973355e-10 -6.140118e-12 -4.188893e-13 -4.885166e-08
2.842171e-13 -2.273737e-13 -4.669118e-10 -6.091176e-11 1.722213e-11 -4.334083e-08
1.705303e-13 -2.273737e-13 -5.273932e-10 -1.083632e-10 2.972577e-11 -3.695019e-08
-2.842171e-14 -2.273737e-13 -5.777565e-10 -1.325442e-10 4.331773e-11 -2.987665e-08
-2.273737e-13 -1.136868e-13 -6.169785e-10 -1.255720e-10 5.863842e-11 -2.235040e-08
-3.979039e-13 0.000000e+00 -6.447181e-10 -9.058748e-11 7.051808e-11 -1.461082e-08
-5.115908e-13 1.136868e-13 -6.608616e-10 -3.422563e-11 7.851394e-11 -6.873475e-09
-5.115908e-13 2.273737e-13 -6.654091e-10 2.998944e-11 8.005406e-11 6.543967e-10
-3.979039e-13 3.410605e-13 -6.588152e-10 8.366670e-11 6.428533e-11 7.789190e-09
-2.557954e-13 4.547474e-13 -6.418759e-10 1.152208e-10 2.064783e-11 1.439289e-08
-5.684342e-14 4.547474e-13 -6.155005e-10 1.166901e-10 -4.737885e-11 2.037463e-08
1.136868e-13 2.273737e-13 -5.807124e-10 8.688416e-11 -1.128781e-10 2.568320e-08
2.273737e-13 1.136868e-13 -5.384209e-10 3.516458e-11 -1.630423e-10 3.028017e-08
2.273737e-13 -1.136868e-13 -4.897629e-10 -2.300032e-11 -1.929484e-10 3.413561e-08
1.705303e-13 -4.547474e-13 -4.359890e-10 -7.246065e-11 -1.772878e-10 3.724403e-08
2.842171e-14 -6.821210e-13 -3.781224e-10 -1.011118e-10 -1.109940e-10 3.961639e-08
-1.136868e-13 -6.821210e-13 -3.171863e-10 -1.041105e-10 -1.839976e-11 4.127692e-08
-2.557954e-13 -5.684342e-13 -2.542038e-10 -8.303165e-11 7.249371e-11 4.228437e-08
-3.410605e-13 -3.410605e-13 -1.901981e-10 -4.207425e-11 1.379197e-10 4.275043e-08
-3.694822e-13 -1.136868e-13 -1.258513e-10 9.957751e-12 1.634321e-10 4.283576e-08
-3.126388e-13 1.136868e-13 -6.161827e-11 6.184867e-11 1.486915e-10 4.273339e-08
-1.989520e-13 3.410605e-13 2.387424e-12 1.028163e-10 9.638803e-11 4.264303e-08
-2.842171e-14 4.547474e-13 6.639311e-11 1.263884e-10 2.059277e-11 4.274682e-08
1.705303e-13 3.410605e-13 1.307399e-10 1.262348e-10 -4.465922e-11 4.319537e-08
3.694822e-13 2.273737e-13 1.959961e-10 9.669583e-11 -7.688655e-11 4.410237e-08
4.831691e-13 1.136868e-13 2.630713e-10 4.163102e-11 -7.756284e-11 4.552652e-08
4.831691e-13 0.000000e+00 3.326477e-10 -2.479180e-11 -5.227938e-11 4.747400e-08
3.979039e-13 -1.136868e-13 4.055210e-10 -8.795713e-11 -8.393738e-12 4.991497e-08
1.989520e-13 -1.136868e-13 4.824869e-10 -1.336641e-10 3.713716e-11 5.278166e-08
-2.842171e-14 -1.136868e-13 5.638867e-10 -1.542125e-10 6.716965e-11 5.598473e-08
-2.557954e-13 0.000000e+00 6.504024e-10 -1.487495e-10 6.871623e-11 5.939042e-08
-4.547474e-13 1.136868e-13 7.421477e-10 -1.191436e-10 3.979179e-11 6.280856e-08
-5.968559e-13 2.273737e-13 8.388952e-10 -7.273649e-11 -7.856817e-12 6.600782e-08
-6.821210e-13 2.273737e-13 9.401901e-10 -1.435265e-11 -5.628800e-11 6.869752e-08
-6.536993e-13 1.136868e-13 1.045009e-09 4.725308e-11 -8.331134e-11 7.052616e-08
-5.400125e-13 0.000000e+00 1.151875e-09 9.716895e-11 -7.893522e-11 7.109226e-08
-3.694822e-13 -1.136868e-13 1.258400e-09 1.270322e-10 -4.477467e-11 6.996958e-08
-1.705303e-13 -2.273737e-13 1.361741e-09 1.356515e-10 1.050362e-11 6.673680e-08
2.842171e-14 -2.273737e-13 1.458602e-09 1.244345e-10 6.798044e-11 6.097746e-08
1.989520e-13 -1.136868e-13 1.544777e-09 9.690674e-11 1.045120e-10 5.229661e-08
3.126388e-13 0.000000e+00 1.615490e-09 5.765011e-11 1.106026e-10 4.034866e-08
3.694822e-13 1.136868e-13 1.665740e-09 1.211499e-11 8.558172e-11 2.482503e-08
3.694822e-13 2.273737e-13 1.689955e-09 -3.254379e-11 3.338792e-11 5.452322e-09
2.842171e-13 2.273737e-13 1.682110e-09 -6.869218e-11 -3.084090e-11 -1.797836e-08
1.421085e-13 2.273737e-13 1.636067e-09 -8.942912e-11 -9.165205e-11 -4.560226e-08
0.000000e+00 1.136868e-13 1.545345e-09 -9.149399e-11 -1.298502e-10 -7.745578e-08
-1.421085e-13 -1.136868e-13 1.403691e-09 -7.431571e-11 -1.253809e-10 -1.134480e-07
-2.273737e-13 -3.410605e-13 1.204967e-09 -4.472348e-11 -7.350762e-11 -1.533369e-07
-2.557954e-13 -4.547474e-13 9.437144e-10 -1.306871e-11 1.237576e-11 -1.967129e-07
-2.557954e-13 -3.410605e-13 6.149321e-10 1.499337e-11 9.843011e-11 -2.429792e-07
-1.989520e-13 -2.273737e-13 2.147544e-10 3.553064e-11 1.572287e-10 -2.913277e-07
-1.421085e-13 0.000000e+00 -2.590923e-10 4.927866e-11 1.739058e-10 -3.407739e-07
-5.684342e-14 2.273737e-13 -8.075176e-10 5.641931e-11 1.403152e-10 -3.901656e-07
2.842171e-14 4.547474e-13 -1.429612e-09 5.694517e-11 6.504912e-11 -4.381776e-07
1.136868e-13 4.547474e-13 -2.122079e-09 5.488549e-11 -2.315712e-11 -4.833540e-07
1.989520e-13 3.410605e-13 -2.879574e-09 5.399884e-11 -8.980268e-11 -5.241262e-07
2.842171e-13 2.273737e-13 -3.694367e-09 5.380494e-11 -1.212539e-10 -5.588220e-07
3.694822e-13 0.000000e+00 -4.556000e-09 5.190189e-11 -1.115449e-10 -5.857059e-07
4.547474e-13 -1.136868e-13 -5.451511e-09 4.391446e-11 -7.022226e-11 -6.030097e-07
5.115908e-13 -2.273737e-13 -6.365099e-09 2.112534e-11 -1.751268e-11 -6.089889e-07
5.115908e-13 -2.273737e-13 -7.278459e-09 -1.821291e-11 3.209735e-11 -6.019864e-07
4.547474e-13 -2.273737e-13 -8.171014e-09 -6.872693e-11 6.651352e-11 -5.804728e-07
3.126388e-13 -1.136868e-13 -9.019914e-09 -1.231135e-10 7.598009e-11 -5.431158e-07
1.136868e-13 0.000000e+00 -9.800374e-09 -1.708846e-10 5.697951e-11 -4.888728e-07
-1.705303e-13 1.136868e-13 -1.048647e-08 -1.965058e-10 1.990714e-11 -4.170483e-07
-4.547474e-13 1.136868e-13 -1.105150e-08 -1.857513e-10 -1.564085e-11 -3.273506e-07
-7.105427e-13 1.136868e-13 -1.146850e-08 -1.314000e-10 -3.533651e-11 -2.199589e-07
-8.526513e-13 1.136868e-13 -1.171134e-08 -3.792433e-11 -3.429501e-11 -9.555954e-08
-8.242296e-13 1.136868e-13 -1.175522e-08 7.751314e-11 -1.320835e-11 4.462077e-08
-6.252776e-13 1.136868e-13 -1.157753e-08 1.895518e-10 1.801681e-11 1.987839e-07
-2.557954e-13 1.136868e-13 -1.115882e-08 2.672316e-10 4.776938e-11 3.645485e-07
1.705303e-13 2.273737e-13 -1.048386e-08 2.867994e-10 5.535109e-11 5.389711e-07
5.968559e-13 3.410605e-13 -9.541964e-09 2.380946e-10 2.237880e-11 7.185685e-07
9.094947e-13 3.410605e-13 -8.328129e-09 1.286685e-10 -4.460645e-11 8.993498e-07
9.947598e-13 1.136868e-13 -6.843834e-09 -1.423861e-11 -1.147782e-10 1.076904e-06
8.526513e-13 -1.136868e-13 -5.097377e-09 -1.530611e-10 -1.606636e-10 1.246488e-06
5.400125e-13 -3.410605e-13 -3.104446e-09 -2.535069e-10 -1.737638e-10 1.403131e-06
1.136868e-13 -5.684342e-13 -8.881216e-10 -2.931207e-10 -1.460619e-10 1.541769e-06
-3.126388e-13 -7.958079e-13 1.520789e-09 -2.618601e-10 -7.278713e-11 1.657374e-06
-6.536993e-13 -7.958079e-13 4.083972e-09 -1.646253e-10 2.901857e-11 1.745132e-06
-8.242296e-13 -6.821210e-13 6.756181e-09 -2.523534e-11 1.304607e-10 1.800613e-06
-7.389644e-13 -3.410605e-13 9.485916e-09 1.173389e-10 1.975493e-10 1.819922e-06
-4.547474e-13 0.000000e+00 1.221599e-08 2.221684e-10 2.094093e-10 1.799893e-06
-5.684342e-14 3.410605e-13 1.488559e-08 2.615411e-10 1.660420e-10 1.738213e-06
3.410605e-13 5.684342e-13 1.743069e-08 2.293315e-10 7.576942e-11 1.633556e-06
6.252776e-13 5.684342e-13 1.978628e-08 1.396947e-10 -3.045487e-11 1.485711e-06
7.389644e-13 4.547474e-13 2.188790e-08 1.830207e-11 -1.179492e-10 1.295658e-06
6.821210e-13 2.273737e-13 2.367335e-08 -1.042725e-10 -1.657139e-10 1.065641e-06
4.263256e-13 0.000000e+00 2.508489e-08 -1.935016e-10 -1.646848e-10 7.991837e-07
8.526513e-14 -2.273737e-13 2.607101e-08 -2.247247e-10 -1.194543e-10 5.010650e-07
-2.557954e-13 -4.547474e-13 2.658817e-08 -1.920443e-10 -3.739635e-11 1.772679e-07
-4.831691e-13 -3.410605e-13 2.660283e-08 -1.070191e-10 5.197756e-11 -1.651322e-07
-5.684342e-13 -1.136868e-13 2.609272e-08 4.216312e-12 1.077087e-10 -5.181230e-07
-4.831691e-13 0.000000e+00 2.504839e-08 1.077781e-10 1.244111e-10 -8.729588e-07
-2.557954e-13 2.273737e-13 2.347383e-08 1.717190e-10 1.027196e-10 -1.220391e-06
2.842171e-14 3.410605e-13 2.138722e-08 1.758170e-10 4.931728e-11 -1.550936e-06
2.557954e-13 4.547474e-13 1.882108e-08 1.227003e-10 -2.074545e-11 -1.855174e-06
3.694822e-13 3.410605e-13 1.582180e-08 3.200731e-11 -8.445834e-11 -2.124050e-06
3.410605e-13 2.273737e-13 1.244894e-08 -6.997848e-11 -1.202931e-10 -2.349172e-06
1.421085e-13 0.000000e+00 8.774236e-09 -1.473112e-10 -1.219802e-10 -2.523123e-06
-1.136868e-13 -2.273737e-13 4.879666e-09 -1.763728e-10 -8.019401e-11 -2.639753e-06
-3.694822e-13 -3.410605e-13 8.551524e-10 -1.503439e-10 -6.754145e-12 -2.694403e-06
-5.684342e-13 -2.273737e-13 -3.203468e-09 -7.468028e-11 5.892958e-11 -2.684102e-06
-5.968559e-13 -1.136868e-13 -7.197059e-09 2.431564e-11 9.108842e-11 -2.607747e-06
-4.831691e-13 0.000000e+00 -1.102660e-08 1.156286e-10 8.769847e-11 -2.466198e-06
-2.557954e-13 1.136868e-13 -1.459557e-08 1.751118e-10 4.878376e-11 -2.262298e-06
2.842171e-14 2.273737e-13 -1.781348e-08 1.879966e-10 -2.330028e-11 -2.000850e-06
3.126388e-13 1.136868e-13 -2.059812e-08 1.517572e-10 -1.060924e-10 -1.688530e-06
4.831691e-13 -1.136868e-13 -2.287902e-08 7.899282e-11 -1.634070e-10 -1.333714e-06
5.400125e-13 -3.410605e-13 -2.459922e-08 -4.820643e-12 -1.750100e-10 -9.462340e-07
4.831691e-13 -5.684342e-13 -2.571767e-08 -7.380426e-11 -1.313199e-10 -5.370711e-07
3.410605e-13 -7.958079e-13 -2.621039e-08 -1.093281e-10 -3.273460e-11 -1.180072e-07
1.705303e-13 -6.821210e-13 -2.607169e-08 -1.066386e-10 8.842434e-11 2.987673e-07
2.842171e-14 -4.547474e-13 -2.531408e-08 -7.316107e-11 1.920680e-10 7.010632e-07
-5.684342e-14 0.000000e+00 -2.396848e-08 -2.354525e-11 2.460976e-10 1.077107e-06
-5.684342e-14 3.410605e-13 -2.208287e-08 1.983742e-11 2.323220e-10 1.415967e-06
0.000000e+00 6.821210e-13 -1.972069e-08 3.794941e-11 1.548148e-10 1.707920e-06
5.684342e-14 7.958079e-13 -1.695912e-08 2.503670e-11 3.312768e-11 1.944786e-06
5.684342e-14 6.821210e-13 -1.388628e-08 -1.002018e-11 -9.996178e-11 2.120230e-06
0.000000e+00 4.547474e-13 -1.059834e-08 -4.812063e-11 -2.153675e-10 2.229994e-06
-1.136868e-13 0.000000e+00 -7.196263e-09 -7.041962e-11 -2.780377e-10 2.272055e-06
-2.273737e-13 -4.547474e-13 -3.782134e-09 -6.415909e-11 -2.653846e-10 2.246683e-06
-2.842171e-13 -9.094947e-13 -4.561116e-10 -2.933320e-11 -1.800703e-10 2.156430e-06
-3.126388e-13 -1.023182e-12 2.687216e-09 2.506266e-11 -4.908428e-11 2.006045e-06
-2.273737e-13 -1.023182e-12 5.562015e-09 8.131613e-11 9.485582e-11 1.802265e-06
-8.526513e-14 -7.958079e-13 8.093934e-09 1.192176e-10 2.218308e-10 1.553555e-06
1.136868e-13 -3.410605e-13 1.022261e-08 1.221531e-10 2.952596e-10 1.269744e-06
2.557954e-13 1.136868e-13 1.190313e-08 8.478045e-11 3.025413e-10 9.616336e-07
3.410605e-13 5.684342e-13 1.310752e-08 2.049188e-11 2.493304e-10 6.405602e-07
3.126388e-13 7.958079e-13 1.382489e-08 -4.458474e-11 1.583761e-10 3.179568e-07
1.989520e-13 9.094947e-13 1.406136e-08 -8.498046e-11 6.115479e-11 4.926866e-09
5.684342e-14 9.094947e-13 1.383955e-08 -8.736543e-11 -2.086856e-11 -2.881877e-07
-5.684342e-14 9.094947e-13 1.319677e-08 -5.152421e-11 -7.912182e-11 -5.521784e-07
-1.136868e-13 7.958079e-13 1.218302e-08 1.198851e-11 -1.149459e-10 -7.792654e-07
-2.842171e-14 5.684342e-13 1.085891e-08 8.063828e-11 -1.267802e-10 -9.633557e-07
1.421085e-13 3.410605e-13 9.292876e-09 1.265831e-10 -1.185941e-10 -1.100234e-06
3.694822e-13 1.136868e-13 7.558128e-09 1.296691e-10 -1.053017e-10 -1.187670e-06
5.400125e-13 0.000000e+00 5.729817e-09 8.172748e-11 -1.061321e-10 -1.225452e-06
5.968559e-13 -1.136868e-13 3.881723e-09 -3.754672e-12 -1.296265e-10 -1.215324e-06
5.115908e-13 -3.410605e-13 2.083766e-09 -9.925510e-11 -1.563944e-10 -1.160845e-06
3.126388e-13 -5.684342e-13 3.991545e-10 -1.791495e-10 -1.612581e-10 -1.067178e-06
0.000000e+00 -7.958079e-13 -1.117769e-09 -2.206375e-10 -1.303648e-10 -9.407969e-07
-3.410605e-13 -1.023182e-12 -2.423235e-09 -2.077436e-10 -5.032013e-11 -7.891337e-07
-6.252776e-13 -1.023182e-12 -3.485184e-09 -1.426729e-10 6.933069e-11 -6.202117e-07
-7.958079e-13 -7.958079e-13 -4.283834e-09 -4.409926e-11 1.954235e-10 -4.422670e-07
-7.673862e-13 -3.410605e-13 -4.811909e-09 5.992961e-11 2.871788e-10 -2.633522e-07
-5.968559e-13 1.136868e-13 -5.073844e-09 1.414901e-10 3.155379e-10 -9.098069e-08
-3.410605e-13 5.684342e-13 -5.084758e-09 1.832801e-10 2.710081e-10 6.815587e-08
-2.842171e-14 9.094947e-13 -4.869321e-09 1.809439e-10 1.571660e-10 2.084411e-07
2.273737e-13 1.023182e-12 -4.459480e-09 1.439374e-10 -7.107567e-13 3.255071e-07
4.263256e-13 9.094947e-13 -3.892751e-09 8.945265e-11 -1.628362e-10 4.163264e-07
5.115908e-13 5.684342e-13 -3.210403e-09 3.512797e-11 -2.848699e-10 4.792666e-07
5.400125e-13 0.000000e+00 -2.454840e-09 -7.531594e-12 -3.267319e-10 5.140600e-07
5.115908e-13 -4.547474e-13 -1.668127e-09 -3.740439e-11 -2.829104e-10 5.217324e-07
4.263256e-13 -7.958079e-13 -8.895995e-10 -5.858607e-11 -1.745719e-10 5.044688e-07
3.410605e-13 -9.094947e-13 -1.547278e-10 -8.221908e-11 -3.599232e-11 4.654162e-07
1.989520e-13 -7.958079e-13 5.065885e-10 -1.138736e-10 8.774388e-11 4.084607e-07
0.000000e+00 -5.684342e-13 1.070589e-09 -1.447975e-10 1.674699e-10 3.379807e-07
-2.557954e-13 -3.410605e-13 1.520448e-09 -1.589371e-10 1.933011e-10 2.586005e-07
-4.831691e-13 0.000000e+00 1.846388e-09 -1.413178e-10 1.611334e-10 1.749214e-07
-6.536993e-13 2.273737e-13 2.045226e-09 -8.509272e-11 8.408949e-11 9.129986e-08
-7.105427e-13 2.273737e-13 2.120260e-09 6.802413e-12 5.906863e-12 1.164985e-08
-6.252776e-13 2.273737e-13 2.080242e-09 1.184525e-10 -4.352169e-11 -6.074567e-08
-3.694822e-13 1.136868e-13 1.938133e-09 2.233096e-10 -4.914170e-11 -1.233435e-07
2.842171e-14 0.000000e+00 1.710305e-09 2.880542e-10 -1.897834e-12 -1.743966e-07
4.831691e-13 0.000000e+00 1.414946e-09 2.838482e-10 8.073192e-11 -2.129733e-07
8.810730e-13 2.273737e-13 1.071385e-09 2.007477e-10 1.581113e-10 -2.389362e-07
1.108447e-12 4.547474e-13 6.981509e-10 5.166276e-11 1.953576e-10 -2.528502e-07
1.051603e-12 7.958079e-13 3.128662e-10 -1.237754e-10 1.673478e-10 -2.558657e-07
7.105427e-13 1.023182e-12 -6.934897e-11 -2.709668e-10 6.813309e-11 -2.495743e-07
2.273737e-13 1.023182e-12 -4.358753e-10 -3.445001e-10 -7.158672e-11 -2.358373e-07
-3.126388e-13 7.958079e-13 -7.769358e-10 -3.210002e-10 -2.093097e-10 -2.166427e-07
-7.389644e-13 3.410605e-13 -1.085823e-09 -2.050855e-10 -2.947022e-10 -1.939522e-07
-9.379164e-13 -1.136868e-13 -1.358785e-09 -2.713980e-11 -2.991537e-10 -1.695540e-07
-8.242296e-13 -5.684342e-13 -1.594458e-09 1.598888e-10 -2.189361e-10 -1.449537e-07
-4.547474e-13 -7.958079e-13 -1.793637e-09 2.972466e-10 -7.411979e-11 -1.212969e-07
8.526513e-14 -7.958079e-13 -1.958369e-09 3.437546e-10 8.825469e-11 -9.933439e-08
5.968559e-13 -5.684342e-13 -2.091724e-09 2.857834e-10 2.197092e-10 -7.941782e-08
9.379164e-13 -1.136868e-13 -2.196771e-09 1.450523e-10 2.698676e-10 -6.152964e-08
1.023182e-12 3.410605e-13 -2.276352e-09 -3.511816e-11 2.158041e-10 -4.533741e-08
8.242296e-13 5.684342e-13 -2.332740e-09 -2.040755e-10 8.235956e-11 -3.023976e-08
3.979039e-13 5.684342e-13 -2.367074e-09 -3.095041e-10 -7.860938e-11 -1.544120e-08
-1.136868e-13 3.410605e-13 -2.379124e-09 -3.219374e-10 -2.118791e-10 -5.106386e-11
-5.684342e-13 -1.136868e-13 -2.367301e-09 -2.433461e-10 -2.657735e-10 1.682288e-08
-8.526513e-13 -5.684342e-13 -2.328647e-09 -9.881334e-11 -2.152859e-10 3.597363e-08
-8.810730e-13 -7.958079e-13 -2.259299e-09 6.520498e-11 -8.455912e-11 5.800567e-08
-6.821210e-13 -7.958079e-13 -2.154593e-09 1.973005e-10 7.945817e-11 8.326447e-08
-3.126388e-13 -5.684342e-13 -2.009415e-09 2.609502e-10 2.288520e-10 1.117574e-07
1.136868e-13 -1.136868e-13 -1.819217e-09 2.395469e-10 3.136804e-10 1.431288e-07
4.263256e-13 3.410605e-13 -1.580020e-09 1.434607e-10 3.029984e-10 1.766569e-07
5.684342e-13 7.958079e-13 -1.289209e-09 4.602034e-12 1.949437e-10 2.112626e-07
4.547474e-13 1.023182e-12 -9.462156e-10 -1.332403e-10 1.635230e-11 2.455821e-07
1.705303e-13 9.094947e-13 -5.525180e-10 -2.258505e-10 -1.719516e-10 2.780506e-07
-2.273737e-13 5.684342e-13 -1.120952e-10 -2.451656e-10 -3.098509e-10 3.069953e-07
-5.684342e-13 0.000000e+00 3.685727e-10 -1.866594e-10 -3.537486e-10 3.307384e-07
-7.673862e-13 -5.684342e-13 8.802772e-10 -7.290466e-11 -2.810202e-10 3.477292e-07
-7.958079e-13 -9.094947e-13 1.411763e-09 5.939226e-11 -1.129026e-10 3.566429e-07
-6.252776e-13 -9.094947e-13 1.950184e-09 1.710889e-10 9.107256e-11 3.564219e-07
-3.126388e-13 -6.821210e-13 2.481102e-09 2.309192e-10 2.686242e-10 3.463341e-07
5.684342e-14 -1.136868e-13 2.989282e-09 2.236072e-10 3.586306e-10 3.260281e-07
3.694822e-13 4.547474e-13 3.459263e-09 1.561321e-10 3.293442e-10 2.955521e-07
5.400125e-13 7.958079e-13 3.876039e-09 5.605222e-11 2.069539e-10 2.553551e-07
5.400125e-13 1.023182e-12 4.225399e-09 -4.300449e-11 3.086844e-11 2.062901e-07
4.263256e-13 9.094947e-13 4.494950e-09 -1.142255e-10 -1.465457e-10 1.495826e-07
2.273737e-13 5.684342e-13 4.674234e-09 -1.425071e-10 -2.671612e-10 8.679219e-08
0.000000e+00 0.000000e+00 4.755407e-09 -1.228248e-10 -2.887127e-10 1.976713e-08
-1.421085e-13 -4.547474e-13 4.733579e-09 -6.622751e-11 -2.067889e-10 -4.943979e-08
-1.705303e-13 -6.821210e-13 4.607159e-09 2.493093e-13 -6.246843e-11 -1.186588e-07
-1.136868e-13 -6.821210e-13 4.377625e-09 4.972650e-11 8.970038e-11 -1.856881e-07
0.000000e+00 -4.547474e-13 4.050094e-09 6.547633e-11 1.945767e-10 -2.483945e-07
8.526513e-14 -1.136868e-13 3.632522e-09 4.433796e-11 2.115681e-10 -3.048044e-07
1.136868e-13 2.273737e-13 3.135710e-09 -2.585244e-12 1.289847e-10 -3.531703e-07
8.526513e-14 3.410605e-13 2.572961e-09 -5.935791e-11 -2.077737e-11 -3.920398e-07
-5.684342e-14 2.273737e-13 1.959506e-09 -1.062670e-10 -1.790762e-10 -4.203025e-07
-2.557954e-13 -1.136868e-13 1.311946e-09 -1.227536e-10 -2.889153e-10 -4.372197e-07
-4.263256e-13 -5.684342e-13 6.477876e-10 -1.013189e-10 -3.052368e-10 -4.424490e-07
-5.400125e-13 -1.023182e-12 -1.546141e-11 -5.145890e-11 -2.112008e-10 -4.360292e-07
-5.684342e-13 -1.250555e-12 -6.604068e-10 1.099453e-11 -2.938534e-11 -4.183643e-07
-4.831691e-13 -1.136868e-12 -1.270564e-09 6.696254e-11 1.793813e-10 -3.902187e-07
-3.410605e-13 -7.958079e-13 -1.831040e-09 1.007584e-10 3.488178e-10 -3.526639e-07
-1.705303e-13 -1.136868e-13 -2.328534e-09 1.074547e-10 4.193311e-10 -3.070237e-07
0.000000e+00 5.684342e-13 -2.752131e-09 8.989728e-11 3.575711e-10 -2.548237e-07
1.136868e-13 1.023182e-12 -3.093078e-09 5.638668e-11 1.817337e-10 -1.977492e-07
1.705303e-13 1.136868e-12 -3.345349e-09 2.164087e-11 -5.036031e-11 -1.375950e-07
1.705303e-13 7.958079e-13 -3.505761e-09 1.395766e-12 -2.588000e-10 -7.618757e-08
1.705303e-13 3.410605e-13 -3.573859e-09 2.721016e-12 -3.822046e-10 -1.532507e-08
1.705303e-13 -2.273737e-13 -3.551690e-09 2.154678e-11 -3.908077e-10 4.325721e-08
2.273737e-13 -7.958079e-13 -3.444029e-09 4.210366e-11 -2.757155e-10 9.793424e-08
2.842171e-13 -1.136868e-12 -3.257924e-09 4.790018e-11 -6.431996e-11 1.472508e-07
3.694822e-13 -1.023182e-12 -3.002356e-09 3.130100e-11 1.729459e-10 1.899469e-07
3.979039e-13 -5.684342e-13 -2.688125e-09 -7.546117e-12 3.551791e-10 2.249997e-07
3.694822e-13 1.136868e-13 -2.327283e-09 -6.170586e-11 4.216908e-10 2.516706e-07
2.273737e-13 7.958079e-13 -1.933017e-09 -1.135466e-10 3.496619e-10 2.695432e-07
2.842171e-14 1.250555e-12 -1.518742e-09 -1.397562e-10 1.643793e-10 2.785472e-07
-1.705303e-13 1.250555e-12 -1.097533e-09 -1.265219e-10 -6.794921e-11 2.789157e-07
-3.410605e-13 9.094947e-13 -6.820073e-10 -7.062635e-11 -2.730778e-10 2.711506e-07
-3.979039e-13 3.410605e-13 -2.839897e-10 1.858185e-11 -3.932397e-10 2.560184e-07
-2.842171e-13 -2.273737e-13 8.606094e-11 1.166481e-10 -4.019255e-10 2.345027e-07
-2.842171e-14 -7.958079e-13 4.195044e-10 1.906361e-10 -2.994519e-10 2.077296e-07
2.842171e-13 -1.136868e-12 7.092922e-10 2.133016e-10 -1.114354e-10 1.769111e-07
5.968559e-13 -1.136868e-12 9.501946e-10 1.701747e-10 1.029294e-10 1.433153e-07
7.958079e-13 -9.094947e-13 1.139142e-09 6.624191e-11 2.842815e-10 1.082233e-07
7.958079e-13 -3.410605e-13 1.274884e-09 -7.136646e-11 3.782745e-10 7.287862e-08
5.684342e-13 2.273737e-13 1.357876e-09 -2.034079e-10 3.580417e-10 3.847509e-08
1.705303e-13 6.821210e-13 1.390390e-09 -2.905690e-10 2.412600e-10 6.129362e-09
-2.842171e-13 9.094947e-13 1.376293e-09 -3.083952e-10 6.638345e-11 -2.316413e-08
-7.105427e-13 9.094947e-13 1.320814e-09 -2.507924e-10 -1.137411e-10 -4.856336e-08
-9.947598e-13 5.684342e-13 1.230546e-09 -1.316999e-10 -2.409889e-10 -6.943665e-08
