0.000000e+00 0.000000e+00 0.000000e+00 0.000000e+00 0.000000e+00 0.000000e+00
0.000000e+00 0.000000e+00 0.000000e+00 0.000000e+00 0.000000e+00 0.000000e+00
0.000000e+00 0.000000e+00 0.000000e+00 0.000000e+00 0.000000e+00 0.000000e+00
0.000000e+00 0.000000e+00 0.000000e+00 0.000000e+00 0.000000e+00 0.000000e+00
0.000000e+00 0.000000e+00 0.000000e+00 0.000000e+00 0.000000e+00 0.000000e+00
0.000000e+00 0.000000e+00 0.000000e+00 0.000000e+00 0.000000e+00 0.000000e+00
0.000000e+00 0.000000e+00 0.000000e+00 0.000000e+00 0.000000e+00 0.000000e+00
0.000000e+00 0.000000e+00 0.000000e+00 0.000000e+00 0.000000e+00 0.000000e+00
0.000000e+00 0.000000e+00 0.000000e+00 0.000000e+00 0.000000e+00 0.000000e+00
0.000000e+00 0.000000e+00 0.000000e+00 0.000000e+00 0.000000e+00 0.000000e+00
0.000000e+00 0.000000e+00 0.000000e+00 0.000000e+00 0.000000e+00 0.000000e+00
0.000000e+00 0.000000e+00 0.000000e+00 0.000000e+00 0.000000e+00 0.000000e+00
0.000000e+00 0.000000e+00 0.000000e+00 0.000000e+00 0.000000e+00 0.000000e+00
0.000000e+00 0.000000e+00 0.000000e+00 0.000000e+00 0.000000e+00 0.000000e+00
0.000000e+00 0.000000e+00 0.000000e+00 0.000000e+00 0.000000e+00 0.000000e+00
0.000000e+00 0.000000e+00 0.000000e+00 0.000000e+00 0.000000e+00 0.000000e+00
0.000000e+00 0.000000e+00 0.000000e+00 0.000000e+00 0.000000e+00 0.000000e+00
0.000000e+00 0.000000e+00 0.000000e+00 0.000000e+00 0.000000e+00 0.000000e+00
0.000000e+00 0.000000e+00 0.000000e+00 0.000000e+00 0.000000e+00 0.000000e+00
0.000000e+00 0.000000e+00 0.000000e+00 0.000000e+00 0.000000e+00 0.000000e+00
0.000000e+00 0.000000e+00 0.000000e+00 0.000000e+00 0.000000e+00 0.000000e+00
0.000000e+00 0.000000e+00 0.000000e+00 0.000000e+00 0.000000e+00 0.000000e+00
0.000000e+00 0.000000e+00 0.000000e+00 0.000000e+00 0.000000e+00 0.000000e+00
0.000000e+00 0.000000e+00 0.000000e+00 0.000000e+00 0.000000e+00 0.000000e+00
0.000000e+00 0.000000e+00 0.000000e+00 0.000000e+00 0.000000e+00 0.000000e+00
0.000000e+00 0.000000e+00 0.000000e+00 0.000000e+00 0.000000e+00 0.000000e+00
0.000000e+00 0.000000e+00 0.000000e+00 0.000000e+00 0.000000e+00 0.000000e+00
0.000000e+00 0.000000e+00 0.000000e+00 0.000000e+00 0.000000e+00 0.000000e+00
0.000000e+00 0.000000e+00 0.000000e+00 0.000000e+00 0.000000e+00 0.000000e+00
0.000000e+00 0.000000e+00 0.000000e+00 0.000000e+00 0.000000e+00 0.000000e+00
0.000000e+00 0.000000e+00 0.000000e+00 0.000000e+00 0.000000e+00 0.000000e+00
0.000000e+00 0.000000e+00 0.000000e+00 0.000000e+00 0.000000e+00 0.000000e+00
0.000000e+00 0.000000e+00 0.000000e+00 0.000000e+00 0.000000e+00 0.000000e+00
0.000000e+00 0.000000e+00 0.000000e+00 0.000000e+00 0.000000e+00 0.000000e+00
0.000000e+00 0.000000e+00 0.000000e+00 0.000000e+00 0.000000e+00 0.000000e+00
0.000000e+00 0.000000e+00 0.000000e+00 0.000000e+00 0.000000e+00 0.000000e+00
0.000000e+00 0.000000e+00 0.000000e+00 0.000000e+00 0.000000e+00 0.000000e+00
0.000000e+00 0.000000e+00 0.000000e+00 0.000000e+00 0.000000e+00 0.000000e+00
0.000000e+00 0.000000e+00 0.000000e+00 0.000000e+00 0.000000e+00 0.000000e+00
0.000000e+00 0.000000e+00 0.000000e+00 0.000000e+00 0.000000e+00 0.000000e+00
0.000000e+00 0.000000e+00 0.000000e+00 0.000000e+00 0.000000e+00 0.000000e+00
0.000000e+00 0.000000e+00 0.000000e+00 0.000000e+00 0.000000e+00 0.000000e+00
0.000000e+00 0.000000e+00 0.000000e+00 0.000000e+00 0.000000e+00 0.000000e+00
0.000000e+00 0.000000e+00 0.000000e+00 0.000000e+00 0.000000e+00 0.000000e+00
0.000000e+00 0.000000e+00 0.000000e+00 0.000000e+00 0.000000e+00 0.000000e+00
0.000000e+00 0.000000e+00 0.000000e+00 0.000000e+00 0.000000e+00 0.000000e+00
0.000000e+00 0.000000e+00 0.000000e+00 0.000000e+00 0.000000e+00 0.000000e+00
0.000000e+00 0.000000e+00 0.000000e+00 0.000000e+00 0.000000e+00 0.000000e+00
0.000000e+00 0.000000e+00 0.000000e+00 0.000000e+00 0.000000e+00 0.000000e+00
0.000000e+00 0.000000e+00 0.000000e+00 0.000000e+00 0.000000e+00 0.000000e+00
0.000000e+00 0.000000e+00 0.000000e+00 0.000000e+00 0.000000e+00 0.000000e+00
0.000000e+00 0.000000e+00 0.000000e+00 0.000000e+00 0.000000e+00 0.000000e+00
0.000000e+00 0.000000e+00 0.000000e+00 0.000000e+00 0.000000e+00 0.000000e+00
0.000000e+00 0.000000e+00 0.000000e+00 0.000000e+00 0.000000e+00 0.000000e+00
0.000000e+00 0.000000e+00 0.000000e+00 0.000000e+00 0.000000e+00 0.000000e+00
0.000000e+00 0.000000e+00 0.000000e+00 0.000000e+00 0.000000e+00 0.000000e+00
0.000000e+00 0.000000e+00 0.000000e+00 0.000000e+00 0.000000e+00 0.000000e+00
0.000000e+00 0.000000e+00 0.000000e+00 0.000000e+00 0.000000e+00 0.000000e+00
0.000000e+00 0.000000e+00 0.000000e+00 0.000000e+00 0.000000e+00 0.000000e+00
0.000000e+00 0.000000e+00 0.000000e+00 0.000000e+00 0.000000e+00 0.000000e+00
0.000000e+00 0.000000e+00 0.000000e+00 0.000000e+00 0.000000e+00 0.000000e+00
0.000000e+00 0.000000e+00 0.000000e+00 0.000000e+00 0.000000e+00 0.000000e+00
0.000000e+00 0.000000e+00 0.000000e+00 0.000000e+00 0.000000e+00 0.000000e+00
0.000000e+00 0.000000e+00 0.000000e+00 0.000000e+00 0.000000e+00 0.000000e+00
0.000000e+00 0.000000e+00 0.000000e+00 0.000000e+00 0.000000e+00 0.000000e+00
0.000000e+00 0.000000e+00 0.000000e+00 0.000000e+00 0.000000e+00 0.000000e+00
0.000000e+00 0.000000e+00 0.000000e+00 0.000000e+00 0.000000e+00 0.000000e+00
0.000000e+00 0.000000e+00 0.000000e+00 0.000000e+00 0.000000e+00 0.000000e+00
0.000000e+00 0.000000e+00 0.000000e+00 0.000000e+00 0.000000e+00 0.000000e+00
0.000000e+00 0.000000e+00 0.000000e+00 0.000000e+00 0.000000e+00 0.000000e+00
0.000000e+00 0.000000e+00 0.000000e+00 0.000000e+00 0.000000e+00 0.000000e+00
0.000000e+00 0.000000e+00 0.000000e+00 0.000000e+00 0.000000e+00 0.000000e+00
0.000000e+00 0.000000e+00 0.000000e+00 0.000000e+00 0.000000e+00 0.000000e+00
0.000000e+00 0.000000e+00 0.000000e+00 0.000000e+00 0.000000e+00 0.000000e+00
0.000000e+00 0.000000e+00 0.000000e+00 0.000000e+00 0.000000e+00 0.000000e+00
0.000000e+00 0.000000e+00 0.000000e+00 0.000000e+00 0.000000e+00 0.000000e+00
0.000000e+00 0.000000e+00 0.000000e+00 0.000000e+00 0.000000e+00 0.000000e+00
0.000000e+00 0.000000e+00 0.000000e+00 0.000000e+00 0.000000e+00 0.000000e+00
0.000000e+00 0.000000e+00 0.000000e+00 0.000000e+00 0.000000e+00 0.000000e+00
0.000000e+00 0.000000e+00 0.000000e+00 0.000000e+00 0.000000e+00 0.000000e+00
0.000000e+00 0.000000e+00 0.000000e+00 0.000000e+00 0.000000e+00 0.000000e+00
0.000000e+00 0.000000e+00 0.000000e+00 0.000000e+00 0.000000e+00 0.000000e+00
0.000000e+00 0.000000e+00 0.000000e+00 0.000000e+00 0.000000e+00 0.000000e+00
0.000000e+00 0.000000e+00 0.000000e+00 0.000000e+00 0.000000e+00 0.000000e+00
0.000000e+00 0.000000e+00 0.000000e+00 0.000000e+00 0.000000e+00 0.000000e+00
0.000000e+00 0.000000e+00 0.000000e+00 0.000000e+00 0.000000e+00 0.000000e+00
0.000000e+00 0.000000e+00 0.000000e+00 0.000000e+00 0.000000e+00 0.000000e+00
0.000000e+00 0.000000e+00 0.000000e+00 0.000000e+00 0.000000e+00 0.000000e+00
0.000000e+00 0.000000e+00 0.000000e+00 0.000000e+00 -3.606306e-13 3.607601e-13
0.000000e+00 0.000000e+00 0.000000e+00 0.000000e+00 -1.412459e-12 1.412977e-12
0.000000e+00 0.000000e+00 0.000000e+00 0.000000e+00 -2.794855e-12 2.795891e-12
0.000000e+00 0.000000e+00 0.000000e+00 0.000000e+00 -3.486053e-12 3.487348e-12
0.000000e+00 0.000000e+00 0.000000e+00 0.000000e+00 -3.185549e-12 2.465194e-12
0.000000e+00 0.000000e+00 0.000000e+00 0.000000e+00 -2.223910e-12 -6.012669e-13
0.000000e+00 0.000000e+00 0.000000e+00 0.000000e+00 -5.710740e-13 -7.724725e-12
0.000000e+00 0.000000e+00 0.000000e+00 0.000000e+00 1.742897e-12 -2.097800e-11
0.000000e+00 0.000000e+00 0.000000e+00 0.000000e+00 4.056868e-12 -3.969969e-11
0.000000e+00 0.000000e+00 -1.136868e-13 0.000000e+00 5.739249e-12 -5.434958e-11
0.000000e+00 0.000000e+00 -2.273737e-13 0.000000e+00 6.759719e-12 -6.015071e-11
0.000000e+00 0.000000e+00 -3.410605e-13 0.000000e+00 6.727842e-12 -6.015272e-11
0.000000e+00 0.000000e+00 -4.547474e-13 0.000000e+00 5.674459e-12 -5.300276e-11
0.000000e+00 0.000000e+00 -5.684342e-13 0.000000e+00 3.299585e-12 -3.906030e-11
0.000000e+00 0.000000e+00 -6.821210e-13 0.000000e+00 2.640935e-13 -2.040685e-11
0.000000e+00 0.000000e+00 -6.821210e-13 0.000000e+00 -1.448351e-12 -7.154353e-12
0.000000e+00 0.000000e+00 -6.821210e-13 0.000000e+00 -2.168058e-12 -9.166070e-12
0.000000e+00 0.000000e+00 -6.821210e-13 0.000000e+00 -3.217555e-12 -2.854669e-11
0.000000e+00 0.000000e+00 -6.821210e-13 0.000000e+00 -4.236989e-12 -6.219203e-11
0.000000e+00 0.000000e+00 -7.958079e-13 0.000000e+00 -4.565743e-12 -9.038162e-11
0.000000e+00 0.000000e+00 -9.094947e-13 0.000000e+00 -4.234139e-12 -9.346329e-11
0.000000e+00 0.000000e+00 -1.023182e-12 0.000000e+00 -3.242696e-12 -6.260257e-11
0.000000e+00 0.000000e+00 -1.136868e-12 0.000000e+00 -1.591932e-12 9.770291e-12
0.000000e+00 0.000000e+00 -1.023182e-12 -7.940934e-29 7.785382e-13 1.107026e-10
0.000000e+00 0.000000e+00 -7.958079e-13 -1.588187e-28 3.870529e-12 2.204354e-10
0.000000e+00 0.000000e+00 -3.410605e-13 -1.588187e-28 6.603444e-12 3.285198e-10
0.000000e+00 0.000000e+00 2.273737e-13 -1.588187e-28 6.963556e-12 4.322015e-10
0.000000e+00 0.000000e+00 1.023182e-12 -1.588187e-28 5.281952e-12 5.345329e-10
0.000000e+00 0.000000e+00 1.932676e-12 -1.588187e-28 1.889716e-12 6.433744e-10
0.000000e+00 0.000000e+00 2.955858e-12 -3.176374e-28 -3.153542e-12 7.729010e-10
0.000000e+00 0.000000e+00 4.206413e-12 -4.764560e-28 -1.022887e-11 9.309398e-10
0.000000e+00 0.000000e+00 5.684342e-12 -9.194113e-28 -1.968725e-11 1.115897e-09
0.000000e+00 -5.684342e-14 7.503331e-12 -1.605558e-27 -2.578372e-11 1.315820e-09
0.000000e+00 -1.136868e-13 9.549694e-12 -1.567249e-27 -2.206247e-11 1.517404e-09
0.000000e+00 -1.705303e-13 1.193712e-11 -2.998633e-27 -5.719956e-12 1.701061e-09
0.000000e+00 -1.705303e-13 1.455192e-11 -3.956818e-27 2.049335e-11 1.843607e-09
0.000000e+00 -1.136868e-13 1.739409e-11 -3.788074e-27 4.832082e-11 1.927244e-09
0.000000e+00 -5.684342e-14 2.023626e-11 -5.044975e-27 7.171543e-11 1.947273e-09
0.000000e+00 5.684342e-14 2.319211e-11 -6.373530e-27 8.395041e-11 1.895574e-09
0.000000e+00 1.705303e-13 2.592060e-11 -7.702085e-27 7.611661e-11 1.767390e-09
0.000000e+00 2.842171e-13 2.842171e-11 -8.980700e-27 4.447943e-11 1.567744e-09
0.000000e+00 2.842171e-13 3.058176e-11 -1.013183e-26 -2.125129e-12 1.289229e-09
0.000000e+00 2.273737e-13 3.228706e-11 -1.113220e-26 -5.007643e-11 9.114785e-10
0.000000e+00 1.136868e-13 3.331024e-11 -1.194831e-26 -8.713011e-11 4.085569e-10
0.000000e+00 0.000000e+00 3.342393e-11 -1.224052e-26 -1.035119e-10 -2.408469e-10
0.000000e+00 -1.705303e-13 3.251444e-11 -1.214180e-26 -9.474596e-11 -1.071069e-09
0.000000e+00 -3.410605e-13 3.024070e-11 -1.213629e-26 -5.735914e-11 -2.110117e-09
0.000000e+00 -3.979039e-13 2.614797e-11 -1.237235e-26 -8.901605e-13 -3.352474e-09
0.000000e+00 -3.410605e-13 2.012257e-11 -1.308843e-26 5.383193e-11 -4.785537e-09
0.000000e+00 -2.273737e-13 1.182343e-11 -1.477991e-26 8.947712e-11 -6.394033e-09
0.000000e+00 -1.136868e-13 1.023182e-12 -1.641928e-26 1.000250e-10 -8.151375e-09
0.000000e+00 5.684342e-14 -1.261924e-11 -1.872401e-26 8.371206e-11 -1.001510e-08
0.000000e+00 1.705303e-13 -2.910383e-11 3.306968e-13 4.498274e-11 -1.193021e-08
0.000000e+00 1.705303e-13 -4.843059e-11 1.022413e-12 3.608700e-12 -1.384906e-08
0.000000e+00 1.705303e-13 -7.071321e-11 1.052994e-12 -2.694860e-11 -1.571074e-08
0.000000e+00 1.136868e-13 -9.561063e-11 6.924932e-13 -4.125473e-11 -1.745103e-08
0.000000e+00 5.684342e-14 -1.230092e-10 6.922341e-13 -3.477062e-11 -1.900635e-08
0.000000e+00 0.000000e+00 -1.526814e-10 -6.608755e-13 -1.130772e-11 -2.029434e-08
0.000000e+00 0.000000e+00 -1.839453e-10 -3.065684e-12 1.616212e-11 -2.124125e-08
0.000000e+00 0.000000e+00 -2.163461e-10 -6.101305e-12 3.581767e-11 -2.177641e-08
0.000000e+00 5.684342e-14 -2.492015e-10 -1.048926e-11 3.988124e-11 -2.182399e-08
0.000000e+00 1.136868e-13 -2.818297e-10 -1.421582e-11 2.697486e-11 -2.130847e-08
0.000000e+00 1.705303e-13 -3.132072e-10 -1.418549e-11 1.835067e-12 -2.015943e-08
0.000000e+00 1.705303e-13 -3.423111e-10 -1.072873e-11 -2.637159e-11 -1.832522e-08
0.000000e+00 1.136868e-13 -3.682317e-10 -4.927539e-12 -4.298481e-11 -1.575692e-08
0.000000e+00 5.684342e-14 -3.897185e-10 2.586484e-12 -4.293562e-11 -1.241474e-08
0.000000e+00 0.000000e+00 -4.055210e-10 1.013031e-11 -3.034413e-11 -8.283421e-09
0.000000e+00 -5.684342e-14 -4.145022e-10 1.629148e-11 -1.064865e-11 -3.371188e-09
0.000000e+00 -5.684342e-14 -4.155254e-10 1.938697e-11 6.322895e-12 2.294020e-09
0.000000e+00 -5.684342e-14 -4.075673e-10 1.770317e-11 1.145630e-11 8.663310e-09
0.000000e+00 -5.684342e-14 -3.896048e-10 1.087905e-11 9.230316e-13 1.566048e-08
0.000000e+00 -5.684342e-14 -3.606146e-10 1.380064e-12 -2.429053e-11 2.317049e-08
0.000000e+00 -1.136868e-13 -3.200284e-10 -7.727834e-12 -5.189802e-11 3.104955e-08
0.000000e+00 -1.705303e-13 -2.673914e-10 -1.385972e-11 -6.828354e-11 3.915000e-08
0.000000e+00 -2.842171e-13 -2.024763e-10 -1.461027e-11 -6.155688e-11 4.732280e-08
0.000000e+00 -3.979039e-13 -1.253966e-10 -8.146130e-12 -2.351510e-11 5.543360e-08
0.000000e+00 -3.979039e-13 -3.626610e-11 2.796409e-12 3.632680e-11 6.335862e-08
0.000000e+00 -2.842171e-13 6.457412e-11 1.609077e-11 9.713313e-11 7.097302e-08
0.000000e+00 -5.684342e-14 1.765557e-10 3.003127e-11 1.358598e-10 7.815594e-08
0.000000e+00 1.705303e-13 2.989964e-10 4.091271e-11 1.358612e-10 8.478831e-08
1.136868e-13 3.979039e-13 4.309868e-10 3.921857e-11 9.368830e-11 9.076200e-08
2.273737e-13 4.547474e-13 5.713900e-10 1.371897e-11 2.671305e-11 9.598450e-08
2.273737e-13 4.547474e-13 7.189556e-10 -2.978139e-11 -4.232819e-11 1.003953e-07
2.273737e-13 3.410605e-13 8.725465e-10 -7.976705e-11 -9.775540e-11 1.039556e-07
1.136868e-13 1.136868e-13 1.030912e-09 -1.212589e-10 -1.208112e-10 1.066297e-07
-1.136868e-13 -5.684342e-14 1.192575e-09 -1.314966e-10 -1.058233e-10 1.084117e-07
-3.410605e-13 -2.273737e-13 1.356170e-09 -9.994096e-11 -6.126676e-11 1.093226e-07
-4.547474e-13 -2.842171e-13 1.520448e-09 -3.673107e-11 -4.787463e-12 1.093857e-07
-4.547474e-13 -2.273737e-13 1.684271e-09 3.665776e-11 3.980678e-11 1.086051e-07
-4.547474e-13 -1.705303e-13 1.846274e-09 1.086574e-10 6.024262e-11 1.069570e-07
-3.410605e-13 -5.684342e-14 2.005095e-09 1.691276e-10 5.277141e-11 1.043818e-07
-1.136868e-13 0.000000e+00 2.159368e-09 1.979823e-10 2.250392e-11 1.007567e-07
2.273737e-13 0.000000e+00 2.307274e-09 1.775560e-10 -1.525165e-11 9.589944e-08
4.547474e-13 0.000000e+00 2.446995e-09 1.132969e-10 -4.518006e-11 8.956142e-08
4.547474e-13 -5.684342e-14 2.576030e-09 4.016415e-11 -5.301026e-11 8.141229e-08
5.684342e-13 -1.136868e-13 2.691309e-09 -3.162640e-11 -3.230715e-11 7.107279e-08
4.547474e-13 -1.705303e-13 2.789307e-09 -9.657862e-11 1.044757e-11 5.812633e-08
3.410605e-13 -1.136868e-13 2.865704e-09 -1.366368e-10 5.665810e-11 4.212130e-08
1.136868e-13 0.000000e+00 2.915726e-09 -1.447280e-10 8.320237e-11 2.257035e-08
-1.136868e-13 1.136868e-13 2.933461e-09 -1.236147e-10 7.811338e-11 -1.016588e-09
-3.410605e-13 2.273737e-13 2.912657e-09 -8.144161e-11 4.142383e-11 -2.910355e-08
-4.547474e-13 2.273737e-13 2.846150e-09 -2.261591e-11 -1.399098e-11 -6.211283e-08
-4.547474e-13 1.705303e-13 2.726210e-09 3.791881e-11 -6.903887e-11 -1.003679e-07
-3.410605e-13 0.000000e+00 2.544994e-09 8.653433e-11 -1.043557e-10 -1.440824e-07
-2.273737e-13 -1.705303e-13 2.293973e-09 1.178333e-10 -1.046517e-10 -1.933080e-07
0.000000e+00 -3.410605e-13 1.964963e-09 1.230126e-10 -6.687135e-11 -2.478657e-07
2.273737e-13 -3.979039e-13 1.550347e-09 9.519228e-11 -5.009576e-12 -3.073354e-07
3.410605e-13 -3.410605e-13 1.042963e-09 4.252095e-11 5.210870e-11 -3.710022e-07
4.547474e-13 -2.273737e-13 4.373533e-10 -2.848535e-11 8.369645e-11 -4.378351e-07
3.410605e-13 -1.136868e-13 -2.704610e-10 -9.946391e-11 8.262306e-11 -5.064796e-07
2.273737e-13 0.000000e+00 -1.082071e-09 -1.510948e-10 5.164953e-11 -5.752430e-07
0.000000e+00 0.000000e+00 -1.996227e-09 -1.725678e-10 1.016005e-11 -6.421223e-07
-2.273737e-13 -5.684342e-14 -3.008381e-09 -1.522018e-10 -1.839392e-11 -7.048370e-07
-4.547474e-13 -5.684342e-14 -4.110689e-09 -9.334016e-11 -2.588850e-11 -7.608515e-07
-4.547474e-13 -1.136868e-13 -5.290985e-09 -1.545209e-11 -1.029903e-11 -8.074294e-07
-3.410605e-13 -1.136868e-13 -6.533014e-09 5.525705e-11 2.295949e-11 -8.417221e-07
-2.273737e-13 0.000000e+00 -7.816197e-09 1.051806e-10 5.254355e-11 -8.608519e-07
-1.136868e-13 5.684342e-14 -9.115524e-09 1.319939e-10 6.485219e-11 -8.620258e-07
1.136868e-13 1.705303e-13 -1.040223e-08 1.244897e-10 4.998767e-11 -8.426307e-07
3.410605e-13 2.273737e-13 -1.164346e-08 7.414449e-11 2.136846e-12 -8.003597e-07
4.547474e-13 1.705303e-13 -1.280330e-08 -2.371018e-12 -6.106631e-11 -7.333630e-07
3.410605e-13 0.000000e+00 -1.384353e-08 -7.207318e-11 -1.100283e-10 -6.403563e-07
2.273737e-13 -1.705303e-13 -1.472438e-08 -1.125295e-10 -1.260735e-10 -5.207453e-07
1.136868e-13 -3.410605e-13 -1.540582e-08 -1.196043e-10 -1.040305e-10 -3.747322e-07
-1.136868e-13 -4.547474e-13 -1.584863e-08 -8.591461e-11 -4.523351e-11 -2.034026e-07
-2.273737e-13 -4.547474e-13 -1.601609e-08 -1.696047e-11 3.398767e-11 -8.783316e-09
-1.136868e-13 -3.410605e-13 -1.587500e-08 5.135967e-11 1.068056e-10 2.061330e-07
0.000000e+00 -1.136868e-13 -1.539763e-08 8.806383e-11 1.479635e-10 4.373907e-07
1.136868e-13 1.136868e-13 -1.456283e-08 8.262798e-11 1.425138e-10 6.801225e-07
2.273737e-13 3.410605e-13 -1.335729e-08 3.399068e-11 8.847971e-11 9.286192e-07
2.273737e-13 3.979039e-13 -1.177705e-08 -3.949474e-11 4.873534e-12 1.176452e-06
0.000000e+00 3.410605e-13 -9.828000e-09 -1.020511e-10 -7.909228e-11 1.416616e-06
-1.136868e-13 1.705303e-13 -7.527206e-09 -1.340159e-10 -1.368803e-10 1.641729e-06
-3.410605e-13 -5.684342e-14 -4.902859e-09 -1.252271e-10 -1.480975e-10 1.844257e-06
-5.684342e-13 -2.842171e-13 -1.994522e-09 -6.484361e-11 -1.094024e-10 2.016768e-06
-5.684342e-13 -3.979039e-13 1.147441e-09 2.823777e-11 -3.499028e-11 2.152190e-06
-4.547474e-13 -3.979039e-13 4.462095e-09 1.207264e-10 4.933512e-11 2.244103e-06
-1.136868e-13 -2.842171e-13 7.879748e-09 1.761659e-10 1.173794e-10 2.287005e-06
1.136868e-13 -5.684342e-14 1.132310e-08 1.789020e-10 1.412125e-10 2.276553e-06
3.410605e-13 1.705303e-13 1.470937e-08 1.350669e-10 1.078736e-10 2.209800e-06
5.684342e-13 2.842171e-13 1.795240e-08 5.080816e-11 3.512917e-11 2.085401e-06
5.684342e-13 2.842171e-13 2.096544e-08 -4.777006e-11 -4.714192e-11 1.903731e-06
3.410605e-13 1.705303e-13 2.366357e-08 -1.178359e-10 -1.104151e-10 1.666974e-06
1.136868e-13 -5.684342e-14 2.596641e-08 -1.379250e-10 -1.311568e-10 1.379166e-06
-1.136868e-13 -2.273737e-13 2.780109e-08 -1.086956e-10 -1.043130e-10 1.046163e-06
-2.273737e-13 -3.410605e-13 2.910485e-08 -4.580328e-11 -4.449451e-11 6.755278e-07
-3.410605e-13 -3.410605e-13 2.982767e-08 3.168576e-11 2.455535e-11 2.763436e-07
-2.273737e-13 -2.273737e-13 2.993397e-08 1.003441e-10 7.455768e-11 -1.410248e-07
-1.136868e-13 -1.136868e-13 2.940465e-08 1.350049e-10 9.051694e-11 -5.652300e-07
1.136868e-13 0.000000e+00 2.823822e-08 1.227511e-10 7.313624e-11 -9.843111e-07
3.410605e-13 1.136868e-13 2.645163e-08 5.577900e-11 2.856224e-11 -1.386109e-06
3.410605e-13 1.136868e-13 2.407978e-08 -4.420363e-11 -2.239738e-11 -1.758684e-06
1.136868e-13 0.000000e+00 2.117554e-08 -1.312791e-10 -5.160711e-11 -2.090753e-06
-1.136868e-13 -5.684342e-14 1.780757e-08 -1.772306e-10 -4.790048e-11 -2.372087e-06
-3.410605e-13 -1.136868e-13 1.405920e-08 -1.749188e-10 -1.494511e-11 -2.593883e-06
-5.684342e-13 -5.684342e-14 1.002581e-08 -1.219310e-10 3.163101e-11 -2.749120e-06
-6.821210e-13 5.684342e-14 5.811785e-09 -3.187124e-11 6.935911e-11 -2.832841e-06
-5.684342e-13 1.705303e-13 1.527269e-09 6.226294e-11 8.231859e-11 -2.842357e-06
-3.410605e-13 2.842171e-13 -2.715296e-09 1.291638e-10 6.166889e-11 -2.777368e-06
-1.136868e-13 3.410605e-13 -6.804839e-09 1.570284e-10 9.037382e-12 -2.640008e-06
1.136868e-13 2.842171e-13 -1.063540e-08 1.427736e-10 -5.962504e-11 -2.434791e-06
3.410605e-13 1.136868e-13 -1.410933e-08 9.107188e-11 -1.188135e-10 -2.168484e-06
4.547474e-13 -1.136868e-13 -1.714091e-08 1.900618e-11 -1.463406e-10 -1.849870e-06
3.410605e-13 -3.410605e-13 -1.965896e-08 -4.416667e-11 -1.310610e-10 -1.489422e-06
2.273737e-13 -4.547474e-13 -2.160925e-08 -7.885541e-11 -7.771753e-11 -1.098899e-06
1.136868e-13 -5.115908e-13 -2.295576e-08 -8.368218e-11 -1.535861e-12 -6.909133e-07
0.000000e+00 -4.547474e-13 -2.368199e-08 -6.127679e-11 7.940587e-11 -2.784712e-07
-1.136868e-13 -2.842171e-13 -2.379113e-08 -1.842467e-11 1.429849e-10 1.255285e-07
-1.136868e-13 0.000000e+00 -2.330546e-08 2.713817e-11 1.698283e-10 5.087810e-07
-1.136868e-13 2.273737e-13 -2.226489e-08 5.840331e-11 1.548126e-10 8.600039e-07
0.000000e+00 4.547474e-13 -2.072545e-08 6.662036e-11 1.017689e-10 1.169334e-06
1.136868e-13 5.684342e-13 -1.875685e-08 4.593189e-11 2.394495e-11 1.428682e-06
2.273737e-13 5.684342e-13 -1.643946e-08 -1.303658e-12 -5.657569e-11 1.631997e-06
2.273737e-13 4.547474e-13 -1.386093e-08 -6.013847e-11 -1.200806e-10 1.775424e-06
1.136868e-13 2.273737e-13 -1.111323e-08 -1.030265e-10 -1.513033e-10 1.857379e-06
0.000000e+00 0.000000e+00 -8.288794e-09 -1.132600e-10 -1.447940e-10 1.878540e-06
-1.136868e-13 -2.273737e-13 -5.477546e-09 -9.222186e-11 -1.060508e-10 1.841735e-06
-2.273737e-13 -3.410605e-13 -2.763613e-09 -4.326418e-11 -5.000858e-11 1.751751e-06
-3.410605e-13 -3.410605e-13 -2.223715e-10 2.546787e-11 4.657048e-12 1.615044e-06
-3.410605e-13 -2.842171e-13 2.081492e-09 9.756210e-11 4.435728e-11 1.439396e-06
-2.273737e-13 -2.273737e-13 4.095909e-09 1.526658e-10 6.504306e-11 1.233555e-06
0.000000e+00 -1.136868e-13 5.782340e-09 1.724104e-10 6.567905e-11 1.006839e-06
2.273737e-13 0.000000e+00 7.116455e-09 1.486174e-10 4.831382e-11 7.687571e-07
4.547474e-13 5.684342e-14 8.088591e-09 8.407292e-11 2.379332e-11 5.285890e-07
4.547474e-13 1.136868e-13 8.702273e-09 3.856954e-12 1.302249e-12 2.950245e-07
3.410605e-13 1.136868e-13 8.973757e-09 -6.006447e-11 -9.917057e-12 7.585825e-08
2.273737e-13 1.136868e-13 8.929987e-09 -9.706585e-11 -5.842320e-12 -1.222839e-07
1.136868e-13 1.136868e-13 8.607003e-09 -1.071806e-10 7.064312e-12 -2.941493e-07
0.000000e+00 1.136868e-13 8.047550e-09 -9.324317e-11 2.004533e-11 -4.359830e-07
-1.136868e-13 1.705303e-13 7.299036e-09 -6.132402e-11 2.149069e-11 -5.455844e-07
-2.273737e-13 2.273737e-13 6.410801e-09 -1.746287e-11 3.484616e-12 -6.222840e-07
-2.273737e-13 2.273737e-13 5.432071e-09 2.500961e-11 -2.781243e-11 -6.668268e-07
-2.273737e-13 1.705303e-13 4.410253e-09 6.198354e-11 -5.912747e-11 -6.812218e-07
-1.136868e-13 5.684342e-14 3.388436e-09 9.046776e-11 -8.056866e-11 -6.685124e-07
0.000000e+00 -5.684342e-14 2.404704e-09 9.961641e-11 -8.632662e-11 -6.325246e-07
1.136868e-13 -1.705303e-13 1.490776e-09 9.044402e-11 -7.340152e-11 -5.776254e-07
2.273737e-13 -2.842171e-13 6.717755e-10 6.290530e-11 -4.010510e-11 -5.084797e-07
3.410605e-13 -2.842171e-13 -3.467449e-11 1.771889e-11 5.819710e-12 -4.298109e-07
3.410605e-13 -2.273737e-13 -6.176606e-10 -3.050633e-11 5.272764e-11 -3.461869e-07
3.410605e-13 -1.136868e-13 -1.073204e-09 -7.402738e-11 9.209294e-11 -2.618346e-07
2.273737e-13 0.000000e+00 -1.403237e-09 -1.090465e-10 1.193098e-10 -1.804738e-07
1.136868e-13 1.705303e-13 -1.614694e-09 -1.280695e-10 1.289016e-10 -1.052152e-07
-1.136868e-13 3.410605e-13 -1.718831e-09 -1.253750e-10 1.105821e-10 -3.847955e-08
-3.410605e-13 5.115908e-13 -1.730086e-09 -9.168635e-11 5.990903e-11 1.806514e-08
-4.547474e-13 5.684342e-13 -1.664716e-09 -3.284489e-11 -1.627726e-11 6.349245e-08
-4.547474e-13 5.115908e-13 -1.539661e-09 2.730704e-11 -1.006111e-10 9.754998e-08
-4.547474e-13 2.842171e-13 -1.372086e-09 8.069472e-11 -1.693495e-10 1.205897e-07
-3.410605e-13 0.000000e+00 -1.177909e-09 1.224910e-10 -2.006478e-10 1.334589e-07
-1.136868e-13 -2.842171e-13 -9.716814e-10 1.349948e-10 -1.843387e-10 1.373733e-07
1.136868e-13 -5.115908e-13 -7.656809e-10 1.145505e-10 -1.252740e-10 1.337934e-07
3.410605e-13 -6.252776e-13 -5.702532e-10 6.286980e-11 -3.764512e-11 1.243299e-07
4.547474e-13 -6.252776e-13 -3.927880e-10 -7.818584e-12 5.750457e-11 1.106286e-07
4.547474e-13 -4.547474e-13 -2.384013e-10 -7.609165e-11 1.302506e-10 9.425328e-08
3.410605e-13 -2.273737e-13 -1.099352e-10 -1.266891e-10 1.574545e-10 7.662636e-08
1.136868e-13 0.000000e+00 -8.412826e-12 -1.459953e-10 1.374114e-10 5.898561e-08
-1.136868e-13 1.705303e-13 6.696155e-11 -1.269191e-10 8.234532e-11 4.235190e-08
-3.410605e-13 2.273737e-13 1.185754e-10 -7.120365e-11 1.201633e-11 2.747633e-08
-4.547474e-13 1.705303e-13 1.494982e-10 5.209887e-12 -4.912726e-11 1.483020e-08
-3.410605e-13 5.684342e-14 1.631406e-10 7.075984e-11 -7.836264e-11 4.652001e-09
-2.273737e-13 -5.684342e-14 1.633680e-10 1.053829e-10 -6.649379e-11 -3.025649e-09
-1.136868e-13 -1.705303e-13 1.539320e-10 1.114528e-10 -1.621857e-11 -8.355985e-09
0.000000e+00 -1.136868e-13 1.382432e-10 9.235911e-11 4.975240e-11 -1.163162e-08
1.136868e-13 0.000000e+00 1.191438e-10 5.117599e-11 1.014662e-10 -1.322387e-08
2.273737e-13 2.273737e-13 9.868018e-11 -3.905594e-12 1.137399e-10 -1.350509e-08
2.273737e-13 3.979039e-13 7.867129e-11 -5.966650e-11 7.194861e-11 -1.282251e-08
1.136868e-13 4.547474e-13 6.025402e-11 -9.570791e-11 -1.402802e-11 -1.149443e-08
0.000000e+00 3.979039e-13 4.411049e-11 -1.011243e-10 -1.214256e-10 -9.787536e-09
-1.136868e-13 1.705303e-13 3.080913e-11 -8.306990e-11 -2.163027e-10 -7.930455e-09
-2.273737e-13 -2.273737e-13 2.023626e-11 -4.839649e-11 -2.571558e-10 -6.108013e-09
-3.410605e-13 -6.252776e-13 1.239187e-11 8.747435e-13 -2.174534e-10 -4.457470e-09
-3.410605e-13 -9.094947e-13 6.821210e-12 5.522755e-11 -1.042667e-10 -3.074971e-09
-2.273737e-13 -9.663381e-13 3.069545e-12 9.768824e-11 5.148235e-11 -2.001695e-09
-1.136868e-13 -7.958079e-13 7.958079e-13 1.194473e-10 2.051765e-10 -1.243407e-09
1.136868e-13 -3.979039e-13 -5.684342e-13 1.143104e-10 3.061075e-10 -7.657628e-10
3.410605e-13 1.136868e-13 -1.477929e-12 7.757810e-11 3.196443e-10 -4.899148e-10
4.547474e-13 5.684342e-13 -2.046363e-12 2.118826e-11 2.434900e-10 -3.343587e-10
4.547474e-13 7.958079e-13 -2.387424e-12 -3.691475e-11 1.078724e-10 -2.332016e-10
4.547474e-13 8.526513e-13 -2.614797e-12 -8.790562e-11 -4.378095e-11 -1.360580e-10
3.410605e-13 6.821210e-13 -2.728484e-12 -1.283620e-10 -1.651964e-10 -9.643812e-12
1.136868e-13 3.979039e-13 -2.614797e-12 -1.463758e-10 -2.206240e-10 1.432947e-10
-1.136868e-13 5.684342e-14 -2.273737e-12 -1.382038e-10 -1.971561e-10 2.918021e-10
-3.410605e-13 -1.705303e-13 -1.705303e-12 -1.126546e-10 -1.074084e-10 4.028424e-10
-4.547474e-13 -2.273737e-13 -1.023182e-12 -7.930543e-11 7.505851e-12 4.503037e-10
-5.684342e-13 -1.136868e-13 -3.410605e-13 -4.125669e-11 1.006473e-10 4.264196e-10
-6.821210e-13 1.136868e-13 3.410605e-13 9.741469e-12 1.356593e-10 3.342508e-10
-6.821210e-13 3.410605e-13 6.821210e-13 7.067179e-11 9.892965e-11 1.965563e-10
-5.684342e-13 4.547474e-13 9.094947e-13 1.278439e-10 4.394667e-12 3.677564e-11
-3.410605e-13 3.410605e-13 7.958079e-13 1.696359e-10 -1.088058e-10 -1.290831e-10
-1.136868e-13 1.136868e-13 4.547474e-13 1.919971e-10 -1.975386e-10 -2.877605e-10
2.273737e-13 -2.273737e-13 -1.136868e-13 1.902677e-10 -2.281080e-10 -4.409464e-10
5.684342e-13 -5.684342e-13 -9.094947e-13 1.580146e-10 -1.805100e-10 -5.941643e-10
7.958079e-13 -7.958079e-13 -1.932676e-12 1.006142e-10 -6.086427e-11 -7.590480e-10
9.094947e-13 -7.958079e-13 -3.183231e-12 3.371657e-11 9.726269e-11 -9.439976e-10
9.094947e-13 -5.115908e-13 -4.661160e-12 -3.111468e-11 2.356774e-10 -1.142480e-09
9.094947e-13 -1.136868e-13 -6.480150e-12 -9.628957e-11 3.077241e-10 -1.327340e-09
7.958079e-13 3.410605e-13 -8.640200e-12 -1.615379e-10 2.943972e-10 -1.459495e-09
5.684342e-13 7.389644e-13 -1.091394e-11 -2.153060e-10 1.944035e-10 -1.507077e-09
2.273737e-13 9.094947e-13 -1.318767e-11 -2.412079e-10 3.325831e-11 -1.450696e-09
-1.136868e-13 8.526513e-13 -1.523404e-11 -2.321245e-10 -1.438146e-10 -1.288224e-09
-4.547474e-13 5.115908e-13 -1.705303e-11 -1.897380e-10 -2.807805e-10 -1.031239e-09
-7.958079e-13 5.684342e-14 -1.841727e-11 -1.116125e-10 -3.358525e-10 -7.075763e-10
-7.958079e-13 -4.547474e-13 -1.921308e-11 -1.849429e-11 -2.947081e-10 -3.590731e-10
-6.821210e-13 -8.526513e-13 -1.955414e-11 5.936195e-11 -1.672083e-10 -1.705304e-11
-5.684342e-13 -9.663381e-13 -1.932676e-11 1.205814e-10 3.773510e-12 3.014782e-10
-3.410605e-13 -8.526513e-13 -1.864464e-11 1.620462e-10 1.668750e-10 5.938619e-10
-1.136868e-13 -5.115908e-13 -1.750777e-11 1.783158e-10 2.762708e-10 8.679225e-10
1.136868e-13 -5.684342e-14 -1.602984e-11 1.684564e-10 2.952733e-10 1.143676e-09
3.410605e-13 3.979039e-13 -1.409717e-11 1.301046e-10 2.153927e-10 1.443594e-09
5.684342e-13 6.252776e-13 -1.170974e-11 6.047650e-11 6.145283e-11 1.771384e-09
5.684342e-13 6.252776e-13 -8.867573e-12 -3.061332e-11 -1.258029e-10 2.123293e-09
4.547474e-13 2.842171e-13 -5.456968e-12 -1.213769e-10 -2.967633e-10 2.479656e-09
1.136868e-13 -2.842171e-13 -1.477929e-12 -1.862979e-10 -4.078732e-10 2.801323e-09
-1.136868e-13 -9.663381e-13 2.955858e-12 -2.114728e-10 -4.357278e-10 3.052902e-09
-4.547474e-13 -1.591616e-12 7.617018e-12 -1.887394e-10 -3.768912e-10 3.218134e-09
-6.821210e-13 -2.103206e-12 1.250555e-11 -1.136447e-10 -2.497093e-10 3.290553e-09
-6.821210e-13 -2.387424e-12 1.739409e-11 -7.963091e-12 -8.415683e-11 3.268754e-09
-5.684342e-13 -2.387424e-12 2.228262e-11 1.052016e-10 8.206774e-11 3.154460e-09
-3.410605e-13 -2.160050e-12 2.694378e-11 2.006597e-10 2.105795e-10 2.945992e-09
1.136868e-13 -1.762146e-12 3.115019e-11 2.441155e-10 2.758576e-10 2.652205e-09
4.547474e-13 -1.364242e-12 3.490186e-11 2.233763e-10 2.772138e-10 2.290093e-09
7.958079e-13 -9.663381e-13 3.797140e-11 1.472109e-10 2.280030e-10 1.877667e-09
9.094947e-13 -6.821210e-13 4.047251e-11 3.162175e-11 1.478819e-10 1.428139e-09
7.958079e-13 -5.115908e-13 4.229150e-11 -9.074570e-11 6.667756e-11 9.537852e-10
5.684342e-13 -4.547474e-13 4.342837e-11 -1.927182e-10 1.573225e-11 4.709498e-10
1.136868e-13 -4.547474e-13 4.376943e-11 -2.450403e-10 2.155029e-11 4.134291e-12
-2.273737e-13 -3.410605e-13 4.342837e-11 -2.358210e-10 9.701033e-11 -4.109676e-10
-5.684342e-13 -1.136868e-13 4.251888e-11 -1.783325e-10 2.421442e-10 -7.448602e-10
-6.821210e-13 3.410605e-13 4.115464e-11 -9.402681e-11 4.494638e-10 -9.672241e-10
-6.821210e-13 1.193712e-12 3.956302e-11 -1.218911e-11 6.918008e-10 -1.039244e-09
-6.821210e-13 2.387424e-12 3.797140e-11 5.704872e-11 9.352058e-10 -9.229305e-10
-5.684342e-13 3.979039e-12 3.672085e-11 1.082964e-10 1.147690e-09 -5.801907e-10
-4.547474e-13 5.798029e-12 3.615241e-11 1.374772e-10 1.302391e-09 2.468026e-11
-2.273737e-13 7.844392e-12 3.672085e-11 1.422267e-10 1.386399e-09 9.150965e-10
0.000000e+00 1.000444e-11 3.888090e-11 1.214878e-10 1.392229e-09 2.093506e-09
2.273737e-13 1.210765e-11 4.308731e-11 8.172968e-11 1.323991e-09 3.535103e-09
3.410605e-13 1.404032e-11 4.956746e-11 3.551822e-11 1.207126e-09 5.201806e-09
3.410605e-13 1.574563e-11 5.877610e-11 1.562737e-12 1.072572e-09 7.029030e-09
3.410605e-13 1.722356e-11 7.071321e-11 -1.610470e-11 9.431058e-10 8.927960e-09
3.410605e-13 1.853095e-11 8.560619e-11 -2.803373e-11 8.281504e-10 1.079354e-08
3.410605e-13 1.972467e-11 1.031140e-10 -4.268463e-11 7.175461e-10 1.250785e-08
2.273737e-13 2.074785e-11 1.231228e-10 -5.767128e-11 5.896362e-10 1.394606e-08
1.136868e-13 2.154366e-11 1.449507e-10 -6.822439e-11 4.168571e-10 1.499026e-08
0.000000e+00 2.199840e-11 1.680291e-10 -7.368157e-11 1.695788e-10 1.553268e-08
-1.136868e-13 2.199840e-11 1.915623e-10 -7.233566e-11 -1.769830e-10 1.545360e-08
-2.273737e-13 2.142997e-11 2.144134e-10 -6.011946e-11 -6.400737e-10 1.464320e-08
-3.410605e-13 2.006573e-11 2.354454e-10 -3.427430e-11 -1.223768e-09 1.301094e-08
-3.410605e-13 1.779199e-11 2.534080e-10 -2.588010e-12 -1.917646e-09 1.047193e-08
-3.410605e-13 1.432454e-11 2.668230e-10 2.877978e-11 -2.691417e-09 6.947636e-09
-3.410605e-13 9.663381e-12 2.742127e-10 5.602323e-11 -3.501840e-09 2.379497e-09
-2.273737e-13 3.808509e-12 2.738716e-10 6.516679e-11 -4.313989e-09 -3.260391e-09
-1.136868e-13 -3.296918e-12 2.643219e-10 4.942690e-11 -5.094908e-09 -9.966205e-09
0.000000e+00 -1.148237e-11 2.439720e-10 1.502260e-11 -5.816362e-09 -1.769875e-08
0.000000e+00 -2.069100e-11 2.112301e-10 -2.376764e-11 -6.456244e-09 -2.636869e-08
0.000000e+00 -3.080913e-11 1.648459e-10 -4.960599e-11 -6.989693e-09 -3.583397e-08
-1.136868e-13 -4.160938e-11 1.036824e-10 -3.971139e-11 -7.393648e-09 -4.589010e-08
-2.273737e-13 -5.292122e-11 2.717115e-11 2.117817e-11 -7.642274e-09 -5.628046e-08
-1.136868e-13 -6.451728e-11 -6.514256e-11 1.109665e-10 -7.701510e-09 -6.669745e-08
1.136868e-13 -7.599965e-11 -1.729177e-10 1.922469e-10 -7.541751e-09 -7.677749e-08
4.547474e-13 -8.708412e-11 -2.954721e-10 2.344395e-10 -7.138883e-09 -8.612182e-08
7.958079e-13 -9.737278e-11 -4.313279e-10 2.182086e-10 -6.473859e-09 -9.431741e-08
1.136868e-12 -1.064677e-10 -5.784386e-10 1.336740e-10 -5.539876e-09 -1.009483e-07
1.250555e-12 -1.139711e-10 -7.341896e-10 -1.140231e-11 -4.339990e-09 -1.055991e-07
1.136868e-12 -1.194849e-10 -8.951702e-10 -1.850719e-10 -2.885400e-09 -1.078915e-07
7.958079e-13 -1.226113e-10 -1.057856e-09 -3.437867e-10 -1.193888e-09 -1.074806e-07
1.136868e-13 -1.230660e-10 -1.217700e-09 -4.359102e-10 7.179377e-10 -1.040716e-07
-5.684342e-13 -1.204512e-10 -1.370040e-09 -4.291681e-10 2.827056e-09 -9.744661e-08
-1.250555e-12 -1.145395e-10 -1.509989e-09 -3.122660e-10 5.102445e-09 -8.745254e-08
-1.591616e-12 -1.051035e-10 -1.632429e-09 -1.045864e-10 7.507638e-09 -7.400646e-08
-1.477929e-12 -9.202950e-11 -1.732019e-09 1.296007e-10 9.995087e-09 -5.712707e-08
-1.023182e-12 -7.514700e-11 -1.803755e-09 3.209322e-10 1.249541e-08 -3.694424e-08
-4.547474e-13 -5.451284e-11 -1.842750e-09 4.259325e-10 1.491544e-08 -1.369797e-08
2.273737e-13 -3.035439e-11 -1.844796e-09 4.221587e-10 1.714714e-08 1.225402e-08
9.094947e-13 -3.069545e-12 -1.806029e-09 3.035220e-10 1.907322e-08 4.042993e-08
1.250555e-12 2.683009e-11 -1.723606e-09 1.023360e-10 2.057605e-08 7.021813e-08
1.136868e-12 5.866241e-11 -1.595481e-09 -1.137852e-10 2.154171e-08 1.008835e-07
7.958079e-13 9.146106e-11 -1.420972e-09 -2.816646e-10 2.188584e-08 1.315871e-07
2.273737e-13 1.243166e-10 -1.200760e-09 -3.584595e-10 2.155781e-08 1.614268e-07
-3.410605e-13 1.561489e-10 -9.367795e-10 -3.271529e-10 2.054098e-08 1.894545e-07
-6.821210e-13 1.859348e-10 -6.324399e-10 -2.126038e-10 1.885978e-08 2.147014e-07
-9.094947e-13 2.127649e-10 -2.926299e-10 -5.216996e-11 1.656279e-08 2.362235e-07
-9.094947e-13 2.356728e-10 7.628387e-11 1.204597e-10 1.371763e-08 2.531530e-07
-5.684342e-13 2.539196e-10 4.667982e-10 2.577215e-10 1.039954e-08 2.647309e-07
-1.136868e-13 2.668230e-10 8.705001e-10 3.205469e-10 6.676535e-09 2.703203e-07
3.410605e-13 2.738716e-10 1.277840e-09 2.977154e-10 2.609443e-09 2.694484e-07
7.958079e-13 2.746106e-10 1.678814e-09 1.957057e-10 -1.740857e-09 2.618393e-07
1.023182e-12 2.686420e-10 2.063302e-09 4.272795e-11 -6.297159e-09 2.474025e-07
1.023182e-12 2.557385e-10 2.420961e-09 -1.167058e-10 -1.095714e-08 2.262419e-07
6.821210e-13 2.357865e-10 2.742013e-09 -2.349934e-10 -1.557873e-08 1.986507e-07
2.273737e-13 2.090133e-10 3.016908e-09 -2.788059e-10 -1.998611e-08 1.651208e-07
-2.273737e-13 1.758735e-10 3.237346e-09 -2.461451e-10 -2.399227e-08 1.263383e-07
-5.684342e-13 1.370495e-10 3.395940e-09 -1.574252e-10 -2.740718e-08 8.316374e-08
-6.821210e-13 9.362111e-11 3.486775e-09 -5.066392e-11 -3.006183e-08 3.664327e-08
-6.821210e-13 4.683898e-11 3.505761e-09 4.386343e-11 -3.183283e-08 -1.202288e-08
-4.547474e-13 -1.875833e-12 3.450623e-09 1.060201e-10 -3.265118e-08 -6.151363e-08
-3.410605e-13 -5.110223e-11 3.321134e-09 1.365124e-10 -3.249617e-08 -1.104204e-07
-1.136868e-13 -9.941914e-11 3.119339e-09 1.473292e-10 -3.137900e-08 -1.573042e-07
1.136868e-13 -1.452918e-10 2.849333e-09 1.347869e-10 -2.934080e-08 -2.007508e-07
3.410605e-13 -1.874128e-10 2.517140e-09 9.885347e-11 -2.644544e-08 -2.394077e-07
4.547474e-13 -2.245883e-10 2.131060e-09 4.968034e-11 -2.276804e-08 -2.720616e-07
5.684342e-13 -2.557385e-10 1.700869e-09 -1.078676e-11 -1.839744e-08 -2.977111e-07
5.684342e-13 -2.797833e-10 1.237822e-09 -8.284079e-11 -1.344950e-08 -3.156049e-07
4.547474e-13 -2.960405e-10 7.540848e-10 -1.531012e-10 -8.074847e-09 -3.252648e-07
2.273737e-13 -3.039986e-10 2.620482e-10 -2.043466e-10 -2.456747e-09 -3.264755e-07
-1.136868e-13 -3.034302e-10 -2.254410e-10 -2.158983e-10 3.192673e-09 -3.192793e-07
-4.547474e-13 -2.944489e-10 -6.958771e-10 -1.754506e-10 8.650341e-09 -3.039795e-07
-6.821210e-13 -2.775096e-10 -1.137437e-09 -9.016573e-11 1.370680e-08 -2.811204e-07
-6.821210e-13 -2.533511e-10 -1.539206e-09 1.651827e-11 1.817882e-08 -2.514670e-07
-5.684342e-13 -2.229399e-10 -1.891749e-09 1.208402e-10 2.191953e-08 -2.159780e-07
-2.273737e-13 -1.875833e-10 -2.187107e-09 1.962597e-10 2.484086e-08 -1.757737e-07
1.136868e-13 -1.484182e-10 -2.419029e-09 2.227064e-10 2.690405e-08 -1.321151e-07
4.547474e-13 -1.068656e-10 -2.583420e-09 1.941441e-10 2.810737e-08 -8.636200e-08
7.958079e-13 -6.411938e-11 -2.678121e-09 1.088532e-10 2.847631e-08 -3.992243e-08
7.958079e-13 -2.148681e-11 -2.703246e-09 -8.395445e-12 2.803943e-08 5.794316e-09
6.821210e-13 1.995204e-11 -2.660840e-09 -1.239405e-10 2.681572e-08 4.942796e-08
3.410605e-13 5.900347e-11 -2.554998e-09 -2.068720e-10 2.482364e-08 8.971890e-08
0.000000e+00 9.447376e-11 -2.391630e-09 -2.333628e-10 2.210603e-08 1.255683e-07
-3.410605e-13 1.253397e-10 -2.178240e-09 -1.986734e-10 1.874445e-08 1.560889e-07
-6.821210e-13 1.507487e-10 -1.923468e-09 -1.038213e-10 1.486579e-08 1.806360e-07
-6.821210e-13 1.699618e-10 -1.636522e-09 2.267031e-11 1.064816e-08 1.987996e-07
-5.684342e-13 1.826947e-10 -1.327180e-09 1.433721e-10 6.301963e-09 2.103964e-07
-2.273737e-13 1.888907e-10 -1.005333e-09 2.273506e-10 2.042504e-09 2.154667e-07
1.136868e-13 1.888338e-10 -6.807568e-10 2.535217e-10 -1.930987e-09 2.142673e-07
4.547474e-13 1.830927e-10 -3.625473e-10 2.239765e-10 -5.462872e-09 2.072532e-07
7.958079e-13 1.724629e-10 -5.900347e-11 1.437768e-10 -8.461986e-09 1.950354e-07
9.094947e-13 1.577405e-10 2.224851e-10 3.498976e-11 -1.089703e-08 1.783546e-07
7.958079e-13 1.397780e-10 4.760068e-10 -6.424507e-11 -1.277550e-08 1.580343e-07
5.684342e-13 1.194280e-10 6.965593e-10 -1.253809e-10 -1.413202e-08 1.349497e-07
3.410605e-13 9.737278e-11 8.808456e-10 -1.433186e-10 -1.499998e-08 1.100001e-07
1.136868e-13 7.440804e-11 1.026592e-09 -1.286328e-10 -1.540218e-08 8.407144e-08
-1.136868e-13 5.121592e-11 1.133003e-09 -8.985667e-11 -1.535624e-08 5.802005e-08
-2.273737e-13 2.842171e-11 1.200647e-09 -4.497491e-11 -1.487335e-08 3.263059e-08
-3.410605e-13 6.650680e-12 1.231001e-09 -9.972782e-12 -1.397263e-08 8.594973e-09
-3.410605e-13 -1.347189e-11 1.226454e-09 6.997723e-12 -1.269898e-08 -1.348515e-08
-3.410605e-13 -3.143441e-11 1.190529e-09 3.265375e-12 -1.113766e-08 -3.313138e-08
-3.410605e-13 -4.689582e-11 1.127091e-09 -1.236964e-11 -9.404307e-09 -5.001053e-08
-3.410605e-13 -5.962875e-11 1.040462e-09 -3.108903e-11 -7.629114e-09 -6.392920e-08
-3.410605e-13 -6.974687e-11 9.353016e-10 -4.232239e-11 -5.938874e-09 -7.483985e-08
-4.547474e-13 -7.747758e-11 8.160441e-10 -2.741920e-11 -4.427150e-09 -8.281183e-08
-4.547474e-13 -8.304823e-11 6.868959e-10 1.871656e-11 -3.145606e-09 -8.798895e-08
-4.547474e-13 -8.691359e-11 5.520633e-10 8.531182e-11 -2.097322e-09 -9.058307e-08
-3.410605e-13 -8.935785e-11 4.151843e-10 1.580751e-10 -1.244893e-09 -9.085796e-08
-1.136868e-13 -9.066525e-11 2.794422e-10 2.121151e-10 -5.379728e-10 -8.908939e-08
2.273737e-13 -9.094947e-11 1.479066e-10 2.212578e-10 6.894784e-11 -8.556875e-08
5.684342e-13 -9.043788e-11 2.273737e-11 1.733091e-10 6.051000e-10 -8.058499e-08
6.821210e-13 -8.913048e-11 -9.390533e-11 8.357472e-11 1.077339e-09 -7.441309e-08
6.821210e-13 -8.719780e-11 -2.005436e-10 -2.149812e-11 1.476508e-09 -6.731791e-08
5.684342e-13 -8.469669e-11 -2.959268e-10 -1.150224e-10 1.793416e-09 -5.952788e-08
2.273737e-13 -8.179768e-11 -3.791456e-10 -1.609245e-10 2.036134e-09 -5.124485e-08
0.000000e+00 -7.855760e-11 -4.496314e-10 -1.459436e-10 2.242051e-09 -4.263309e-08
-2.273737e-13 -7.503331e-11 -5.070433e-10 -7.963340e-11 2.477176e-09 -3.379728e-08
-2.273737e-13 -7.111112e-11 -5.510401e-10 1.384211e-11 2.823112e-09 -2.479004e-08
-1.136868e-13 -6.656364e-11 -5.813945e-10 9.743571e-11 3.352931e-09 -1.562426e-08
0.000000e+00 -6.110668e-11 -5.978791e-10 1.531551e-10 4.115218e-09 -6.280888e-09
