0.000000e+00 0.000000e+00 0.000000e+00 0.000000e+00 0.000000e+00 0.000000e+00
0.000000e+00 0.000000e+00 0.000000e+00 0.000000e+00 0.000000e+00 0.000000e+00
0.000000e+00 0.000000e+00 0.000000e+00 0.000000e+00 0.000000e+00 0.000000e+00
0.000000e+00 0.000000e+00 0.000000e+00 0.000000e+00 0.000000e+00 0.000000e+00
0.000000e+00 0.000000e+00 0.000000e+00 0.000000e+00 0.000000e+00 0.000000e+00
0.000000e+00 0.000000e+00 0.000000e+00 0.000000e+00 0.000000e+00 0.000000e+00
0.000000e+00 0.000000e+00 0.000000e+00 0.000000e+00 0.000000e+00 0.000000e+00
0.000000e+00 0.000000e+00 0.000000e+00 0.000000e+00 0.000000e+00 0.000000e+00
0.000000e+00 0.000000e+00 0.000000e+00 0.000000e+00 0.000000e+00 0.000000e+00
0.000000e+00 0.000000e+00 0.000000e+00 0.000000e+00 0.000000e+00 0.000000e+00
0.000000e+00 0.000000e+00 0.000000e+00 0.000000e+00 0.000000e+00 0.000000e+00
0.000000e+00 0.000000e+00 0.000000e+00 0.000000e+00 0.000000e+00 0.000000e+00
0.000000e+00 0.000000e+00 0.000000e+00 0.000000e+00 0.000000e+00 0.000000e+00
0.000000e+00 0.000000e+00 0.000000e+00 0.000000e+00 0.000000e+00 0.000000e+00
0.000000e+00 0.000000e+00 0.000000e+00 0.000000e+00 0.000000e+00 0.000000e+00
0.000000e+00 0.000000e+00 0.000000e+00 0.000000e+00 0.000000e+00 0.000000e+00
0.000000e+00 0.000000e+00 0.000000e+00 0.000000e+00 0.000000e+00 0.000000e+00
0.000000e+00 0.000000e+00 0.000000e+00 0.000000e+00 0.000000e+00 0.000000e+00
0.000000e+00 0.000000e+00 0.000000e+00 0.000000e+00 0.000000e+00 0.000000e+00
0.000000e+00 0.000000e+00 0.000000e+00 0.000000e+00 0.000000e+00 0.000000e+00
0.000000e+00 0.000000e+00 0.000000e+00 0.000000e+00 0.000000e+00 0.000000e+00
0.000000e+00 0.000000e+00 0.000000e+00 0.000000e+00 0.000000e+00 0.000000e+00
0.000000e+00 0.000000e+00 0.000000e+00 0.000000e+00 0.000000e+00 0.000000e+00
0.000000e+00 0.000000e+00 0.000000e+00 0.000000e+00 0.000000e+00 0.000000e+00
0.000000e+00 0.000000e+00 0.000000e+00 0.000000e+00 0.000000e+00 0.000000e+00
0.000000e+00 0.000000e+00 0.000000e+00 0.000000e+00 0.000000e+00 0.000000e+00
0.000000e+00 0.000000e+00 0.000000e+00 0.000000e+00 0.000000e+00 0.000000e+00
0.000000e+00 0.000000e+00 0.000000e+00 0.000000e+00 0.000000e+00 0.000000e+00
0.000000e+00 0.000000e+00 0.000000e+00 0.000000e+00 0.000000e+00 0.000000e+00
0.000000e+00 0.000000e+00 0.000000e+00 0.000000e+00 0.000000e+00 0.000000e+00
0.000000e+00 0.000000e+00 0.000000e+00 0.000000e+00 0.000000e+00 0.000000e+00
0.000000e+00 0.000000e+00 0.000000e+00 0.000000e+00 0.000000e+00 0.000000e+00
0.000000e+00 0.000000e+00 0.000000e+00 0.000000e+00 0.000000e+00 0.000000e+00
0.000000e+00 0.000000e+00 0.000000e+00 0.000000e+00 0.000000e+00 0.000000e+00
0.000000e+00 0.000000e+00 0.000000e+00 0.000000e+00 0.000000e+00 0.000000e+00
0.000000e+00 0.000000e+00 0.000000e+00 0.000000e+00 0.000000e+00 0.000000e+00
0.000000e+00 0.000000e+00 0.000000e+00 0.000000e+00 0.000000e+00 0.000000e+00
0.000000e+00 0.000000e+00 0.000000e+00 0.000000e+00 0.000000e+00 0.000000e+00
0.000000e+00 0.000000e+00 0.000000e+00 0.000000e+00 0.000000e+00 0.000000e+00
0.000000e+00 0.000000e+00 0.000000e+00 0.000000e+00 0.000000e+00 0.000000e+00
0.000000e+00 0.000000e+00 0.000000e+00 0.000000e+00 0.000000e+00 0.000000e+00
0.000000e+00 0.000000e+00 0.000000e+00 0.000000e+00 0.000000e+00 0.000000e+00
0.000000e+00 0.000000e+00 0.000000e+00 0.000000e+00 0.000000e+00 0.000000e+00
0.000000e+00 0.000000e+00 0.000000e+00 0.000000e+00 0.000000e+00 0.000000e+00
0.000000e+00 0.000000e+00 0.000000e+00 0.000000e+00 0.000000e+00 0.000000e+00
0.000000e+00 0.000000e+00 0.000000e+00 0.000000e+00 0.000000e+00 0.000000e+00
0.000000e+00 0.000000e+00 0.000000e+00 0.000000e+00 0.000000e+00 0.000000e+00
0.000000e+00 0.000000e+00 0.000000e+00 0.000000e+00 0.000000e+00 0.000000e+00
0.000000e+00 0.000000e+00 0.000000e+00 -6.911979e-13 0.000000e+00 6.914569e-13
0.000000e+00 0.000000e+00 0.000000e+00 -2.103657e-12 0.000000e+00 3.427221e-12
0.000000e+00 0.000000e+00 0.000000e+00 -3.516116e-12 0.000000e+00 8.868687e-12
0.000000e+00 0.000000e+00 0.000000e+00 -4.237377e-12 0.000000e+00 1.632388e-11
0.000000e+00 0.000000e+00 0.000000e+00 -4.296986e-12 0.000000e+00 2.443943e-11
0.000000e+00 0.000000e+00 0.000000e+00 -4.356076e-12 0.000000e+00 3.123167e-11
0.000000e+00 0.000000e+00 0.000000e+00 -3.723969e-12 0.000000e+00 3.462676e-11
0.000000e+00 0.000000e+00 0.000000e+00 -2.400664e-12 0.000000e+00 3.324229e-11
0.000000e+00 0.000000e+00 0.000000e+00 -1.739011e-12 0.000000e+00 2.578658e-11
0.000000e+00 0.000000e+00 0.000000e+00 -1.769592e-12 0.000000e+00 1.084717e-11
0.000000e+00 0.000000e+00 0.000000e+00 -2.462345e-12 0.000000e+00 -1.022309e-11
0.000000e+00 0.000000e+00 0.000000e+00 -3.125552e-12 0.000000e+00 -3.396640e-11
0.000000e+00 0.000000e+00 0.000000e+00 -2.466490e-12 0.000000e+00 -5.770660e-11
0.000000e+00 0.000000e+00 -1.136868e-13 -4.833451e-13 0.000000e+00 -7.471390e-11
0.000000e+00 0.000000e+00 -2.273737e-13 2.885045e-12 0.000000e+00 -8.360851e-11
0.000000e+00 0.000000e+00 -3.410605e-13 6.945151e-12 0.000000e+00 -9.043133e-11
0.000000e+00 0.000000e+00 -4.547474e-13 9.622084e-12 0.000000e+00 -9.857668e-11
0.000000e+00 0.000000e+00 -5.684342e-13 8.932181e-12 0.000000e+00 -1.101308e-10
0.000000e+00 0.000000e+00 -6.821210e-13 5.535801e-12 0.000000e+00 -1.285038e-10
0.000000e+00 0.000000e+00 -9.094947e-13 9.407601e-14 0.000000e+00 -1.529768e-10
0.000000e+00 0.000000e+00 -1.136868e-12 -6.700758e-12 0.000000e+00 -1.869408e-10
0.000000e+00 0.000000e+00 -1.364242e-12 -1.283368e-11 1.362909e-28 -2.366221e-10
0.000000e+00 0.000000e+00 -1.705303e-12 -1.625987e-11 2.312487e-28 -2.944837e-10
0.000000e+00 0.000000e+00 -2.160050e-12 -1.691919e-11 -2.520316e-29 -3.454475e-10
0.000000e+00 0.000000e+00 -2.728484e-12 -1.823912e-11 -3.009645e-28 -3.725988e-10
0.000000e+00 0.000000e+00 -3.296918e-12 -2.028032e-11 -4.222499e-28 -3.691750e-10
0.000000e+00 0.000000e+00 -3.865352e-12 -2.096945e-11 -5.362457e-28 -3.318429e-10
0.000000e+00 0.000000e+00 -4.320100e-12 -2.027721e-11 -7.938607e-28 -2.537423e-10
0.000000e+00 0.000000e+00 -4.547474e-12 -1.685051e-11 -7.145290e-28 -1.416121e-10
0.000000e+00 0.000000e+00 -4.661160e-12 -1.141034e-11 -2.909220e-28 7.969953e-12
0.000000e+00 0.000000e+00 -4.547474e-12 -6.000752e-12 -1.089552e-29 2.187813e-10
0.000000e+00 0.000000e+00 -3.979039e-12 -1.223271e-12 1.048064e-28 4.968869e-10
0.000000e+00 0.000000e+00 -2.955858e-12 2.891781e-12 -2.877038e-29 8.395753e-10
0.000000e+00 0.000000e+00 -1.477929e-12 7.637644e-12 -1.461783e-29 1.264529e-09
0.000000e+00 0.000000e+00 7.958079e-13 1.235319e-11 1.088001e-28 1.783252e-09
0.000000e+00 0.000000e+00 3.979039e-12 1.502416e-11 -1.841769e-28 2.381494e-09
0.000000e+00 0.000000e+00 7.958079e-12 1.634202e-11 -3.585285e-27 3.057263e-09
0.000000e+00 0.000000e+00 1.307399e-11 1.630678e-11 -7.363433e-27 3.814643e-09
0.000000e+00 0.000000e+00 1.932676e-11 1.494978e-11 -8.682992e-27 4.648265e-09
0.000000e+00 0.000000e+00 2.694378e-11 1.290392e-11 -9.683674e-27 5.542468e-09
0.000000e+00 0.000000e+00 3.592504e-11 1.019952e-11 -1.476959e-26 6.456362e-09
0.000000e+00 0.000000e+00 4.627054e-11 7.527506e-12 -2.313115e-26 7.339022e-09
0.000000e+00 0.000000e+00 5.798029e-11 4.826727e-12 -2.868484e-26 8.125193e-09
0.000000e+00 0.000000e+00 7.071321e-11 2.096403e-12 -3.039834e-26 8.738720e-09
0.000000e+00 0.000000e+00 8.412826e-11 -6.341800e-13 -3.773626e-26 9.107569e-09
0.000000e+00 0.000000e+00 9.799805e-11 -4.027711e-12 -4.456795e-26 9.134562e-09
0.000000e+00 0.000000e+00 1.116405e-10 -8.113994e-12 -3.481797e-26 8.706944e-09
0.000000e+00 0.000000e+00 1.242597e-10 -1.217073e-11 -2.902605e-26 7.721947e-09
0.000000e+00 0.000000e+00 1.348326e-10 -1.487514e-11 -3.455245e-26 6.085700e-09
0.000000e+00 0.000000e+00 1.424496e-10 -1.556608e-11 -3.435392e-26 3.694190e-09
0.000000e+00 0.000000e+00 1.459739e-10 -1.421323e-11 -2.711030e-26 4.197027e-10
0.000000e+00 0.000000e+00 1.438138e-10 -1.012513e-11 -1.763081e-26 -3.848529e-09
0.000000e+00 0.000000e+00 1.343778e-10 -4.684442e-12 -9.615432e-27 -9.196295e-09
0.000000e+00 0.000000e+00 1.161879e-10 1.447445e-12 -4.071667e-27 -1.570044e-08
0.000000e+00 0.000000e+00 8.731149e-11 7.609394e-12 -2.005784e-27 -2.340105e-08
0.000000e+00 0.000000e+00 4.592948e-11 1.238921e-11 -1.159276e-26 -3.227103e-08
0.000000e+00 0.000000e+00 -9.549694e-12 1.374180e-11 -2.292673e-26 -4.221731e-08
0.000000e+00 0.000000e+00 -8.071765e-11 9.653442e-12 -3.959401e-26 -5.306801e-08
0.000000e+00 0.000000e+00 -1.687113e-10 1.478026e-12 -7.122374e-26 -6.456076e-08
0.000000e+00 0.000000e+00 -2.743263e-10 -8.741180e-12 -7.091603e-26 -7.634959e-08
0.000000e+00 0.000000e+00 -3.976766e-10 -2.031350e-11 -9.054999e-26 -8.800156e-08
0.000000e+00 0.000000e+00 -5.383072e-10 -3.050393e-11 -1.601324e-25 -9.898661e-08
0.000000e+00 0.000000e+00 -6.946266e-10 -3.591559e-11 -2.428472e-25 -1.086977e-07
0.000000e+00 0.000000e+00 -8.643610e-10 -3.522517e-11 -2.476514e-25 -1.164456e-07
0.000000e+00 0.000000e+00 -1.043873e-09 -2.774173e-11 6.611345e-13 -1.214570e-07
0.000000e+00 0.000000e+00 -1.228727e-09 -1.481734e-11 1.983404e-12 -1.228808e-07
0.000000e+00 0.000000e+00 -1.412559e-09 -1.900616e-12 3.335736e-12 -1.198190e-07
0.000000e+00 0.000000e+00 -1.588205e-09 8.964144e-12 4.026934e-12 -1.113609e-07
0.000000e+00 0.000000e+00 -1.746685e-09 1.712372e-11 3.365799e-12 -9.662277e-08
0.000000e+00 0.000000e+00 -1.878107e-09 1.849105e-11 1.352073e-12 -7.480657e-08
0.000000e+00 0.000000e+00 -1.971102e-09 1.304348e-11 -1.352851e-12 -4.525084e-08
0.000000e+00 0.000000e+00 -2.013849e-09 3.524171e-12 -4.057515e-12 -7.495240e-09
0.000000e+00 0.000000e+00 -1.993612e-09 -8.712733e-12 -6.762180e-12 3.866841e-08
0.000000e+00 0.000000e+00 -1.897888e-09 -2.232334e-11 -8.805710e-12 9.314988e-08
0.000000e+00 0.000000e+00 -1.714284e-09 -3.524989e-11 -1.084950e-11 1.555157e-07
0.000000e+00 0.000000e+00 -1.431431e-09 -4.681677e-11 -1.286374e-11 2.249403e-07
-1.136868e-13 0.000000e+00 -1.039439e-09 -4.814593e-11 -1.283446e-11 3.001828e-07
-2.273737e-13 0.000000e+00 -5.308038e-10 -3.044158e-11 -1.079093e-11 3.795790e-07
-2.273737e-13 0.000000e+00 9.924861e-11 -1.169852e-12 -7.394547e-12 4.610276e-07
-2.273737e-13 0.000000e+00 8.521965e-10 2.877594e-11 -2.645574e-12 5.419610e-07
-2.273737e-13 0.000000e+00 1.725198e-09 5.800503e-11 3.486312e-12 6.193577e-07
-1.136868e-13 0.000000e+00 2.710408e-09 8.045693e-11 1.030991e-11 6.898182e-07
0.000000e+00 0.000000e+00 3.794753e-09 8.998911e-11 1.641251e-11 7.496378e-07
1.136868e-13 0.000000e+00 4.959361e-09 8.731724e-11 1.980993e-11 7.948937e-07
2.273737e-13 0.000000e+00 6.179448e-09 7.105282e-11 1.984051e-11 8.215821e-07
3.410605e-13 0.000000e+00 7.424092e-09 4.188730e-11 1.716539e-11 8.257719e-07
4.547474e-13 0.000000e+00 8.656684e-09 1.835200e-12 1.380596e-11 8.037765e-07
4.547474e-13 0.000000e+00 9.835389e-09 -4.239559e-11 9.732149e-12 7.523242e-07
3.410605e-13 0.000000e+00 1.091360e-08 -8.051741e-11 3.606628e-12 6.687498e-07
2.273737e-13 0.000000e+00 1.184162e-08 -1.077256e-10 -2.526035e-12 5.511759e-07
1.136868e-13 0.000000e+00 1.256717e-08 -1.267561e-10 -5.952738e-12 3.986929e-07
-1.136868e-13 0.000000e+00 1.303761e-08 -1.301666e-10 -8.687725e-12 2.115260e-07
-3.410605e-13 0.000000e+00 1.320166e-08 -1.057142e-10 -1.208359e-11 -8.849184e-09
-4.547474e-13 0.000000e+00 1.301100e-08 -5.746845e-11 -1.479462e-11 -2.595949e-07
-5.684342e-13 0.000000e+00 1.242279e-08 8.426823e-12 -1.612962e-11 -5.364465e-07
-5.684342e-13 0.000000e+00 1.140165e-08 7.911624e-11 -1.542031e-11 -8.336875e-07
-4.547474e-13 0.000000e+00 9.921678e-09 1.334988e-10 -1.471127e-11 -1.144164e-06
-2.273737e-13 0.000000e+00 7.969106e-09 1.538501e-10 -1.535610e-11 -1.459410e-06
0.000000e+00 0.000000e+00 5.543484e-09 1.320389e-10 -1.671713e-11 -1.769825e-06
2.273737e-13 0.000000e+00 2.659704e-09 7.420575e-11 -1.536765e-11 -2.064890e-06
3.410605e-13 0.000000e+00 -6.510845e-10 -2.661533e-12 -1.194535e-11 -2.333470e-06
2.273737e-13 0.000000e+00 -4.340677e-09 -6.454922e-11 -7.855553e-12 -2.564154e-06
1.136868e-13 0.000000e+00 -8.343591e-09 -8.901364e-11 9.378965e-13 -2.745658e-06
0.000000e+00 0.000000e+00 -1.257774e-08 -7.469561e-11 1.311376e-11 -2.867268e-06
-1.136868e-13 0.000000e+00 -1.694548e-08 -2.502215e-11 2.599744e-11 -2.919270e-06
-1.136868e-13 0.000000e+00 -2.133550e-08 4.092952e-11 4.030358e-11 -2.893398e-06
0.000000e+00 1.136868e-13 -2.562558e-08 9.261944e-11 4.509526e-11 -2.783242e-06
1.136868e-13 2.273737e-13 -2.968511e-08 1.089730e-10 2.811254e-11 -2.584661e-06
2.273737e-13 2.273737e-13 -3.337937e-08 8.247583e-11 -3.848818e-12 -2.296133e-06
3.410605e-13 2.273737e-13 -3.657340e-08 1.580447e-11 -4.263333e-11 -1.919009e-06
2.273737e-13 1.136868e-13 -3.913647e-08 -6.111770e-11 -7.798157e-11 -1.457710e-06
1.136868e-13 0.000000e+00 -4.094659e-08 -1.189454e-10 -9.904710e-11 -9.198408e-07
-1.136868e-13 -1.136868e-13 -4.189599e-08 -1.427422e-10 -1.038006e-10 -3.161482e-07
-3.410605e-13 -2.273737e-13 -4.189508e-08 -1.182721e-10 -9.088157e-11 3.396483e-07
-5.684342e-13 -3.410605e-13 -4.087713e-08 -4.011707e-11 -5.958244e-11 1.031143e-06
-5.684342e-13 -4.547474e-13 -3.880177e-08 7.201213e-11 -9.263971e-12 1.739665e-06
-3.410605e-13 -4.547474e-13 -3.565822e-08 1.719386e-10 5.326913e-11 2.444808e-06
0.000000e+00 -3.410605e-13 -3.146738e-08 2.249718e-10 1.117568e-10 3.125060e-06
3.410605e-13 -2.273737e-13 -2.628315e-08 2.188898e-10 1.532555e-10 3.758532e-06
6.821210e-13 0.000000e+00 -2.019181e-08 1.509796e-10 1.689096e-10 4.323695e-06
7.958079e-13 2.273737e-13 -1.331205e-08 3.749427e-11 1.519529e-10 4.800174e-06
6.821210e-13 4.547474e-13 -5.791321e-09 -8.485230e-11 9.831165e-11 5.169535e-06
4.547474e-13 5.684342e-13 2.196657e-09 -1.820387e-10 1.539169e-11 5.416010e-06
1.136868e-13 4.547474e-13 1.045680e-08 -2.295890e-10 -6.890334e-11 5.527192e-06
-2.273737e-13 2.273737e-13 1.877834e-08 -2.152942e-10 -1.212153e-10 5.494623e-06
-5.684342e-13 0.000000e+00 2.694071e-08 -1.392053e-10 -1.293445e-10 5.314262e-06
-6.821210e-13 -2.273737e-13 3.472110e-08 -2.640587e-11 -9.945310e-11 4.986802e-06
-5.684342e-13 -3.410605e-13 4.190122e-08 7.894277e-11 -4.510810e-11 4.517792e-06
-3.410605e-13 -4.547474e-13 4.827450e-08 1.448408e-10 2.418107e-11 3.917645e-06
-1.136868e-13 -3.410605e-13 5.365405e-08 1.570346e-10 8.941117e-11 3.201393e-06
1.136868e-13 -2.273737e-13 5.787865e-08 1.142511e-10 1.288671e-10 2.388237e-06
3.410605e-13 0.000000e+00 6.081882e-08 2.455935e-11 1.363476e-10 1.500974e-06
2.273737e-13 2.273737e-13 6.238167e-08 -7.405972e-11 1.057792e-10 5.652514e-07
0.000000e+00 3.410605e-13 6.251457e-08 -1.346187e-10 4.737761e-11 -3.913147e-07
-2.273737e-13 4.547474e-13 6.120763e-08 -1.387335e-10 -2.533593e-11 -1.340128e-06
-4.547474e-13 3.410605e-13 5.849415e-08 -8.299954e-11 -9.400592e-11 -2.252641e-06
-4.547474e-13 2.273737e-13 5.444963e-08 1.214074e-11 -1.382251e-10 -3.101360e-06
-3.410605e-13 0.000000e+00 4.918991e-08 1.100006e-10 -1.470948e-10 -3.860860e-06
-1.136868e-13 -2.273737e-13 4.286699e-08 1.793351e-10 -1.178847e-10 -4.508712e-06
1.136868e-13 -4.547474e-13 3.566379e-08 2.004167e-10 -5.395454e-11 -5.026293e-06
4.547474e-13 -4.547474e-13 2.778802e-08 1.562305e-10 2.699176e-11 -5.399443e-06
5.684342e-13 -3.410605e-13 1.946535e-08 5.560042e-11 9.566837e-11 -5.618970e-06
5.684342e-13 -2.273737e-13 1.093110e-08 -6.748460e-11 1.391640e-10 -5.680967e-06
3.410605e-13 0.000000e+00 2.422553e-09 -1.762394e-10 1.472797e-10 -5.586890e-06
0.000000e+00 2.273737e-13 -5.829406e-09 -2.340072e-10 1.132128e-10 -5.343432e-06
-3.410605e-13 3.410605e-13 -1.360763e-08 -2.231198e-10 5.268654e-11 -4.962190e-06
-6.821210e-13 4.547474e-13 -2.071590e-08 -1.421902e-10 -1.797320e-11 -4.459156e-06
-7.958079e-13 4.547474e-13 -2.698505e-08 -1.641500e-11 -8.524327e-11 -3.854034e-06
-6.821210e-13 3.410605e-13 -3.227797e-08 1.120970e-10 -1.314442e-10 -3.169402e-06
-4.547474e-13 1.136868e-13 -3.649325e-08 2.106931e-10 -1.423385e-10 -2.429791e-06
0.000000e+00 -1.136868e-13 -3.956734e-08 2.474140e-10 -1.138051e-10 -1.660700e-06
3.410605e-13 -3.410605e-13 -4.147535e-08 2.113936e-10 -5.536648e-11 -8.875992e-07
6.821210e-13 -4.547474e-13 -4.223011e-08 1.182921e-10 1.866430e-11 -1.349719e-07
7.958079e-13 -3.410605e-13 -4.188030e-08 -4.085707e-12 7.844369e-11 5.745845e-07
6.821210e-13 -2.273737e-13 -4.050639e-08 -1.162303e-10 1.029471e-10 1.221107e-06
3.410605e-13 -1.136868e-13 -3.821697e-08 -1.794293e-10 9.479125e-11 1.787897e-06
1.136868e-13 0.000000e+00 -3.514265e-08 -1.821907e-10 6.141692e-11 2.261991e-06
-1.136868e-13 1.136868e-13 -3.143089e-08 -1.373243e-10 1.308973e-11 2.634461e-06
-3.410605e-13 1.136868e-13 -2.723925e-08 -5.910395e-11 -3.182753e-11 2.900534e-06
-3.410605e-13 1.136868e-13 -2.272930e-08 2.047954e-11 -5.769989e-11 3.059517e-06
-3.410605e-13 0.000000e+00 -1.806063e-08 7.484778e-11 -5.295249e-11 3.114565e-06
-2.273737e-13 -1.136868e-13 -1.338549e-08 8.772260e-11 -1.281959e-11 3.072324e-06
-1.136868e-13 -1.136868e-13 -8.843585e-09 5.502976e-11 4.292458e-11 2.942439e-06
0.000000e+00 0.000000e+00 -4.558160e-09 -7.553645e-12 8.577779e-11 2.736963e-06
0.000000e+00 1.136868e-13 -6.326673e-10 -7.825159e-11 1.014490e-10 2.469694e-06
-1.136868e-13 2.273737e-13 2.850925e-09 -1.292531e-10 8.644357e-11 2.155502e-06
-3.410605e-13 3.410605e-13 5.833840e-09 -1.312845e-10 3.951502e-11 1.809626e-06
-5.684342e-13 4.547474e-13 8.279812e-09 -7.211943e-11 -3.316415e-11 1.447037e-06
-5.684342e-13 3.410605e-13 1.017486e-08 2.443450e-11 -1.072448e-10 1.081867e-06
-4.547474e-13 2.273737e-13 1.152534e-08 1.230257e-10 -1.568556e-10 7.269048e-07
-1.136868e-13 0.000000e+00 1.235560e-08 1.869665e-10 -1.690697e-10 3.932043e-07
1.136868e-13 -2.273737e-13 1.270496e-08 1.958227e-10 -1.377613e-10 8.983036e-08
4.547474e-13 -4.547474e-13 1.262504e-08 1.440946e-10 -6.634413e-11 -1.763046e-07
5.684342e-13 -4.547474e-13 1.217609e-08 4.615988e-11 2.066873e-11 -4.004994e-07
5.684342e-13 -3.410605e-13 1.142359e-08 -6.668087e-11 9.139101e-11 -5.802000e-07
3.410605e-13 -2.273737e-13 1.043554e-08 -1.605170e-10 1.348935e-10 -7.148685e-07
1.136868e-13 0.000000e+00 9.279006e-09 -2.108506e-10 1.443962e-10 -8.057699e-07
-2.273737e-13 2.273737e-13 8.018219e-09 -2.067604e-10 1.172152e-10 -8.557093e-07
-5.684342e-13 4.547474e-13 6.711957e-09 -1.380553e-10 5.805610e-11 -8.687406e-07
-6.821210e-13 5.684342e-13 5.412062e-09 -2.791187e-11 -1.737126e-11 -8.498235e-07
-5.684342e-13 4.547474e-13 4.162416e-09 8.289723e-11 -7.780428e-11 -8.044837e-07
-3.410605e-13 3.410605e-13 2.998604e-09 1.624324e-10 -1.124621e-10 -7.385231e-07
-1.136868e-13 2.273737e-13 1.946887e-09 1.963891e-10 -1.274098e-10 -6.577122e-07
2.273737e-13 0.000000e+00 1.025455e-09 1.786851e-10 -1.199233e-10 -5.675362e-07
4.547474e-13 -2.273737e-13 2.443130e-10 1.127499e-10 -8.661825e-11 -4.730086e-07
4.547474e-13 -3.410605e-13 -3.935838e-10 3.186998e-11 -4.109169e-11 -3.784989e-07
3.410605e-13 -4.547474e-13 -8.911911e-10 -3.134511e-11 2.405182e-12 -2.876622e-07
3.410605e-13 -4.547474e-13 -1.256467e-09 -7.481053e-11 3.774412e-11 -2.033983e-07
2.273737e-13 -4.547474e-13 -1.501348e-09 -9.590234e-11 6.080500e-11 -1.278258e-07
1.136868e-13 -3.410605e-13 -1.640046e-09 -8.844947e-11 7.093110e-11 -6.232687e-08
0.000000e+00 -2.273737e-13 -1.688363e-09 -5.990926e-11 7.014131e-11 -7.627102e-09
-1.136868e-13 -1.136868e-13 -1.662897e-09 -2.051888e-11 6.390691e-11 3.614109e-08
-1.136868e-13 0.000000e+00 -1.579906e-09 1.417586e-11 5.432974e-11 6.934471e-08
-1.136868e-13 1.136868e-13 -1.454850e-09 3.189026e-11 4.480515e-11 9.273588e-08
-1.136868e-13 2.273737e-13 -1.301714e-09 3.255655e-11 3.190006e-11 1.073509e-07
-1.136868e-13 2.273737e-13 -1.132889e-09 1.960909e-11 1.829286e-11 1.144148e-07
-1.136868e-13 2.273737e-13 -9.584937e-10 -7.964751e-13 1.016966e-11 1.152283e-07
-1.136868e-13 2.273737e-13 -7.871677e-10 -2.256307e-11 7.145201e-13 1.111047e-07
-1.136868e-13 2.273737e-13 -6.251639e-10 -3.751873e-11 -1.488958e-11 1.033127e-07
-1.136868e-13 2.273737e-13 -4.772573e-10 -3.610196e-11 -3.525310e-11 9.301544e-08
-1.136868e-13 2.273737e-13 -3.461764e-10 -1.293952e-11 -6.034623e-11 8.122953e-08
-1.136868e-13 1.136868e-13 -2.335128e-10 2.651918e-11 -8.341809e-11 6.880437e-08
-1.136868e-13 0.000000e+00 -1.397211e-10 6.940569e-11 -9.498046e-11 5.643776e-08
0.000000e+00 -1.136868e-13 -6.411938e-11 1.020677e-10 -9.772911e-11 4.466092e-08
1.136868e-13 -2.273737e-13 -5.684342e-12 1.102240e-10 -9.302249e-11 3.386594e-08
2.273737e-13 -3.410605e-13 3.751666e-11 9.049080e-11 -7.673140e-11 2.430632e-08
3.410605e-13 -4.547474e-13 6.730261e-11 4.150541e-11 -4.614067e-11 1.611525e-08
4.547474e-13 -5.684342e-13 8.594725e-11 -3.461902e-11 4.880611e-12 9.330708e-09
3.410605e-13 -5.684342e-13 9.538326e-11 -1.107234e-10 7.494349e-11 3.907862e-09
2.273737e-13 -3.410605e-13 9.777068e-11 -1.617607e-10 1.361330e-10 -2.511429e-10
0.000000e+00 -1.136868e-13 9.481482e-11 -1.720034e-10 1.680751e-10 -3.281551e-09
-2.273737e-13 1.136868e-13 8.799361e-11 -1.278150e-10 1.707886e-10 -5.324694e-09
-4.547474e-13 3.410605e-13 7.889867e-11 -3.332932e-11 1.408910e-10 -6.536167e-09
-3.410605e-13 5.684342e-13 6.843948e-11 7.476461e-11 7.494015e-11 -7.068870e-09
-1.136868e-13 5.684342e-13 5.775291e-11 1.468342e-10 -9.359778e-12 -7.072907e-09
1.136868e-13 4.547474e-13 4.729372e-11 1.597216e-10 -8.207147e-11 -6.690952e-09
3.410605e-13 3.410605e-13 3.774403e-11 1.079459e-10 -1.323815e-10 -6.050826e-09
3.410605e-13 1.136868e-13 2.921752e-11 1.065266e-11 -1.514019e-10 -5.267344e-09
2.273737e-13 -1.136868e-13 2.194156e-11 -9.471120e-11 -1.296369e-10 -4.422702e-09
0.000000e+00 -3.410605e-13 1.602984e-11 -1.749393e-10 -7.115808e-11 -3.592360e-09
-2.273737e-13 -4.547474e-13 1.125500e-11 -2.048979e-10 8.417070e-12 -2.830650e-09
-5.684342e-13 -3.410605e-13 7.617018e-12 -1.607761e-10 7.506561e-11 -2.166808e-09
-6.821210e-13 -2.273737e-13 4.774847e-12 -5.133935e-11 1.050077e-10 -1.611716e-09
-6.821210e-13 -1.136868e-13 2.728484e-12 8.939963e-11 9.755625e-11 -1.160601e-09
-4.547474e-13 0.000000e+00 1.364242e-12 2.240092e-10 5.675201e-11 -8.141027e-10
0.000000e+00 1.136868e-13 3.410605e-13 3.008656e-10 -7.232123e-12 -5.551986e-10
4.547474e-13 1.136868e-13 -3.410605e-13 2.928128e-10 -7.459211e-11 -3.573996e-10
9.094947e-13 0.000000e+00 -7.958079e-13 1.963589e-10 -1.181082e-10 -2.010670e-10
1.136868e-12 -2.273737e-13 -1.023182e-12 2.844135e-11 -1.119897e-10 -6.925617e-11
1.023182e-12 -3.410605e-13 -1.023182e-12 -1.585111e-10 -5.560326e-11 4.353317e-11
6.821210e-13 -3.410605e-13 -7.958079e-13 -3.114308e-10 2.658801e-11 1.304934e-10
1.136868e-13 -2.273737e-13 -5.684342e-13 -3.902854e-10 1.061120e-10 1.936650e-10
-4.547474e-13 -1.136868e-13 -2.273737e-13 -3.699036e-10 1.605389e-10 2.385212e-10
-1.023182e-12 1.136868e-13 1.136868e-13 -2.502513e-10 1.707326e-10 2.623198e-10
-1.250555e-12 3.410605e-13 4.547474e-13 -6.332261e-11 1.299058e-10 2.657283e-10
-1.250555e-12 5.684342e-13 9.094947e-13 1.405960e-10 4.358115e-11 2.419497e-10
-9.094947e-13 5.684342e-13 1.250555e-12 3.091974e-10 -6.652740e-11 1.861937e-10
-3.410605e-13 3.410605e-13 1.477929e-12 3.942111e-10 -1.562145e-10 1.011942e-10
2.273737e-13 1.136868e-13 1.477929e-12 3.819658e-10 -1.996753e-10 -2.168041e-12
7.958079e-13 -2.273737e-13 1.364242e-12 2.800241e-10 -1.854453e-10 -1.143611e-10
1.136868e-12 -4.547474e-13 1.023182e-12 1.142287e-10 -1.161256e-10 -2.285553e-10
1.250555e-12 -5.684342e-13 5.684342e-13 -7.199667e-11 -1.476307e-11 -3.407242e-10
1.023182e-12 -4.547474e-13 0.000000e+00 -2.310474e-10 8.186397e-11 -4.590336e-10
5.684342e-13 -2.273737e-13 -7.958079e-13 -3.166734e-10 1.376894e-10 -5.827409e-10
1.136868e-13 0.000000e+00 -1.818989e-12 -3.180075e-10 1.418437e-10 -7.064321e-10
-3.410605e-13 2.273737e-13 -2.955858e-12 -2.506768e-10 9.905572e-11 -8.328441e-10
-5.684342e-13 3.410605e-13 -4.320100e-12 -1.438765e-10 2.768073e-11 -9.605980e-10
-6.821210e-13 2.273737e-13 -5.911716e-12 -2.960725e-11 -3.487089e-11 -1.078897e-09
-5.684342e-13 2.273737e-13 -7.617018e-12 6.422072e-11 -7.023608e-11 -1.182298e-09
-4.547474e-13 1.136868e-13 -9.549694e-12 1.226653e-10 -7.631677e-11 -1.255066e-09
-2.273737e-13 0.000000e+00 -1.148237e-11 1.443978e-10 -5.176504e-11 -1.276849e-09
0.000000e+00 -1.136868e-13 -1.341505e-11 1.327951e-10 -2.085052e-12 -1.240173e-09
2.273737e-13 -1.136868e-13 -1.523404e-11 9.733030e-11 5.909253e-11 -1.142299e-09
3.410605e-13 0.000000e+00 -1.682565e-11 4.968658e-11 1.032280e-10 -9.906963e-10
4.547474e-13 1.136868e-13 -1.818989e-11 -1.259679e-12 1.133724e-10 -8.030201e-10
4.547474e-13 2.273737e-13 -1.932676e-11 -4.813825e-11 8.751818e-11 -5.928807e-10
3.410605e-13 3.410605e-13 -2.012257e-11 -7.873038e-11 2.969296e-11 -3.698383e-10
2.273737e-13 3.410605e-13 -2.057732e-11 -9.502771e-11 -4.307707e-11 -1.407271e-10
1.136868e-13 2.273737e-13 -2.057732e-11 -1.038311e-10 -1.049319e-10 8.638369e-11
0.000000e+00 1.136868e-13 -2.034994e-11 -1.071851e-10 -1.389137e-10 3.210363e-10
-1.136868e-13 -1.136868e-13 -1.966782e-11 -1.030373e-10 -1.313576e-10 5.924034e-10
-2.273737e-13 -3.410605e-13 -1.853095e-11 -8.604882e-11 -7.281400e-11 9.208617e-10
-3.410605e-13 -3.410605e-13 -1.693934e-11 -5.482651e-11 1.553663e-11 1.332960e-09
-4.547474e-13 -2.273737e-13 -1.455192e-11 -7.190380e-12 1.004694e-10 1.830096e-09
-4.547474e-13 0.000000e+00 -1.136868e-11 5.066418e-11 1.569143e-10 2.383623e-09
-3.410605e-13 2.273737e-13 -7.389644e-12 9.899831e-11 1.684637e-10 2.964317e-09
-2.273737e-13 4.547474e-13 -2.501110e-12 1.235072e-10 1.296611e-10 3.532118e-09
0.000000e+00 6.821210e-13 3.296918e-12 1.133191e-10 3.927156e-11 4.038004e-09
1.136868e-13 6.821210e-13 9.663381e-12 7.122712e-11 -7.898379e-11 4.459546e-09
2.273737e-13 4.547474e-13 1.671197e-11 9.347350e-12 -1.830028e-10 4.791369e-09
2.273737e-13 1.136868e-13 2.410161e-11 -5.594199e-11 -2.414851e-10 5.038840e-09
1.136868e-13 -2.273737e-13 3.171863e-11 -1.008050e-10 -2.441916e-10 5.225091e-09
0.000000e+00 -5.684342e-13 3.967671e-11 -1.137704e-10 -1.918197e-10 5.348838e-09
-2.273737e-13 -7.958079e-13 4.786216e-11 -8.459206e-11 -9.193088e-11 5.384167e-09
-3.410605e-13 -7.958079e-13 5.593392e-11 -1.729640e-11 2.564140e-11 5.307951e-09
-2.273737e-13 -6.821210e-13 6.377832e-11 5.408826e-11 1.295902e-10 5.097152e-09
-1.136868e-13 -3.410605e-13 7.116796e-11 1.050654e-10 1.921013e-10 4.722481e-09
0.000000e+00 0.000000e+00 7.787548e-11 1.309081e-10 1.968904e-10 4.164170e-09
2.273737e-13 3.410605e-13 8.367351e-11 1.180023e-10 1.479092e-10 3.411449e-09
4.547474e-13 5.684342e-13 8.810730e-11 5.549386e-11 5.813822e-11 2.484020e-09
4.547474e-13 5.684342e-13 9.106316e-11 -3.493160e-11 -4.041803e-11 1.430055e-09
3.410605e-13 3.410605e-13 9.242740e-11 -1.185699e-10 -1.090339e-10 2.971637e-10
1.136868e-13 2.273737e-13 9.197265e-11 -1.688728e-10 -1.375543e-10 -8.588158e-10
-1.136868e-13 0.000000e+00 8.981260e-11 -1.702896e-10 -1.327877e-10 -1.992381e-09
-3.410605e-13 -2.273737e-13 8.606094e-11 -1.220252e-10 -9.476793e-11 -3.086576e-09
-5.684342e-13 -3.410605e-13 8.060397e-11 -2.684605e-11 -2.960601e-11 -4.129742e-09
-4.547474e-13 -2.273737e-13 7.366907e-11 8.324129e-11 3.762139e-11 -5.116447e-09
-2.273737e-13 -2.273737e-13 6.525624e-11 1.675178e-10 9.127474e-11 -6.051506e-09
0.000000e+00 -1.136868e-13 5.547918e-11 2.076325e-10 1.279291e-10 -6.930788e-09
3.410605e-13 1.136868e-13 4.445155e-11 1.899704e-10 1.339787e-10 -7.739322e-09
6.821210e-13 3.410605e-13 3.228706e-11 1.124807e-10 1.053627e-10 -8.457409e-09
6.821210e-13 4.547474e-13 1.909939e-11 5.773858e-12 5.367889e-11 -9.048279e-09
5.684342e-13 5.684342e-13 5.229595e-12 -9.210667e-11 -1.359970e-11 -9.469134e-09
3.410605e-13 4.547474e-13 -9.208634e-12 -1.580424e-10 -8.362601e-11 -9.677191e-09
1.136868e-13 3.410605e-13 -2.387424e-11 -1.797991e-10 -1.420725e-10 -9.629562e-09
-1.136868e-13 1.136868e-13 -3.819878e-11 -1.600556e-10 -1.773718e-10 -9.318787e-09
-3.410605e-13 -1.136868e-13 -5.184120e-11 -1.042657e-10 -1.807600e-10 -8.768629e-09
-4.547474e-13 -3.410605e-13 -6.457412e-11 -2.743560e-11 -1.603760e-10 -8.007728e-09
-3.410605e-13 -5.684342e-13 -7.594281e-11 3.984033e-11 -1.155360e-10 -7.080986e-09
-2.273737e-13 -7.958079e-13 -8.571988e-11 7.791441e-11 -4.216614e-11 -6.044688e-09
-1.136868e-13 -7.958079e-13 -9.401901e-11 8.542930e-11 4.348113e-11 -4.932924e-09
0.000000e+00 -5.684342e-13 -1.004992e-10 6.707248e-11 1.087818e-10 -3.777658e-09
1.136868e-13 -4.547474e-13 -1.052740e-10 2.421853e-11 1.448957e-10 -2.612128e-09
1.136868e-13 -2.273737e-13 -1.082299e-10 -3.561679e-11 1.537917e-10 -1.458181e-09
1.136868e-13 0.000000e+00 -1.094804e-10 -9.611958e-11 1.300333e-10 -3.375344e-10
0.000000e+00 2.273737e-13 -1.091394e-10 -1.464346e-10 7.705370e-11 7.314860e-10
-2.273737e-13 3.410605e-13 -1.072067e-10 -1.715578e-10 4.354830e-12 1.724317e-09
-4.547474e-13 2.273737e-13 -1.039098e-10 -1.647120e-10 -5.882870e-11 2.613133e-09
-6.821210e-13 1.136868e-13 -9.947598e-11 -1.320720e-10 -9.008279e-11 3.377539e-09
-9.094947e-13 0.000000e+00 -9.379164e-11 -7.972855e-11 -8.866531e-11 3.983493e-09
-1.023182e-12 -1.136868e-13 -8.742518e-11 -1.920871e-11 -5.462297e-11 4.407175e-09
-1.023182e-12 -2.273737e-13 -8.060397e-11 3.179698e-11 6.609603e-12 4.652714e-09
-1.023182e-12 -2.273737e-13 -7.355538e-11 6.308085e-11 7.664642e-11 4.735074e-09
-9.094947e-13 -1.136868e-13 -6.650680e-11 6.984536e-11 1.269389e-10 4.680706e-09
-7.958079e-13 1.136868e-13 -5.957190e-11 5.144832e-11 1.316839e-10 4.522986e-09
-6.821210e-13 3.410605e-13 -5.286438e-11 1.538368e-11 8.268840e-11 4.300669e-09
-6.821210e-13 4.547474e-13 -4.661160e-11 -1.998556e-11 -7.093986e-12 4.059964e-09
-6.821210e-13 3.410605e-13 -4.069989e-11 -3.561440e-11 -1.043297e-10 3.853215e-09
-6.821210e-13 1.136868e-13 -3.501555e-11 -1.860930e-11 -1.716277e-10 3.723932e-09
-6.821210e-13 -1.136868e-13 -2.955858e-11 4.258369e-11 -1.906750e-10 3.710277e-09
-4.547474e-13 -4.547474e-13 -2.398792e-11 1.391672e-10 -1.484896e-10 3.840807e-09
-1.136868e-13 -5.684342e-13 -1.807621e-11 2.514283e-10 -5.323610e-11 4.127047e-09
3.410605e-13 -5.684342e-13 -1.170974e-11 3.670149e-10 5.970308e-11 4.582626e-09
1.023182e-12 -3.410605e-13 -4.433787e-12 4.655819e-10 1.516070e-10 5.219134e-09
1.818989e-12 -1.136868e-13 3.979039e-12 5.220492e-10 1.924584e-10 6.042638e-09
2.614797e-12 2.273737e-13 1.375611e-11 5.329347e-10 1.660032e-10 7.064671e-09
3.410605e-12 4.547474e-13 2.512479e-11 5.112173e-10 7.565057e-11 8.305693e-09
4.206413e-12 4.547474e-13 3.865352e-11 4.752561e-10 -4.944996e-11 9.769793e-09
4.888534e-12 2.273737e-13 5.445600e-11 4.548824e-10 -1.643468e-10 1.144060e-08
5.570655e-12 -1.136868e-13 7.298695e-11 4.746322e-10 -2.261646e-10 1.328752e-08
6.252776e-12 -4.547474e-13 9.436008e-11 5.487880e-10 -2.138860e-10 1.525614e-08
7.162271e-12 -7.958079e-13 1.186891e-10 6.650920e-10 -1.241395e-10 1.728189e-08
8.299139e-12 -9.094947e-13 1.460876e-10 7.826962e-10 2.201537e-11 1.927975e-08
9.549694e-12 -7.958079e-13 1.764420e-10 8.581186e-10 1.831305e-10 2.113611e-08
1.080025e-11 -4.547474e-13 2.095248e-10 8.608108e-10 3.150048e-10 2.272185e-08
1.205080e-11 1.136868e-13 2.446541e-10 7.683183e-10 3.707846e-10 2.390636e-08
1.307399e-11 6.821210e-13 2.811475e-10 5.711237e-10 3.219194e-10 2.456725e-08
1.375611e-11 1.023182e-12 3.182095e-10 2.896253e-10 1.840198e-10 2.457743e-08
1.398348e-11 1.136868e-12 3.548166e-10 -4.560602e-11 -8.350342e-13 2.379205e-08
1.364242e-11 1.023182e-12 3.896048e-10 -3.998621e-10 -1.871007e-10 2.207235e-08
1.284661e-11 6.821210e-13 4.209824e-10 -7.500248e-10 -3.264888e-10 1.930748e-08
1.148237e-11 1.136868e-13 4.474714e-10 -1.093390e-09 -3.761747e-10 1.540429e-08
9.663381e-12 -4.547474e-13 4.671392e-10 -1.439440e-09 -3.184156e-10 1.030567e-08
7.275958e-12 -7.958079e-13 4.782805e-10 -1.809979e-09 -1.715279e-10 3.993288e-09
4.206413e-12 -9.094947e-13 4.790763e-10 -2.216622e-09 1.753334e-11 -3.524698e-09
5.684342e-13 -7.958079e-13 4.675940e-10 -2.661349e-09 1.970096e-10 -1.219189e-08
-3.751666e-12 -3.410605e-13 4.423555e-10 -3.135933e-09 3.091866e-10 -2.192473e-08
-8.753887e-12 1.136868e-13 4.017693e-10 -3.609174e-09 3.187065e-10 -3.261167e-08
-1.455192e-11 5.684342e-13 3.445848e-10 -4.027364e-09 2.268758e-10 -4.409686e-08
-2.080469e-11 7.958079e-13 2.695515e-10 -4.343538e-09 6.301346e-11 -5.617227e-08
-2.751221e-11 7.958079e-13 1.761009e-10 -4.525111e-09 -1.184856e-10 -6.857273e-08
-3.444711e-11 4.547474e-13 6.389200e-11 -4.541497e-09 -2.571956e-10 -8.097994e-08
-4.126832e-11 0.000000e+00 -6.673417e-11 -4.391939e-09 -3.054762e-10 -9.302060e-08
-4.774847e-11 -4.547474e-13 -2.150955e-10 -4.104312e-09 -2.504295e-10 -1.042745e-07
-5.366019e-11 -6.821210e-13 -3.796004e-10 -3.709239e-09 -1.185349e-10 -1.142902e-07
-5.888978e-11 -7.958079e-13 -5.579750e-10 -3.227081e-09 4.806543e-11 -1.226202e-07
-6.343726e-11 -5.684342e-13 -7.474910e-10 -2.648964e-09 1.996814e-10 -1.288210e-07
-6.696155e-11 -1.136868e-13 -9.445102e-10 -1.955250e-09 2.826072e-10 -1.324630e-07
-6.934897e-11 3.410605e-13 -1.144940e-09 -1.129684e-09 2.723770e-10 -1.331613e-07
-7.037215e-11 7.958079e-13 -1.344006e-09 -1.504550e-10 1.703881e-10 -1.305814e-07
-6.980372e-11 9.094947e-13 -1.536705e-09 9.939625e-10 1.198948e-11 -1.244355e-07
-6.741629e-11 7.958079e-13 -1.717353e-09 2.294101e-09 -1.525427e-10 -1.145007e-07
-6.298251e-11 4.547474e-13 -1.880267e-09 3.716010e-09 -2.810432e-10 -1.006342e-07
-5.627498e-11 -1.136868e-13 -2.019306e-09 5.202499e-09 -3.327356e-10 -8.280064e-08
-4.729372e-11 -5.684342e-13 -2.128559e-09 6.680100e-09 -2.973925e-10 -6.110532e-08
-3.615241e-11 -1.023182e-12 -2.202455e-09 8.084262e-09 -1.845379e-10 -3.578698e-08
-2.296474e-11 -1.136868e-12 -2.235879e-09 9.364004e-09 -2.481468e-11 -7.218352e-09
-7.958079e-12 -1.023182e-12 -2.224169e-09 1.047370e-08 1.362808e-10 2.406615e-08
8.526513e-12 -6.821210e-13 -2.163688e-09 1.137601e-08 2.634396e-10 5.737099e-08
2.614797e-11 -2.273737e-13 -2.052047e-09 1.203897e-08 3.307707e-10 9.188627e-08
4.467893e-11 2.273737e-13 -1.888111e-09 1.241834e-08 3.321214e-10 1.267252e-07
6.343726e-11 6.821210e-13 -1.671992e-09 1.247202e-08 2.689126e-10 1.609303e-07
8.208190e-11 1.023182e-12 -1.405397e-09 1.216263e-08 1.513421e-10 1.935034e-07
9.993073e-11 1.136868e-12 -1.091507e-09 1.145269e-08 4.544604e-12 2.234450e-07
1.164153e-10 1.023182e-12 -7.350991e-10 1.032322e-08 -1.361572e-10 2.497757e-07
1.308536e-10 6.821210e-13 -3.421974e-10 8.780363e-09 -2.347284e-10 2.715532e-07
1.426770e-10 3.410605e-13 7.958079e-11 6.856691e-09 -2.809651e-10 2.879063e-07
1.513172e-10 -1.136868e-13 5.215952e-10 4.610665e-09 -2.721624e-10 2.980694e-07
1.564331e-10 -5.684342e-13 9.738415e-10 2.118482e-09 -1.987735e-10 3.014264e-07
1.576836e-10 -7.958079e-13 1.425860e-09 -5.389160e-10 -7.984934e-11 2.975428e-07
1.548415e-10 -7.958079e-13 1.866511e-09 -3.270411e-09 4.722731e-11 2.861813e-07
1.479066e-10 -5.684342e-13 2.284423e-09 -5.982226e-09 1.525647e-10 2.673472e-07
1.368790e-10 -2.273737e-13 2.668457e-09 -8.582581e-09 2.157501e-10 2.412968e-07
1.220997e-10 1.136868e-13 3.008267e-09 -1.099388e-08 2.327281e-10 2.085172e-07
1.039098e-10 4.547474e-13 3.294076e-09 -1.315970e-08 2.055376e-10 1.697250e-07
8.265033e-11 7.958079e-13 3.517471e-09 -1.503316e-08 1.321487e-10 1.258599e-07
5.888978e-11 9.094947e-13 3.671744e-09 -1.657678e-08 2.749546e-11 7.803932e-08
3.296918e-11 7.958079e-13 3.751666e-09 -1.773481e-08 -7.447132e-11 2.753753e-08
5.684342e-12 5.684342e-13 3.754280e-09 -1.844272e-08 -1.478959e-10 -2.424270e-08
-2.228262e-11 3.410605e-13 3.678906e-09 -1.865151e-08 -1.832780e-10 -7.583938e-08
-5.024958e-11 1.136868e-13 3.526793e-09 -1.831287e-08 -1.839852e-10 -1.257633e-07
-7.730705e-11 -1.136868e-13 3.301693e-09 -1.739416e-08 -1.601684e-10 -1.725503e-07
-1.025455e-10 -3.410605e-13 3.009177e-09 -1.590426e-08 -1.166421e-10 -2.148147e-07
-1.250555e-10 -5.684342e-13 2.657202e-09 -1.390167e-08 -5.073716e-11 -2.513051e-07
-1.441549e-10 -5.684342e-13 2.255206e-09 -1.147744e-08 2.330865e-11 -2.809615e-07
-1.593889e-10 -5.684342e-13 1.814215e-09 -8.734274e-09 8.517568e-11 -3.029508e-07
-1.703029e-10 -4.547474e-13 1.346280e-09 -5.777613e-09 1.232270e-10 -3.167087e-07
-1.766693e-10 -2.273737e-13 8.640200e-10 -2.714186e-09 1.265743e-10 -3.219366e-07
-1.784883e-10 0.000000e+00 3.803962e-10 3.621817e-10 9.191342e-11 -3.186160e-07
-1.756462e-10 1.136868e-13 -9.185896e-11 3.370549e-09 3.009599e-11 -3.070129e-07
-1.684839e-10 1.136868e-13 -5.406946e-10 6.242254e-09 -3.513503e-11 -2.876603e-07
-1.571152e-10 1.136868e-13 -9.548558e-10 8.918793e-09 -8.817558e-11 -2.613572e-07
-1.417675e-10 0.000000e+00 -1.324679e-09 1.132534e-08 -1.140525e-10 -2.291426e-07
-1.231228e-10 -2.273737e-13 -1.642206e-09 1.339187e-08 -9.773497e-11 -1.922506e-07
-1.016360e-10 -3.410605e-13 -1.901412e-09 1.506262e-08 -4.331554e-11 -1.520806e-07
-7.787548e-11 -4.547474e-13 -2.098545e-09 1.627364e-08 3.756472e-11 -1.101401e-07
-5.275069e-11 -3.410605e-13 -2.231900e-09 1.698619e-08 1.245671e-10 -6.798837e-08
-2.694378e-11 0.000000e+00 -2.302500e-09 1.718879e-08 1.816921e-10 -2.715133e-08
-1.136868e-12 2.273737e-13 -2.313300e-09 1.687731e-08 1.987163e-10 1.095870e-08
2.376055e-11 5.684342e-13 -2.269530e-09 1.608303e-08 1.742986e-10 4.509731e-08
4.706635e-11 7.958079e-13 -2.178012e-09 1.488081e-08 1.042862e-10 7.424312e-08
6.832579e-11 7.958079e-13 -2.046818e-09 1.335834e-08 1.117687e-11 9.760590e-08
8.708412e-11 6.821210e-13 -1.885155e-09 1.160737e-08 -8.056838e-11 1.146314e-07
1.031140e-10 4.547474e-13 -1.702915e-09 9.723152e-09 -1.553736e-10 1.250075e-07
1.161879e-10 2.273737e-13 -1.510216e-09 7.794016e-09 -2.056821e-10 1.286477e-07
1.264198e-10 -1.136868e-13 -1.317062e-09 5.887279e-09 -2.240778e-10 1.256743e-07
1.339231e-10 -4.547474e-13 -1.133230e-09 4.037677e-09 -2.009954e-10 1.164307e-07
1.385843e-10 -7.958079e-13 -9.678160e-10 2.277818e-09 -1.323509e-10 1.014866e-07
1.407443e-10 -9.094947e-13 -8.287770e-10 6.301798e-10 -3.178021e-11 8.163281e-08
1.405169e-10 -7.958079e-13 -7.229346e-10 -8.977636e-10 7.223144e-11 5.787333e-08
1.380158e-10 -5.684342e-13 -6.551772e-10 -2.294439e-09 1.585577e-10 3.138305e-08
1.335820e-10 -3.410605e-13 -6.288019e-10 -3.563249e-09 2.197021e-10 3.459310e-09
1.273293e-10 0.000000e+00 -6.448317e-10 -4.713763e-09 2.475674e-10 -2.454898e-08
1.194849e-10 3.410605e-13 -7.024710e-10 -5.745935e-09 2.292238e-10 -5.131268e-08
1.101625e-10 6.821210e-13 -7.987637e-10 -6.661817e-09 1.633088e-10 -7.559093e-08
9.947598e-11 7.958079e-13 -9.291625e-10 -7.467516e-09 6.683840e-11 -9.628923e-08
8.765255e-11 7.958079e-13 -1.087528e-09 -8.175970e-09 -3.920510e-11 -1.124680e-07
7.491963e-11 5.684342e-13 -1.266471e-09 -8.815138e-09 -1.296459e-10 -1.233562e-07
6.127721e-11 3.410605e-13 -1.457579e-09 -9.418297e-09 -1.874292e-10 -1.283556e-07
4.672529e-11 1.136868e-13 -1.651642e-09 -1.000921e-08 -2.111960e-10 -1.270359e-07
3.126388e-11 -2.273737e-13 -1.838771e-09 -1.059811e-08 -1.901082e-10 -1.191543e-07
1.489298e-11 -5.684342e-13 -2.009074e-09 -1.118699e-08 -1.174152e-10 -1.046585e-07
-2.387424e-12 -6.821210e-13 -2.152774e-09 -1.176566e-08 -1.211118e-11 -8.366747e-08
-2.046363e-11 -5.684342e-13 -2.260094e-09 -1.231646e-08 9.323389e-11 -5.650214e-08
-3.944933e-11 -3.410605e-13 -2.322167e-09 -1.281356e-08 1.747861e-10 -2.369750e-08
-5.900347e-11 -1.136868e-13 -2.331149e-09 -1.322702e-08 2.243789e-10 1.402727e-08
-7.912604e-11 2.273737e-13 -2.280103e-09 -1.352760e-08 2.332374e-10 5.577343e-08
-9.958967e-11 5.684342e-13 -2.163802e-09 -1.367926e-08 1.931788e-10 1.004893e-07
-1.200533e-10 9.094947e-13 -1.978606e-09 -1.364452e-08 1.034905e-10 1.470220e-07
-1.404032e-10 9.094947e-13 -1.722697e-09 -1.336631e-08 -1.203598e-11 1.941555e-07
-1.600711e-10 7.958079e-13 -1.396074e-09 -1.277944e-08 -1.214099e-10 2.406424e-07
-1.787157e-10 4.547474e-13 -1.000785e-09 -1.182264e-08 -2.029266e-10 2.852459e-07
-1.955414e-10 1.136868e-13 -5.403535e-10 -1.044973e-08 -2.443528e-10 3.267383e-07
-2.100933e-10 -2.273737e-13 -2.057732e-11 -8.632836e-09 -2.470752e-10 3.639187e-07
-2.214620e-10 -5.684342e-13 5.513812e-10 -6.374641e-09 -2.124488e-10 3.956304e-07
-2.291927e-10 -9.094947e-13 1.166313e-09 -3.706484e-09 -1.438616e-10 4.207745e-07
-2.326033e-10 -1.023182e-12 1.813646e-09 -6.766268e-10 -5.898314e-11 4.383498e-07
-2.312390e-10 -1.023182e-12 2.481329e-09 2.636061e-09 1.641466e-11 4.474676e-07
-2.246452e-10 -1.023182e-12 3.156060e-09 6.133661e-09 7.349684e-11 4.473906e-07
-2.127081e-10 -9.094947e-13 3.823516e-09 9.710806e-09 1.061344e-10 4.375726e-07
-1.954277e-10 -7.958079e-13 4.468689e-09 1.327367e-08 1.122409e-10 4.176802e-07
-1.729177e-10 -6.821210e-13 5.076458e-09 1.673179e-08 9.794904e-11 3.875964e-07
-1.452918e-10 -5.684342e-13 5.631478e-09 1.998522e-08 7.074803e-11 3.474358e-07
