0.000000e+00 0.000000e+00 0.000000e+00 0.000000e+00 0.000000e+00 0.000000e+00
0.000000e+00 0.000000e+00 0.000000e+00 0.000000e+00 0.000000e+00 0.000000e+00
0.000000e+00 0.000000e+00 0.000000e+00 0.000000e+00 0.000000e+00 0.000000e+00
0.000000e+00 0.000000e+00 0.000000e+00 0.000000e+00 0.000000e+00 0.000000e+00
0.000000e+00 0.000000e+00 0.000000e+00 0.000000e+00 0.000000e+00 0.000000e+00
0.000000e+00 0.000000e+00 0.000000e+00 0.000000e+00 0.000000e+00 0.000000e+00
0.000000e+00 0.000000e+00 0.000000e+00 0.000000e+00 0.000000e+00 0.000000e+00
0.000000e+00 0.000000e+00 0.000000e+00 0.000000e+00 0.000000e+00 0.000000e+00
0.000000e+00 0.000000e+00 0.000000e+00 0.000000e+00 0.000000e+00 0.000000e+00
0.000000e+00 0.000000e+00 0.000000e+00 0.000000e+00 0.000000e+00 0.000000e+00
0.000000e+00 0.000000e+00 0.000000e+00 0.000000e+00 0.000000e+00 0.000000e+00
0.000000e+00 0.000000e+00 0.000000e+00 0.000000e+00 0.000000e+00 0.000000e+00
0.000000e+00 0.000000e+00 0.000000e+00 0.000000e+00 0.000000e+00 0.000000e+00
0.000000e+00 0.000000e+00 0.000000e+00 0.000000e+00 0.000000e+00 0.000000e+00
0.000000e+00 0.000000e+00 0.000000e+00 0.000000e+00 0.000000e+00 0.000000e+00
0.000000e+00 0.000000e+00 0.000000e+00 0.000000e+00 0.000000e+00 0.000000e+00
0.000000e+00 0.000000e+00 0.000000e+00 0.000000e+00 0.000000e+00 0.000000e+00
0.000000e+00 0.000000e+00 0.000000e+00 0.000000e+00 0.000000e+00 0.000000e+00
0.000000e+00 0.000000e+00 0.000000e+00 0.000000e+00 0.000000e+00 0.000000e+00
0.000000e+00 0.000000e+00 0.000000e+00 0.000000e+00 0.000000e+00 0.000000e+00
0.000000e+00 0.000000e+00 0.000000e+00 0.000000e+00 0.000000e+00 0.000000e+00
0.000000e+00 0.000000e+00 0.000000e+00 0.000000e+00 0.000000e+00 0.000000e+00
0.000000e+00 0.000000e+00 0.000000e+00 0.000000e+00 0.000000e+00 0.000000e+00
0.000000e+00 0.000000e+00 0.000000e+00 0.000000e+00 0.000000e+00 0.000000e+00
0.000000e+00 0.000000e+00 0.000000e+00 0.000000e+00 0.000000e+00 0.000000e+00
0.000000e+00 0.000000e+00 0.000000e+00 0.000000e+00 0.000000e+00 0.000000e+00
0.000000e+00 0.000000e+00 0.000000e+00 0.000000e+00 0.000000e+00 0.000000e+00
0.000000e+00 0.000000e+00 0.000000e+00 0.000000e+00 0.000000e+00 0.000000e+00
0.000000e+00 0.000000e+00 0.000000e+00 0.000000e+00 0.000000e+00 0.000000e+00
0.000000e+00 0.000000e+00 0.000000e+00 0.000000e+00 0.000000e+00 0.000000e+00
0.000000e+00 0.000000e+00 0.000000e+00 0.000000e+00 0.000000e+00 0.000000e+00
0.000000e+00 0.000000e+00 0.000000e+00 0.000000e+00 0.000000e+00 0.000000e+00
0.000000e+00 0.000000e+00 0.000000e+00 0.000000e+00 0.000000e+00 0.000000e+00
0.000000e+00 0.000000e+00 0.000000e+00 0.000000e+00 0.000000e+00 0.000000e+00
0.000000e+00 0.000000e+00 0.000000e+00 0.000000e+00 0.000000e+00 0.000000e+00
0.000000e+00 0.000000e+00 0.000000e+00 0.000000e+00 0.000000e+00 0.000000e+00
0.000000e+00 0.000000e+00 0.000000e+00 0.000000e+00 0.000000e+00 0.000000e+00
0.000000e+00 0.000000e+00 0.000000e+00 0.000000e+00 0.000000e+00 0.000000e+00
0.000000e+00 0.000000e+00 0.000000e+00 0.000000e+00 0.000000e+00 0.000000e+00
0.000000e+00 0.000000e+00 0.000000e+00 0.000000e+00 0.000000e+00 0.000000e+00
0.000000e+00 0.000000e+00 0.000000e+00 0.000000e+00 0.000000e+00 0.000000e+00
0.000000e+00 0.000000e+00 0.000000e+00 0.000000e+00 0.000000e+00 0.000000e+00
0.000000e+00 0.000000e+00 0.000000e+00 0.000000e+00 0.000000e+00 0.000000e+00
0.000000e+00 0.000000e+00 0.000000e+00 0.000000e+00 0.000000e+00 0.000000e+00
0.000000e+00 0.000000e+00 0.000000e+00 0.000000e+00 0.000000e+00 0.000000e+00
0.000000e+00 0.000000e+00 0.000000e+00 0.000000e+00 0.000000e+00 0.000000e+00
0.000000e+00 0.000000e+00 0.000000e+00 0.000000e+00 0.000000e+00 0.000000e+00
0.000000e+00 0.000000e+00 0.000000e+00 0.000000e+00 0.000000e+00 0.000000e+00
0.000000e+00 0.000000e+00 0.000000e+00 0.000000e+00 0.000000e+00 0.000000e+00
0.000000e+00 0.000000e+00 0.000000e+00 0.000000e+00 0.000000e+00 0.000000e+00
0.000000e+00 0.000000e+00 0.000000e+00 0.000000e+00 0.000000e+00 0.000000e+00
0.000000e+00 0.000000e+00 0.000000e+00 0.000000e+00 0.000000e+00 0.000000e+00
0.000000e+00 0.000000e+00 0.000000e+00 0.000000e+00 0.000000e+00 0.000000e+00
0.000000e+00 0.000000e+00 0.000000e+00 0.000000e+00 0.000000e+00 0.000000e+00
0.000000e+00 0.000000e+00 0.000000e+00 0.000000e+00 0.000000e+00 0.000000e+00
0.000000e+00 0.000000e+00 0.000000e+00 0.000000e+00 0.000000e+00 0.000000e+00
0.000000e+00 0.000000e+00 0.000000e+00 0.000000e+00 0.000000e+00 0.000000e+00
0.000000e+00 0.000000e+00 0.000000e+00 0.000000e+00 0.000000e+00 0.000000e+00
0.000000e+00 0.000000e+00 0.000000e+00 0.000000e+00 0.000000e+00 0.000000e+00
0.000000e+00 0.000000e+00 0.000000e+00 0.000000e+00 0.000000e+00 0.000000e+00
0.000000e+00 0.000000e+00 0.000000e+00 0.000000e+00 0.000000e+00 0.000000e+00
0.000000e+00 0.000000e+00 0.000000e+00 0.000000e+00 0.000000e+00 0.000000e+00
0.000000e+00 0.000000e+00 0.000000e+00 0.000000e+00 0.000000e+00 0.000000e+00
0.000000e+00 0.000000e+00 0.000000e+00 0.000000e+00 0.000000e+00 0.000000e+00
0.000000e+00 0.000000e+00 0.000000e+00 0.000000e+00 0.000000e+00 0.000000e+00
0.000000e+00 0.000000e+00 0.000000e+00 0.000000e+00 0.000000e+00 0.000000e+00
0.000000e+00 0.000000e+00 0.000000e+00 0.000000e+00 0.000000e+00 0.000000e+00
0.000000e+00 0.000000e+00 0.000000e+00 0.000000e+00 0.000000e+00 0.000000e+00
0.000000e+00 0.000000e+00 0.000000e+00 0.000000e+00 0.000000e+00 0.000000e+00
0.000000e+00 0.000000e+00 0.000000e+00 0.000000e+00 0.000000e+00 0.000000e+00
0.000000e+00 0.000000e+00 0.000000e+00 0.000000e+00 0.000000e+00 0.000000e+00
0.000000e+00 0.000000e+00 0.000000e+00 0.000000e+00 0.000000e+00 0.000000e+00
0.000000e+00 0.000000e+00 0.000000e+00 0.000000e+00 0.000000e+00 0.000000e+00
0.000000e+00 0.000000e+00 0.000000e+00 0.000000e+00 0.000000e+00 0.000000e+00
0.000000e+00 0.000000e+00 0.000000e+00 0.000000e+00 0.000000e+00 0.000000e+00
0.000000e+00 0.000000e+00 0.000000e+00 0.000000e+00 0.000000e+00 0.000000e+00
0.000000e+00 0.000000e+00 0.000000e+00 0.000000e+00 0.000000e+00 0.000000e+00
0.000000e+00 0.000000e+00 0.000000e+00 0.000000e+00 0.000000e+00 0.000000e+00
0.000000e+00 0.000000e+00 0.000000e+00 0.000000e+00 0.000000e+00 0.000000e+00
0.000000e+00 0.000000e+00 0.000000e+00 0.000000e+00 0.000000e+00 0.000000e+00
0.000000e+00 0.000000e+00 0.000000e+00 0.000000e+00 0.000000e+00 0.000000e+00
0.000000e+00 0.000000e+00 0.000000e+00 0.000000e+00 0.000000e+00 0.000000e+00
0.000000e+00 0.000000e+00 0.000000e+00 0.000000e+00 0.000000e+00 0.000000e+00
0.000000e+00 0.000000e+00 0.000000e+00 0.000000e+00 0.000000e+00 0.000000e+00
0.000000e+00 0.000000e+00 0.000000e+00 0.000000e+00 0.000000e+00 0.000000e+00
0.000000e+00 0.000000e+00 0.000000e+00 0.000000e+00 0.000000e+00 0.000000e+00
0.000000e+00 0.000000e+00 0.000000e+00 0.000000e+00 0.000000e+00 0.000000e+00
0.000000e+00 0.000000e+00 0.000000e+00 0.000000e+00 0.000000e+00 0.000000e+00
0.000000e+00 0.000000e+00 0.000000e+00 0.000000e+00 0.000000e+00 0.000000e+00
0.000000e+00 0.000000e+00 0.000000e+00 0.000000e+00 0.000000e+00 0.000000e+00
0.000000e+00 0.000000e+00 0.000000e+00 0.000000e+00 0.000000e+00 0.000000e+00
0.000000e+00 0.000000e+00 0.000000e+00 0.000000e+00 0.000000e+00 0.000000e+00
0.000000e+00 0.000000e+00 0.000000e+00 0.000000e+00 0.000000e+00 0.000000e+00
0.000000e+00 0.000000e+00 0.000000e+00 0.000000e+00 0.000000e+00 0.000000e+00
0.000000e+00 0.000000e+00 0.000000e+00 0.000000e+00 0.000000e+00 0.000000e+00
0.000000e+00 0.000000e+00 0.000000e+00 0.000000e+00 0.000000e+00 0.000000e+00
0.000000e+00 0.000000e+00 0.000000e+00 0.000000e+00 0.000000e+00 0.000000e+00
0.000000e+00 0.000000e+00 0.000000e+00 0.000000e+00 0.000000e+00 0.000000e+00
0.000000e+00 0.000000e+00 0.000000e+00 0.000000e+00 0.000000e+00 0.000000e+00
0.000000e+00 0.000000e+00 0.000000e+00 0.000000e+00 0.000000e+00 0.000000e+00
0.000000e+00 0.000000e+00 0.000000e+00 0.000000e+00 0.000000e+00 0.000000e+00
0.000000e+00 0.000000e+00 0.000000e+00 0.000000e+00 0.000000e+00 0.000000e+00
0.000000e+00 0.000000e+00 0.000000e+00 0.000000e+00 0.000000e+00 0.000000e+00
0.000000e+00 0.000000e+00 0.000000e+00 0.000000e+00 0.000000e+00 0.000000e+00
0.000000e+00 0.000000e+00 0.000000e+00 0.000000e+00 0.000000e+00 0.000000e+00
0.000000e+00 0.000000e+00 0.000000e+00 0.000000e+00 0.000000e+00 0.000000e+00
0.000000e+00 0.000000e+00 0.000000e+00 0.000000e+00 0.000000e+00 0.000000e+00
0.000000e+00 0.000000e+00 0.000000e+00 0.000000e+00 0.000000e+00 0.000000e+00
0.000000e+00 0.000000e+00 0.000000e+00 0.000000e+00 0.000000e+00 0.000000e+00
0.000000e+00 0.000000e+00 0.000000e+00 0.000000e+00 0.000000e+00 0.000000e+00
0.000000e+00 0.000000e+00 0.000000e+00 0.000000e+00 0.000000e+00 0.000000e+00
0.000000e+00 0.000000e+00 0.000000e+00 0.000000e+00 0.000000e+00 0.000000e+00
0.000000e+00 0.000000e+00 0.000000e+00 0.000000e+00 0.000000e+00 0.000000e+00
0.000000e+00 0.000000e+00 0.000000e+00 0.000000e+00 0.000000e+00 0.000000e+00
0.000000e+00 0.000000e+00 0.000000e+00 0.000000e+00 0.000000e+00 0.000000e+00
0.000000e+00 0.000000e+00 0.000000e+00 0.000000e+00 0.000000e+00 0.000000e+00
0.000000e+00 0.000000e+00 0.000000e+00 0.000000e+00 0.000000e+00 0.000000e+00
0.000000e+00 0.000000e+00 0.000000e+00 0.000000e+00 0.000000e+00 0.000000e+00
0.000000e+00 0.000000e+00 0.000000e+00 0.000000e+00 0.000000e+00 0.000000e+00
0.000000e+00 0.000000e+00 0.000000e+00 0.000000e+00 0.000000e+00 0.000000e+00
0.000000e+00 0.000000e+00 0.000000e+00 0.000000e+00 0.000000e+00 0.000000e+00
0.000000e+00 0.000000e+00 0.000000e+00 0.000000e+00 0.000000e+00 0.000000e+00
0.000000e+00 0.000000e+00 0.000000e+00 0.000000e+00 0.000000e+00 0.000000e+00
0.000000e+00 0.000000e+00 0.000000e+00 0.000000e+00 0.000000e+00 0.000000e+00
0.000000e+00 0.000000e+00 0.000000e+00 0.000000e+00 0.000000e+00 0.000000e+00
0.000000e+00 0.000000e+00 0.000000e+00 0.000000e+00 0.000000e+00 0.000000e+00
0.000000e+00 0.000000e+00 0.000000e+00 0.000000e+00 0.000000e+00 0.000000e+00
0.000000e+00 0.000000e+00 0.000000e+00 0.000000e+00 0.000000e+00 0.000000e+00
0.000000e+00 0.000000e+00 0.000000e+00 0.000000e+00 0.000000e+00 0.000000e+00
0.000000e+00 0.000000e+00 0.000000e+00 0.000000e+00 0.000000e+00 0.000000e+00
0.000000e+00 0.000000e+00 0.000000e+00 0.000000e+00 0.000000e+00 0.000000e+00
0.000000e+00 0.000000e+00 0.000000e+00 -1.890091e-17 0.000000e+00 0.000000e+00
-5.670272e-20 0.000000e+00 0.000000e+00 2.997065e-14 0.000000e+00 -4.056997e-12
8.991196e-17 0.000000e+00 0.000000e+00 8.992320e-14 0.000000e+00 -1.625805e-11
2.697129e-16 0.000000e+00 0.000000e+00 1.497162e-13 0.000000e+00 -3.657310e-11
5.390604e-16 0.000000e+00 0.000000e+00 2.394925e-13 0.000000e+00 -6.344599e-11
9.881904e-16 0.000000e+00 -1.136868e-13 3.718003e-13 0.000000e+00 -9.101749e-11
1.654461e-15 0.000000e+00 -2.273737e-13 6.493601e-13 0.000000e+00 -1.119180e-10
2.936271e-15 0.000000e+00 -3.410605e-13 1.102357e-12 0.000000e+00 -1.187836e-10
4.961531e-15 0.000000e+00 -5.684342e-13 2.332052e-12 0.000000e+00 -9.689997e-11
9.932428e-15 0.000000e+00 -6.821210e-13 4.000584e-12 0.000000e+00 -4.078989e-11
1.696328e-14 0.000000e+00 -7.958079e-13 3.773911e-12 0.000000e+00 4.824907e-11
2.125416e-14 0.000000e+00 -5.684342e-13 3.034155e-12 0.000000e+00 1.482902e-10
2.606575e-14 0.000000e+00 -2.273737e-13 2.420689e-12 0.000000e+00 2.251534e-10
2.851623e-14 0.000000e+00 1.136868e-13 6.800660e-13 0.000000e+00 2.750196e-10
2.810595e-14 0.000000e+00 5.684342e-13 -1.239701e-12 0.000000e+00 2.947401e-10
2.479713e-14 0.000000e+00 1.023182e-12 -2.949203e-12 0.000000e+00 2.811862e-10
1.925834e-14 0.000000e+00 1.477929e-12 -4.699193e-12 0.000000e+00 2.454296e-10
1.069955e-14 0.000000e+00 1.818989e-12 -6.788189e-12 0.000000e+00 2.149962e-10
-1.106230e-15 0.000000e+00 2.160050e-12 -8.342418e-12 0.000000e+00 2.199035e-10
-1.432771e-14 0.000000e+00 2.501110e-12 -7.996854e-12 0.000000e+00 2.736875e-10
-2.509679e-14 0.000000e+00 3.069545e-12 -5.440465e-12 0.000000e+00 3.713255e-10
-3.064910e-14 0.000000e+00 3.751666e-12 -2.010269e-12 1.588187e-28 4.983835e-10
-3.112760e-14 0.000000e+00 4.661160e-12 1.683470e-12 3.726966e-28 6.298742e-10
-2.559869e-14 0.000000e+00 5.684342e-12 5.709602e-12 3.286492e-28 7.411696e-10
-1.399879e-14 0.000000e+00 6.934897e-12 7.679635e-12 1.768099e-28 8.077502e-10
-2.559788e-15 0.000000e+00 8.185452e-12 6.207644e-12 2.877038e-28 8.111142e-10
4.624140e-15 0.000000e+00 9.436008e-12 2.347164e-12 6.225568e-28 7.562664e-10
4.481705e-15 0.000000e+00 1.045919e-11 -1.987453e-12 3.006335e-14 6.509497e-10
-1.338218e-15 0.000000e+00 1.136868e-11 -3.782297e-12 6.012669e-14 4.948017e-10
-6.865185e-15 0.000000e+00 1.205080e-11 -5.702527e-12 6.911979e-13 2.866517e-10
-1.844580e-14 0.000000e+00 1.227818e-11 -9.674417e-12 1.923018e-12 4.207787e-11
-3.588844e-14 0.000000e+00 1.216449e-11 -1.370931e-11 3.846036e-12 -2.300553e-10
-5.957374e-14 0.000000e+00 1.159606e-11 -1.546941e-11 5.769313e-12 -5.382286e-10
-8.229667e-14 0.000000e+00 1.057288e-11 -1.389859e-11 6.941265e-12 -8.974212e-10
-1.012695e-13 0.000000e+00 8.867573e-12 -7.955632e-12 7.392215e-12 -1.321644e-09
-1.061636e-13 0.000000e+00 6.593837e-12 3.975746e-12 5.679641e-12 -1.832399e-09
-8.934228e-14 0.000000e+00 3.410605e-12 1.951749e-11 2.494480e-12 -2.442148e-09
-4.761109e-14 0.000000e+00 -6.821210e-13 3.645198e-11 -2.928615e-14 -3.140590e-09
2.001365e-14 0.000000e+00 -5.911716e-12 5.204223e-11 -2.583116e-12 -3.902701e-09
1.085156e-13 0.000000e+00 -1.227818e-11 5.901898e-11 -5.107142e-12 -4.691438e-09
1.970706e-13 0.000000e+00 -1.989520e-11 4.488067e-11 -7.481369e-12 -5.464101e-09
2.431576e-13 0.000000e+00 -2.864908e-11 1.077723e-11 -9.585803e-12 -6.171567e-09
2.294023e-13 0.000000e+00 -3.831246e-11 -3.048643e-11 -9.225561e-12 -6.777067e-09
1.516983e-13 0.000000e+00 -4.888534e-11 -7.398594e-11 -5.558610e-12 -7.257413e-09
7.444449e-15 0.000000e+00 -6.014034e-11 -1.038518e-10 -2.773176e-14 -7.594447e-09
-1.598570e-13 0.000000e+00 -7.173639e-11 -1.022606e-10 5.714108e-12 -7.780225e-09
-2.993374e-13 0.000000e+00 -8.355983e-11 -7.569159e-11 1.061392e-11 -7.801774e-09
-3.869317e-13 0.000000e+00 -9.526957e-11 -2.718725e-11 1.286763e-11 -7.635341e-09
-3.808991e-13 0.000000e+00 -1.065246e-10 3.896265e-11 1.211475e-11 -7.261947e-09
-2.700438e-13 0.000000e+00 -1.170974e-10 9.717501e-11 1.103754e-11 -6.643562e-09
-8.937413e-14 0.000000e+00 -1.265335e-10 1.278999e-10 1.042531e-11 -5.728847e-09
1.136558e-13 0.000000e+00 -1.343778e-10 1.308944e-10 9.159084e-12 -4.476584e-09
3.033090e-13 0.000000e+00 -1.400622e-10 1.037766e-10 9.245710e-12 -2.852826e-09
4.249856e-13 0.000000e+00 -1.430180e-10 4.184670e-11 1.143041e-11 -8.444117e-10
4.288491e-13 0.000000e+00 -1.425633e-10 -3.672294e-11 1.206225e-11 1.522800e-09
3.148167e-13 0.000000e+00 -1.383569e-10 -1.001742e-10 9.450565e-12 4.201359e-09
1.283266e-13 0.000000e+00 -1.299441e-10 -1.376447e-10 4.353808e-12 7.138022e-09
-9.811741e-14 0.000000e+00 -1.169838e-10 -1.409876e-10 -2.861151e-12 1.025865e-08
-2.946362e-13 0.000000e+00 -9.924861e-11 -1.002022e-10 -1.073802e-11 1.347650e-08
-3.987239e-13 0.000000e+00 -7.662493e-11 -2.553102e-11 -1.609184e-11 1.669969e-08
-3.712293e-13 0.000000e+00 -4.922640e-11 5.636603e-11 -1.768338e-11 1.983951e-08
-2.296258e-13 0.000000e+00 -1.716671e-11 1.140878e-10 -1.491957e-11 2.281170e-08
-2.896576e-14 0.000000e+00 1.921308e-11 1.309583e-10 -6.838877e-12 2.552813e-08
1.632491e-13 0.000000e+00 5.945822e-11 1.049025e-10 4.356910e-13 2.790106e-08
2.857418e-13 0.000000e+00 1.028866e-10 5.168895e-11 6.242028e-13 2.984756e-08
3.183160e-13 0.000000e+00 1.489298e-10 -6.520630e-12 -1.214779e-12 3.127391e-08
2.661799e-13 0.000000e+00 1.967919e-10 -5.766701e-11 -1.953890e-12 3.206891e-08
1.453150e-13 0.000000e+00 2.452225e-10 -9.403445e-11 -3.982421e-12 3.213824e-08
-1.592343e-14 0.000000e+00 2.931984e-10 -1.021002e-10 -4.677975e-12 3.140568e-08
-1.609855e-13 0.000000e+00 3.393552e-10 -7.603919e-11 -3.844592e-12 2.981558e-08
-2.440410e-13 0.000000e+00 3.825562e-10 -3.382100e-11 -4.601717e-12 2.733369e-08
-2.624485e-13 0.000000e+00 4.214371e-10 4.612347e-12 -7.876501e-12 2.394850e-08
-2.302040e-13 0.000000e+00 4.545200e-10 3.204412e-11 -1.333292e-11 1.969439e-08
-1.663161e-13 0.000000e+00 4.805543e-10 4.718405e-11 -1.846961e-11 1.465315e-08
-8.865179e-14 0.000000e+00 4.984031e-10 4.251828e-11 -2.590181e-11 8.945385e-09
-3.876130e-14 0.000000e+00 5.072707e-10 2.699959e-11 -3.693552e-11 2.707708e-09
-7.653005e-15 0.000000e+00 5.064749e-10 1.871779e-11 -4.764722e-11 -3.916914e-09
1.739208e-14 -1.136868e-13 4.954472e-10 1.957272e-11 -4.700249e-11 -1.076872e-08
5.106514e-14 -2.273737e-13 4.740741e-10 2.975510e-11 -2.188383e-11 -1.767120e-08
1.066574e-13 -2.273737e-13 4.424692e-10 4.701696e-11 2.012551e-11 -2.444601e-08
1.921160e-13 -2.273737e-13 4.007461e-10 5.635509e-11 6.817121e-11 -3.088689e-08
2.757227e-13 -1.136868e-13 3.497007e-10 5.449490e-11 1.129755e-10 -3.676958e-08
3.556007e-13 0.000000e+00 2.903562e-10 3.904762e-11 1.428716e-10 -4.188793e-08
3.928655e-13 2.273737e-13 2.239631e-10 6.034941e-12 1.454875e-10 -4.604121e-08
3.737056e-13 4.547474e-13 1.522267e-10 -3.157851e-11 1.066545e-10 -4.904801e-08
2.981300e-13 5.684342e-13 7.685230e-11 -6.085805e-11 3.298741e-11 -5.075934e-08
1.911314e-13 4.547474e-13 -1.136868e-13 -7.614028e-11 -4.861742e-11 -5.105426e-08
6.970916e-14 2.273737e-13 -7.639755e-11 -7.236147e-11 -1.134800e-10 -4.985106e-08
-2.595301e-14 1.136868e-13 -1.497256e-10 -5.053256e-11 -1.549642e-10 -4.710282e-08
-8.188854e-14 -1.136868e-13 -2.177103e-10 -1.987832e-11 -1.626454e-10 -4.279737e-08
-8.558796e-14 -3.410605e-13 -2.780780e-10 1.339265e-11 -1.218126e-10 -3.695620e-08
-4.171059e-14 -5.684342e-13 -3.285550e-10 4.129715e-11 -3.610192e-11 -2.963185e-08
3.830347e-14 -4.547474e-13 -3.669811e-10 6.049580e-11 6.223386e-11 -2.091675e-08
1.397768e-13 -2.273737e-13 -3.913101e-10 6.102066e-11 1.316426e-10 -1.095365e-08
2.213655e-13 0.000000e+00 -3.998366e-10 4.878092e-11 1.545284e-10 6.539759e-11
2.861196e-13 2.273737e-13 -3.910827e-10 3.974286e-11 1.274034e-10 1.190001e-08
3.405940e-13 4.547474e-13 -3.641389e-10 3.584925e-11 5.150630e-11 2.426556e-08
3.936673e-13 4.547474e-13 -3.183231e-10 2.870664e-11 -5.344150e-11 3.684154e-08
4.267140e-13 2.273737e-13 -2.536353e-10 1.452309e-11 -1.468596e-10 4.928665e-08
4.372366e-13 -1.136868e-13 -1.705303e-10 -2.778238e-12 -1.947438e-10 6.125397e-08
4.183792e-13 -4.547474e-13 -6.991741e-11 -2.744899e-11 -1.797176e-10 7.238086e-08
3.548896e-13 -6.821210e-13 4.661160e-11 -6.234929e-11 -1.075710e-10 8.230986e-08
2.313314e-13 -6.821210e-13 1.770104e-10 -1.014343e-10 -7.212925e-12 9.069582e-08
5.058673e-14 -5.684342e-13 3.187779e-10 -1.335183e-10 9.596518e-11 9.719673e-08
-1.692234e-13 -3.410605e-13 4.686171e-10 -1.447121e-10 1.804748e-10 1.014853e-07
-3.835495e-13 -1.136868e-13 6.231176e-10 -1.227471e-10 2.296626e-10 1.032404e-07
-5.374646e-13 2.273737e-13 7.783001e-10 -7.626727e-11 2.306540e-10 1.021389e-07
-6.123513e-13 5.684342e-13 9.296173e-10 -6.777373e-12 1.719564e-10 9.786666e-08
-5.577968e-13 6.821210e-13 1.071953e-09 7.318155e-11 6.989751e-11 9.014287e-08
-3.928067e-13 6.821210e-13 1.199965e-09 1.419678e-10 -4.387698e-11 7.872936e-08
-1.318933e-13 4.547474e-13 1.308081e-09 1.895255e-10 -1.341753e-10 6.343590e-08
1.757697e-13 2.273737e-13 1.390276e-09 1.967351e-10 -1.784337e-10 4.414068e-08
4.583119e-13 0.000000e+00 1.440412e-09 1.627086e-10 -1.770225e-10 2.081344e-08
6.638954e-13 -2.273737e-13 1.452690e-09 9.894065e-11 -1.363529e-10 -6.489072e-09
7.551339e-13 -4.547474e-13 1.420972e-09 2.010098e-11 -6.211254e-11 -3.760449e-08
7.241983e-13 -4.547474e-13 1.339913e-09 -5.986166e-11 2.366005e-11 -7.225712e-08
5.755489e-13 -3.410605e-13 1.204285e-09 -1.295014e-10 8.544189e-11 -1.100515e-07
3.356942e-13 -2.273737e-13 1.009766e-09 -1.681449e-10 1.110943e-10 -1.504519e-07
7.111415e-14 -1.136868e-13 7.529479e-10 -1.713439e-10 1.040145e-10 -1.928037e-07
-1.783375e-13 0.000000e+00 4.313279e-10 -1.501360e-10 7.340835e-11 -2.363078e-07
-3.792937e-13 1.136868e-13 4.399681e-11 -1.041019e-10 3.404217e-11 -2.800252e-07
-4.906433e-13 1.136868e-13 -4.087042e-10 -4.603678e-11 4.847580e-12 -3.228974e-07
-5.174041e-13 1.136868e-13 -9.246151e-10 6.495705e-12 -4.297862e-12 -3.637433e-07
-4.711562e-13 1.136868e-13 -1.499870e-09 5.429401e-11 5.389081e-12 -4.012685e-07
-3.545221e-13 1.136868e-13 -2.128331e-09 1.012699e-10 2.911282e-11 -4.340971e-07
-1.673466e-13 1.136868e-13 -2.802153e-09 1.363714e-10 5.398540e-11 -4.607914e-07
5.459216e-14 2.273737e-13 -3.510763e-09 1.426260e-10 5.970702e-11 -4.798922e-07
2.605313e-13 3.410605e-13 -4.241883e-09 1.122203e-10 2.878112e-11 -4.899559e-07
3.912531e-13 3.410605e-13 -4.980734e-09 4.465371e-11 -3.513584e-11 -4.895903e-07
3.944924e-13 2.273737e-13 -5.710717e-09 -4.478356e-11 -1.085979e-10 -4.775193e-07
2.569024e-13 1.136868e-13 -6.413302e-09 -1.256806e-10 -1.697032e-10 -4.526319e-07
1.745052e-14 -1.136868e-13 -7.068593e-09 -1.767610e-10 -1.992796e-10 -4.140335e-07
-2.733807e-13 -4.547474e-13 -7.655444e-09 -1.839041e-10 -1.725472e-10 -3.611143e-07
-5.342618e-13 -6.821210e-13 -8.152028e-09 -1.357690e-10 -8.895246e-11 -2.936105e-07
-6.806876e-13 -6.821210e-13 -8.536290e-09 -3.491926e-11 2.419983e-11 -2.116662e-07
-6.390196e-13 -5.684342e-13 -8.786969e-09 9.432008e-11 1.373133e-10 -1.158730e-07
-3.977274e-13 -2.273737e-13 -8.883944e-09 2.127862e-10 2.182680e-10 -7.275518e-09
-6.608769e-16 1.136868e-13 -8.808797e-09 2.833505e-10 2.429978e-10 1.125887e-07
4.523243e-13 4.547474e-13 -8.546067e-09 2.811004e-10 2.041113e-10 2.416887e-07
8.426403e-13 7.958079e-13 -8.083703e-09 2.022947e-10 1.022663e-10 3.775501e-07
1.059208e-12 7.958079e-13 -7.413519e-09 6.431691e-11 -2.999457e-11 5.172808e-07
1.035591e-12 6.821210e-13 -6.531991e-09 -9.954228e-11 -1.501485e-10 6.575942e-07
7.605815e-13 3.410605e-13 -5.440825e-09 -2.403629e-10 -2.288031e-10 7.948762e-07
3.145022e-13 0.000000e+00 -4.147410e-09 -3.228586e-10 -2.450860e-10 9.252720e-07
-2.079944e-13 -3.410605e-13 -2.665047e-09 -3.337810e-10 -2.007455e-10 1.044775e-06
-6.868409e-13 -6.821210e-13 -1.013063e-09 -2.666239e-10 -1.034889e-10 1.149330e-06
-1.007866e-12 -6.821210e-13 7.829613e-10 -1.400030e-10 1.426190e-11 1.234979e-06
-1.106850e-12 -5.684342e-13 2.691763e-09 1.602382e-11 1.145999e-10 1.297999e-06
-9.597948e-13 -2.273737e-13 4.676849e-09 1.607496e-10 1.687523e-10 1.335014e-06
-6.246011e-13 0.000000e+00 6.696723e-09 2.552025e-10 1.671842e-10 1.343149e-06
-1.941872e-13 2.273737e-13 8.706252e-09 2.798366e-10 1.247506e-10 1.320163e-06
2.149088e-13 4.547474e-13 1.065723e-08 2.335546e-10 4.847994e-11 1.264588e-06
5.064766e-13 4.547474e-13 1.249998e-08 1.413433e-10 -3.589189e-11 1.175861e-06
6.389385e-13 3.410605e-13 1.418471e-08 2.538555e-11 -9.669950e-11 1.054385e-06
5.826332e-13 2.273737e-13 1.566309e-08 -8.763602e-11 -1.244880e-10 9.015524e-07
3.760305e-13 0.000000e+00 1.688932e-08 -1.645717e-10 -1.125777e-10 7.197835e-07
8.891797e-14 -1.136868e-13 1.782234e-08 -1.838695e-10 -6.577387e-11 5.125093e-07
-1.755782e-13 -2.273737e-13 1.842682e-08 -1.440206e-10 -1.026440e-12 2.840969e-07
-3.431437e-13 -2.273737e-13 1.867454e-08 -6.637237e-11 6.276276e-11 3.977451e-08
-3.746953e-13 -1.136868e-13 1.854607e-08 2.023082e-11 1.038132e-10 -2.145022e-07
-2.824512e-13 0.000000e+00 1.803107e-08 8.164031e-11 1.139580e-10 -4.722037e-07
-1.297743e-13 2.273737e-13 1.712954e-08 1.035489e-10 8.634502e-11 -7.263998e-07
2.819535e-14 3.410605e-13 1.585192e-08 8.137420e-11 2.740963e-11 -9.699732e-07
1.143482e-13 3.410605e-13 1.421961e-08 1.516494e-11 -3.783183e-11 -1.195855e-06
7.369018e-14 3.410605e-13 1.226442e-08 -6.305720e-11 -1.002980e-10 -1.397259e-06
-7.482336e-14 2.273737e-13 1.002786e-08 -1.237958e-10 -1.534204e-10 -1.567902e-06
-2.976973e-13 0.000000e+00 7.560743e-09 -1.481957e-10 -1.815741e-10 -1.702254e-06
-5.194103e-13 -2.273737e-13 4.921162e-09 -1.255346e-10 -1.796590e-10 -1.795745e-06
-6.743010e-13 -4.547474e-13 2.173579e-09 -5.679515e-11 -1.487606e-10 -1.844950e-06
-6.897958e-13 -6.821210e-13 -6.136816e-10 4.385362e-11 -8.547583e-11 -1.847740e-06
-5.427402e-13 -6.821210e-13 -3.369678e-09 1.427637e-10 -6.584523e-12 -1.803413e-06
-2.615046e-13 -5.684342e-13 -6.023811e-09 2.170178e-10 5.965121e-11 -1.712774e-06
1.083132e-13 -4.547474e-13 -8.507982e-09 2.510336e-10 1.100898e-10 -1.578097e-06
4.915961e-13 -3.410605e-13 -1.075819e-08 2.222207e-10 1.512337e-10 -1.403102e-06
7.749752e-13 -1.136868e-13 -1.271735e-08 1.263080e-10 1.765893e-10 -1.192862e-06
8.705203e-13 1.136868e-13 -1.433682e-08 -2.086648e-11 1.790459e-10 -9.536273e-07
7.123757e-13 3.410605e-13 -1.557817e-08 -1.812135e-10 1.570625e-10 -6.926225e-07
3.268799e-13 5.684342e-13 -1.641467e-08 -3.036445e-10 1.062197e-10 -4.177745e-07
-1.985578e-13 6.821210e-13 -1.683156e-08 -3.527297e-10 3.222380e-11 -1.374404e-07
-7.313092e-13 5.684342e-13 -1.682702e-08 -3.106573e-10 -4.501104e-11 1.398781e-07
-1.130530e-12 4.547474e-13 -1.641183e-08 -1.776158e-10 -1.161981e-10 4.058309e-07
-1.264157e-12 2.273737e-13 -1.560943e-08 2.175056e-11 -1.746527e-10 6.525253e-07
-1.065278e-12 0.000000e+00 -1.445426e-08 2.284386e-10 -2.067776e-10 8.728090e-07
-5.788407e-13 -3.410605e-13 -1.299099e-08 3.773640e-10 -1.981950e-10 1.060504e-06
6.681398e-14 -6.821210e-13 -1.127285e-08 4.203488e-10 -1.419736e-10 1.210625e-06
6.822056e-13 -7.958079e-13 -9.359269e-09 3.389716e-10 -5.363878e-11 1.319545e-06
1.083729e-12 -7.958079e-13 -7.314270e-09 1.556322e-10 4.612529e-11 1.385110e-06
1.149102e-12 -5.684342e-13 -5.204015e-09 -7.356372e-11 1.367937e-10 1.406722e-06
8.630376e-13 -2.273737e-13 -3.094215e-09 -2.820031e-10 1.944458e-10 1.385358e-06
3.030932e-13 1.136868e-13 -1.047965e-09 -4.069554e-10 2.072435e-10 1.323488e-06
-3.578285e-13 4.547474e-13 8.762981e-10 -4.106538e-10 1.752708e-10 1.224964e-06
-9.288682e-13 6.821210e-13 2.626962e-09 -3.027600e-10 1.070022e-10 1.094838e-06
-1.266109e-12 6.821210e-13 4.160825e-09 -1.157244e-10 2.603636e-11 9.391370e-07
-1.276041e-12 5.684342e-13 5.444349e-09 9.643928e-11 -4.668038e-11 7.645842e-07
-9.767907e-13 4.547474e-13 6.454570e-09 2.626549e-10 -1.028995e-10 5.782970e-07
-4.880768e-13 3.410605e-13 7.179210e-09 3.401703e-10 -1.436560e-10 3.874915e-07
4.372015e-14 1.136868e-13 7.617018e-09 3.256715e-10 -1.664970e-10 1.991806e-07
4.889377e-13 -1.136868e-13 7.776748e-09 2.391806e-10 -1.626223e-10 1.990738e-08
7.612618e-13 -3.410605e-13 7.676704e-09 1.147204e-10 -1.261513e-10 -1.444876e-07
8.330988e-13 -5.684342e-13 7.343374e-09 -1.125377e-11 -5.769592e-11 -2.890858e-07
7.275005e-13 -5.684342e-13 6.809614e-09 -9.965932e-11 2.468492e-11 -4.100345e-07
5.341209e-13 -4.547474e-13 6.113396e-09 -1.283239e-10 9.764054e-11 -5.046392e-07
3.425288e-13 -3.410605e-13 5.295760e-09 -1.164910e-10 1.541337e-10 -5.714204e-07
1.846480e-13 -1.136868e-13 4.399226e-09 -8.563838e-11 1.867361e-10 -6.101147e-07
8.561362e-14 1.136868e-13 3.465516e-09 -5.025495e-11 1.840258e-10 -6.216040e-07
3.388314e-14 3.410605e-13 2.534421e-09 -3.769910e-11 1.463009e-10 -6.078165e-07
-2.748369e-14 5.684342e-13 1.641979e-09 -6.149649e-11 7.810237e-11 -5.715950e-07
-1.506063e-13 5.684342e-13 8.195684e-10 -1.056129e-10 1.591110e-12 -5.165321e-07
-3.443224e-13 5.684342e-13 9.242740e-11 -1.372837e-10 -6.077208e-11 -4.467669e-07
-5.624574e-13 4.547474e-13 -5.206857e-10 -1.381793e-10 -1.026737e-10 -3.667551e-07
-7.588604e-13 3.410605e-13 -1.007834e-09 -9.669853e-11 -1.203256e-10 -2.810482e-07
-8.525530e-13 1.136868e-13 -1.363787e-09 -2.826552e-12 -1.095549e-10 -1.940833e-07
-7.673400e-13 0.000000e+00 -1.590024e-09 1.197432e-10 -7.781000e-11 -1.099863e-07
-4.933235e-13 -1.136868e-13 -1.693707e-09 2.308898e-10 -4.254431e-11 -3.239737e-08
-7.467048e-14 -2.273737e-13 -1.687113e-09 2.934939e-10 -7.604736e-12 3.565136e-08
3.871583e-13 -2.273737e-13 -1.586727e-09 2.821459e-10 2.109291e-11 9.184838e-08
7.717671e-13 -2.273737e-13 -1.411649e-09 2.014621e-10 3.692765e-11 1.346427e-07
9.915445e-13 -2.273737e-13 -1.182912e-09 7.000372e-11 3.942848e-11 1.632490e-07
9.817783e-13 -1.136868e-13 -9.220003e-10 -8.164213e-11 2.630971e-11 1.776100e-07
7.466182e-13 -1.136868e-13 -6.501750e-10 -2.120175e-10 6.996561e-12 1.783276e-07
3.457258e-13 -1.136868e-13 -3.871037e-10 -2.912983e-10 -1.077734e-11 1.665737e-07
-1.272769e-13 -1.136868e-13 -1.504077e-10 -2.884316e-10 -2.745935e-11 1.439650e-07
-5.195689e-13 -1.136868e-13 4.479261e-11 -2.102892e-10 -4.230913e-11 1.124679e-07
-7.581445e-13 -2.273737e-13 1.869012e-10 -9.441535e-11 -5.031256e-11 7.426285e-08
-8.028149e-13 -3.410605e-13 2.676188e-10 3.968903e-11 -4.526808e-11 3.160676e-08
-6.390774e-13 -4.547474e-13 2.818297e-10 1.572220e-10 -2.447186e-11 -1.325856e-08
-3.311491e-13 -4.547474e-13 2.278284e-10 2.210253e-10 5.084575e-12 -5.820305e-08
2.399857e-14 -4.547474e-13 1.072067e-10 2.255119e-10 3.494685e-11 -1.013046e-07
3.453866e-13 -4.547474e-13 -7.605649e-11 1.792348e-10 7.055161e-11 -1.409060e-07
5.617030e-13 -3.410605e-13 -3.154810e-10 1.105098e-10 1.066608e-10 -1.756579e-07
6.769161e-13 -2.273737e-13 -6.029950e-10 4.865074e-11 1.350206e-10 -2.045318e-07
7.076552e-13 0.000000e+00 -9.291625e-10 8.675948e-12 1.497047e-10 -2.268128e-07
7.029439e-13 2.273737e-13 -1.283524e-09 5.090277e-12 1.405928e-10 -2.420931e-07
7.229260e-13 4.547474e-13 -1.655394e-09 3.517198e-11 1.056051e-10 -2.502348e-07
8.084598e-13 5.684342e-13 -2.034199e-09 7.439955e-11 4.810592e-11 -2.513086e-07
9.461247e-13 6.821210e-13 -2.409365e-09 1.036717e-10 -2.826452e-11 -2.455433e-07
1.119475e-12 5.684342e-13 -2.770889e-09 1.088792e-10 -1.026022e-10 -2.332808e-07
1.272762e-12 4.547474e-13 -3.109221e-09 7.534077e-11 -1.549398e-10 -2.149306e-07
1.345497e-12 2.273737e-13 -3.415721e-09 1.812253e-11 -1.786194e-10 -1.909079e-07
1.327130e-12 0.000000e+00 -3.681976e-09 -3.972705e-11 -1.641776e-10 -1.616157e-07
1.226316e-12 -2.273737e-13 -3.900482e-09 -7.218135e-11 -1.101263e-10 -1.274317e-07
1.110586e-12 -3.410605e-13 -4.064191e-09 -6.335931e-11 -2.767794e-11 -8.869220e-08
1.036238e-12 -2.273737e-13 -4.166509e-09 -2.335246e-11 5.338577e-11 -4.572070e-08
1.040528e-12 -1.136868e-13 -4.201297e-09 3.368697e-11 1.104026e-10 1.159579e-09
1.137299e-12 0.000000e+00 -4.162985e-09 8.988370e-11 1.352666e-10 5.160178e-08
1.310180e-12 2.273737e-13 -4.046456e-09 1.150775e-10 1.081662e-10 1.051857e-07
1.482532e-12 3.410605e-13 -3.847390e-09 7.886843e-11 2.750255e-11 1.613800e-07
1.546785e-12 2.273737e-13 -3.562377e-09 -2.953359e-11 -6.944892e-11 2.195282e-07
1.393931e-12 0.000000e+00 -3.188916e-09 -2.020881e-10 -1.423806e-10 2.788134e-07
9.405206e-13 -2.273737e-13 -2.725983e-09 -4.221176e-10 -1.691280e-10 3.382427e-07
1.275779e-13 -4.547474e-13 -2.174147e-09 -6.670697e-10 -1.381899e-10 3.966516e-07
-1.060688e-12 -6.821210e-13 -1.536023e-09 -8.890038e-10 -4.372952e-11 4.527259e-07
-2.539433e-12 -6.821210e-13 -8.160441e-10 -1.053717e-09 9.248326e-11 5.050215e-07
-4.221838e-12 -4.547474e-13 -2.103206e-11 -1.150636e-09 2.225443e-10 5.519899e-07
-5.991341e-12 0.000000e+00 8.399184e-10 -1.193172e-09 2.999905e-10 5.920221e-07
-7.801355e-12 4.547474e-13 1.755097e-09 -1.211038e-09 2.959305e-10 6.234972e-07
-9.624456e-12 9.094947e-13 2.710522e-09 -1.225343e-09 1.981519e-10 6.448413e-07
-1.147738e-11 1.136868e-12 3.689706e-09 -1.258200e-09 2.118359e-11 6.545884e-07
-1.339906e-11 1.023182e-12 4.674348e-09 -1.310673e-09 -1.838817e-10 6.514329e-07
-1.540940e-11 6.821210e-13 5.644097e-09 -1.373603e-09 -3.611255e-10 6.342963e-07
-1.751987e-11 0.000000e+00 6.577238e-09 -1.437025e-09 -4.576186e-10 6.024003e-07
-1.972048e-11 -6.821210e-13 7.451263e-09 -1.464379e-09 -4.408700e-10 5.553153e-07
-2.191300e-11 -1.364242e-12 8.243205e-09 -1.421047e-09 -3.085512e-10 4.930200e-07
-2.398362e-11 -1.705303e-12 8.930328e-09 -1.282532e-09 -8.647739e-11 4.159512e-07
-2.576060e-11 -1.591616e-12 9.491032e-09 -1.025745e-09 1.611579e-10 3.250170e-07
-2.706085e-11 -1.136868e-12 9.905307e-09 -6.492726e-10 3.649052e-10 2.216061e-07
-2.770842e-11 -4.547474e-13 1.015576e-08 -1.619261e-10 4.748125e-10 1.075659e-07
-2.754663e-11 2.273737e-13 1.022795e-08 4.141228e-10 4.723756e-10 -1.484178e-08
-2.646605e-11 9.094947e-13 1.011119e-08 1.052971e-09 3.636303e-10 -1.429958e-07
-2.438772e-11 1.364242e-12 9.798896e-09 1.746932e-09 1.747413e-10 -2.739890e-07
-2.122525e-11 1.477929e-12 9.289124e-09 2.498612e-09 -4.780776e-11 -4.047080e-07
-1.689188e-11 1.250555e-12 8.584720e-09 3.313820e-09 -2.490167e-10 -5.319213e-07
-1.128379e-11 7.958079e-13 7.693416e-09 4.204732e-09 -3.790579e-10 -6.523641e-07
-4.277689e-12 1.136868e-13 6.627715e-09 5.160644e-09 -4.118843e-10 -7.628067e-07
4.198139e-12 -4.547474e-13 5.405013e-09 6.152845e-09 -3.545662e-10 -8.601308e-07
1.418085e-11 -9.094947e-13 4.047251e-09 7.139280e-09 -2.328163e-10 -9.414227e-07
2.561598e-11 -1.136868e-12 2.580691e-09 8.056590e-09 -8.144220e-11 -1.004066e-06
3.835062e-11 -1.136868e-12 1.035005e-09 8.850122e-09 6.424191e-11 -1.045827e-06
5.216634e-11 -9.094947e-13 -5.568381e-10 9.482140e-09 1.719579e-10 -1.064959e-06
6.679704e-11 -5.684342e-13 -2.159823e-09 9.909335e-09 2.170321e-10 -1.060287e-06
8.189435e-11 -2.273737e-13 -3.737682e-09 1.010798e-08 2.044260e-10 -1.031264e-06
9.712097e-11 1.136868e-13 -5.253696e-09 1.006878e-08 1.488308e-10 -9.780215e-07
1.121007e-10 3.410605e-13 -6.671826e-09 9.768519e-09 6.958308e-11 -9.014136e-07
1.264265e-10 3.410605e-13 -7.957965e-09 9.186617e-09 2.099636e-12 -8.029964e-07
1.396605e-10 3.410605e-13 -9.080850e-09 8.289888e-09 -3.157993e-11 -6.849779e-07
1.512962e-10 3.410605e-13 -1.001297e-08 7.027938e-09 -3.303364e-11 -5.501655e-07
1.607444e-10 3.410605e-13 -1.073136e-08 5.344666e-09 -6.227540e-12 -4.018901e-07
1.673302e-10 3.410605e-13 -1.121862e-08 3.206938e-09 3.793817e-11 -2.438960e-07
1.703652e-10 4.547474e-13 -1.146304e-08 6.222596e-10 7.400935e-11 -8.023658e-08
1.691970e-10 5.684342e-13 -1.145941e-08 -2.370556e-09 8.019727e-11 8.484327e-08
1.632535e-10 6.821210e-13 -1.120861e-08 -5.690910e-09 4.803347e-11 2.470085e-07
1.521242e-10 7.958079e-13 -1.071840e-08 -9.216950e-09 -2.600763e-11 4.019481e-07
1.356027e-10 6.821210e-13 -1.000285e-08 -1.281230e-08 -1.265251e-10 5.455207e-07
1.136873e-10 3.410605e-13 -9.081873e-09 -1.635621e-08 -2.135598e-10 6.738605e-07
8.653402e-11 0.000000e+00 -7.981271e-09 -1.975196e-08 -2.575648e-10 7.835058e-07
5.443147e-11 -3.410605e-13 -6.731398e-09 -2.290654e-08 -2.466662e-10 8.715285e-07
1.781441e-11 -6.821210e-13 -5.366701e-09 -2.576144e-08 -1.760077e-10 9.356444e-07
-2.285285e-11 -7.958079e-13 -3.924470e-09 -2.827395e-08 -6.031264e-11 9.743098e-07
-6.700743e-11 -7.958079e-13 -2.443812e-09 -3.037806e-08 7.089663e-11 9.867827e-07
-1.139870e-10 -5.684342e-13 -9.641781e-10 -3.197900e-08 1.855040e-10 9.731579e-07
-1.629444e-10 -2.273737e-13 4.756657e-10 -3.293059e-08 2.526091e-10 9.343601e-07
-2.127788e-10 1.136868e-13 1.838885e-09 -3.307775e-08 2.558325e-10 8.721064e-07
-2.621777e-10 4.547474e-13 3.091941e-09 -3.227637e-08 1.944026e-10 7.888261e-07
-3.096079e-10 6.821210e-13 4.205390e-09 -3.039699e-08 7.958859e-11 6.875568e-07
-3.533686e-10 6.821210e-13 5.154675e-09 -2.738113e-08 -5.652531e-11 5.718459e-07
-3.917513e-10 4.547474e-13 5.920924e-09 -2.325648e-08 -1.716166e-10 4.456238e-07
-4.231381e-10 1.136868e-13 6.491518e-09 -1.812353e-08 -2.352820e-10 3.130467e-07
-4.461219e-10 -2.273737e-13 6.859977e-09 -1.214966e-08 -2.348857e-10 1.783683e-07
-4.595871e-10 -5.684342e-13 7.026529e-09 -5.534748e-09 -1.685264e-10 4.578350e-08
-4.627262e-10 -6.821210e-13 6.997311e-09 1.523962e-09 -5.803038e-11 -8.070817e-08
-4.550152e-10 -6.821210e-13 6.784376e-09 8.848968e-09 6.309911e-11 -1.974199e-07
-4.361793e-10 -4.547474e-13 6.405003e-09 1.629143e-08 1.652718e-10 -3.011089e-07
-4.061409e-10 -1.136868e-13 5.881020e-09 2.372201e-08 2.190612e-10 -3.890937e-07
-3.650132e-10 2.273737e-13 5.237666e-09 3.100472e-08 2.137890e-10 -4.593404e-07
-3.131267e-10 5.684342e-13 4.502908e-09 3.797635e-08 1.559582e-10 -5.105156e-07
-2.510842e-10 6.821210e-13 3.706077e-09 4.443075e-08 7.012638e-11 -5.420205e-07
-1.798345e-10 6.821210e-13 2.876845e-09 5.011908e-08 -1.359522e-11 -5.539774e-07
-1.007269e-10 5.684342e-13 2.044203e-09 5.476512e-08 -7.742535e-11 -5.472053e-07
-1.553912e-11 4.547474e-13 1.235321e-09 5.809043e-08 -1.228826e-10 -5.231469e-07
7.354435e-11 2.273737e-13 4.748699e-10 5.987852e-08 -1.539133e-10 -4.837790e-07
1.640964e-10 0.000000e+00 -2.158913e-10 5.998834e-08 -1.667762e-10 -4.315168e-07
2.535094e-10 -2.273737e-13 -8.195684e-10 5.837400e-08 -1.636657e-10 -3.690950e-07
3.392184e-10 -4.547474e-13 -1.323087e-09 5.509814e-08 -1.404551e-10 -2.994529e-07
4.188038e-10 -6.821210e-13 -1.717922e-09 5.029373e-08 -9.076975e-11 -2.256099e-07
4.900996e-10 -7.958079e-13 -1.999979e-09 4.414674e-08 -1.490265e-11 -1.505508e-07
5.512440e-10 -6.821210e-13 -2.169600e-09 3.685083e-08 7.552400e-11 -7.712372e-08
6.006521e-10 -4.547474e-13 -2.231445e-09 2.857880e-08 1.592898e-10 -7.919103e-09
6.369804e-10 -2.273737e-13 -2.193360e-09 1.950380e-08 2.239022e-10 5.480310e-08
6.591635e-10 1.136868e-13 -2.066940e-09 9.788804e-09 2.552720e-10 1.092026e-07
6.663468e-10 4.547474e-13 -1.865715e-09 -3.991586e-10 2.344633e-10 1.539138e-07
6.579661e-10 7.958079e-13 -1.605144e-09 -1.084217e-08 1.507718e-10 1.880535e-07
6.338203e-10 9.094947e-13 -1.301601e-09 -2.126865e-08 1.702837e-11 2.112409e-07
5.941601e-10 7.958079e-13 -9.714540e-10 -3.134264e-08 -1.320595e-10 2.235585e-07
5.397924e-10 4.547474e-13 -6.308483e-10 -4.070188e-08 -2.565068e-10 2.255089e-07
4.720544e-10 0.000000e+00 -2.949037e-10 -4.899348e-08 -3.167356e-10 2.179752e-07
3.928119e-10 -4.547474e-13 2.307843e-11 -5.590035e-08 -2.887668e-10 2.021453e-07
3.043534e-10 -9.094947e-13 3.115019e-10 -6.116747e-08 -1.680062e-10 1.794391e-07
2.093095e-10 -1.023182e-12 5.613856e-10 -6.462951e-08 2.004166e-11 1.514330e-07
1.104649e-10 -9.094947e-13 7.657945e-10 -6.622897e-08 2.216457e-10 1.197842e-07
1.062261e-11 -4.547474e-13 9.206360e-10 -6.600171e-08 3.764080e-10 8.615276e-08
-8.754024e-11 2.273737e-13 1.024205e-09 -6.404437e-08 4.267388e-10 5.211784e-08
-1.815105e-10 9.094947e-13 1.077069e-09 -6.049631e-08 3.444159e-10 1.911211e-08
-2.690292e-10 1.364242e-12 1.081617e-09 -5.551896e-08 1.504609e-10 -1.162194e-08
-3.480674e-10 1.364242e-12 1.042281e-09 -4.926735e-08 -8.967060e-11 -3.908104e-08
-4.168312e-10 1.023182e-12 9.644054e-10 -4.191911e-08 -2.928283e-10 -6.252400e-08
-4.738247e-10 4.547474e-13 8.546976e-10 -3.366220e-08 -3.966280e-10 -8.146823e-08
-5.178178e-10 -1.136868e-13 7.199787e-10 -2.471278e-08 -3.837067e-10 -9.568947e-08
-5.479631e-10 -6.821210e-13 5.675247e-10 -1.531592e-08 -2.601100e-10 -1.051969e-07
-5.637656e-10 -9.094947e-13 4.043841e-10 -5.743466e-09 -6.535072e-11 -1.102136e-07
-5.651935e-10 -9.094947e-13 2.369234e-10 3.716312e-09 1.330660e-10 -1.111133e-07
-5.526166e-10 -5.684342e-13 7.105427e-11 1.278405e-08 2.697148e-10 -1.083718e-07
-5.268413e-10 0.000000e+00 -8.822099e-11 2.120340e-08 2.856249e-10 -1.025374e-07
-4.890064e-10 4.547474e-13 -2.365823e-10 2.876349e-08 1.738839e-10 -9.419928e-08
-4.405509e-10 5.684342e-13 -3.708465e-10 3.528187e-08 -1.228008e-11 -8.395657e-08
-3.831608e-10 4.547474e-13 -4.885123e-10 4.061300e-08 -2.027109e-10 -7.238646e-08
-3.187119e-10 0.000000e+00 -5.879883e-10 4.466871e-08 -3.235963e-10 -6.003059e-08
-2.491547e-10 -4.547474e-13 -6.685923e-10 4.739022e-08 -3.238458e-10 -4.736877e-08
-1.765412e-10 -9.094947e-13 -7.300969e-10 4.872710e-08 -1.954452e-10 -3.479997e-08
-1.029734e-10 -1.136868e-12 -7.729568e-10 4.867168e-08 3.301515e-11 -2.263448e-08
-3.052616e-11 -9.094947e-13 -7.980816e-10 4.724644e-08 2.823646e-10 -1.108436e-08
3.876594e-11 -2.273737e-13 -8.062671e-10 4.452061e-08 4.528955e-10 -2.839336e-10
1.030357e-10 5.684342e-13 -7.988774e-10 4.061936e-08 4.807223e-10 9.704533e-09
1.606240e-10 1.250555e-12 -7.771632e-10 3.572029e-08 3.555320e-10 1.888775e-08
2.101965e-10 1.705303e-12 -7.422614e-10 3.005819e-08 1.058181e-10 2.730541e-08
2.507986e-10 1.591616e-12 -6.953087e-10 2.389355e-08 -1.930517e-10 3.500133e-08
2.818772e-10 1.023182e-12 -6.373284e-10 1.749315e-08 -4.428103e-10 4.199166e-08
3.032780e-10 2.273737e-13 -5.693437e-10 1.111605e-08 -5.729952e-10 4.824846e-08
3.152253e-10 -6.821210e-13 -4.924914e-10 4.991293e-09 -5.476594e-10 5.370732e-08
3.182519e-10 -1.364242e-12 -4.081357e-10 -7.226978e-10 -3.782237e-10 5.827632e-08
3.130572e-10 -1.705303e-12 -3.176410e-10 -5.917146e-09 -1.224876e-10 6.184254e-08
