0.000000e+00 0.000000e+00 0.000000e+00 0.000000e+00 0.000000e+00 0.000000e+00
0.000000e+00 0.000000e+00 0.000000e+00 0.000000e+00 0.000000e+00 0.000000e+00
0.000000e+00 0.000000e+00 0.000000e+00 0.000000e+00 0.000000e+00 0.000000e+00
0.000000e+00 0.000000e+00 0.000000e+00 0.000000e+00 0.000000e+00 0.000000e+00
0.000000e+00 0.000000e+00 0.000000e+00 0.000000e+00 0.000000e+00 0.000000e+00
0.000000e+00 0.000000e+00 0.000000e+00 0.000000e+00 0.000000e+00 0.000000e+00
0.000000e+00 0.000000e+00 0.000000e+00 0.000000e+00 0.000000e+00 0.000000e+00
0.000000e+00 0.000000e+00 0.000000e+00 0.000000e+00 0.000000e+00 0.000000e+00
0.000000e+00 0.000000e+00 0.000000e+00 0.000000e+00 0.000000e+00 0.000000e+00
0.000000e+00 0.000000e+00 0.000000e+00 0.000000e+00 0.000000e+00 0.000000e+00
0.000000e+00 0.000000e+00 0.000000e+00 0.000000e+00 0.000000e+00 0.000000e+00
0.000000e+00 0.000000e+00 0.000000e+00 0.000000e+00 0.000000e+00 0.000000e+00
0.000000e+00 0.000000e+00 0.000000e+00 0.000000e+00 0.000000e+00 0.000000e+00
0.000000e+00 0.000000e+00 0.000000e+00 0.000000e+00 0.000000e+00 0.000000e+00
0.000000e+00 0.000000e+00 0.000000e+00 0.000000e+00 0.000000e+00 0.000000e+00
0.000000e+00 0.000000e+00 0.000000e+00 0.000000e+00 0.000000e+00 0.000000e+00
0.000000e+00 0.000000e+00 0.000000e+00 0.000000e+00 0.000000e+00 0.000000e+00
0.000000e+00 0.000000e+00 0.000000e+00 0.000000e+00 0.000000e+00 0.000000e+00
0.000000e+00 0.000000e+00 0.000000e+00 0.000000e+00 0.000000e+00 0.000000e+00
0.000000e+00 0.000000e+00 0.000000e+00 0.000000e+00 0.000000e+00 0.000000e+00
0.000000e+00 0.000000e+00 0.000000e+00 0.000000e+00 0.000000e+00 0.000000e+00
0.000000e+00 0.000000e+00 0.000000e+00 0.000000e+00 0.000000e+00 0.000000e+00
0.000000e+00 0.000000e+00 0.000000e+00 0.000000e+00 0.000000e+00 0.000000e+00
0.000000e+00 0.000000e+00 0.000000e+00 0.000000e+00 0.000000e+00 0.000000e+00
0.000000e+00 0.000000e+00 0.000000e+00 0.000000e+00 0.000000e+00 0.000000e+00
0.000000e+00 0.000000e+00 0.000000e+00 0.000000e+00 0.000000e+00 0.000000e+00
0.000000e+00 0.000000e+00 0.000000e+00 0.000000e+00 0.000000e+00 0.000000e+00
0.000000e+00 0.000000e+00 0.000000e+00 0.000000e+00 0.000000e+00 0.000000e+00
0.000000e+00 0.000000e+00 0.000000e+00 0.000000e+00 0.000000e+00 0.000000e+00
0.000000e+00 0.000000e+00 0.000000e+00 0.000000e+00 0.000000e+00 0.000000e+00
0.000000e+00 0.000000e+00 0.000000e+00 0.000000e+00 0.000000e+00 0.000000e+00
0.000000e+00 0.000000e+00 0.000000e+00 0.000000e+00 0.000000e+00 0.000000e+00
0.000000e+00 0.000000e+00 0.000000e+00 0.000000e+00 0.000000e+00 0.000000e+00
0.000000e+00 0.000000e+00 0.000000e+00 0.000000e+00 0.000000e+00 0.000000e+00
0.000000e+00 0.000000e+00 0.000000e+00 0.000000e+00 0.000000e+00 0.000000e+00
0.000000e+00 0.000000e+00 0.000000e+00 0.000000e+00 0.000000e+00 0.000000e+00
0.000000e+00 0.000000e+00 0.000000e+00 0.000000e+00 0.000000e+00 0.000000e+00
0.000000e+00 0.000000e+00 0.000000e+00 0.000000e+00 0.000000e+00 0.000000e+00
0.000000e+00 0.000000e+00 0.000000e+00 0.000000e+00 0.000000e+00 0.000000e+00
0.000000e+00 0.000000e+00 0.000000e+00 0.000000e+00 0.000000e+00 0.000000e+00
0.000000e+00 0.000000e+00 0.000000e+00 0.000000e+00 0.000000e+00 0.000000e+00
0.000000e+00 0.000000e+00 0.000000e+00 0.000000e+00 0.000000e+00 0.000000e+00
0.000000e+00 0.000000e+00 0.000000e+00 0.000000e+00 0.000000e+00 0.000000e+00
0.000000e+00 0.000000e+00 0.000000e+00 0.000000e+00 0.000000e+00 0.000000e+00
0.000000e+00 0.000000e+00 0.000000e+00 0.000000e+00 0.000000e+00 0.000000e+00
0.000000e+00 0.000000e+00 0.000000e+00 0.000000e+00 0.000000e+00 0.000000e+00
0.000000e+00 0.000000e+00 0.000000e+00 0.000000e+00 0.000000e+00 0.000000e+00
0.000000e+00 0.000000e+00 0.000000e+00 0.000000e+00 0.000000e+00 0.000000e+00
0.000000e+00 0.000000e+00 0.000000e+00 0.000000e+00 0.000000e+00 0.000000e+00
0.000000e+00 0.000000e+00 0.000000e+00 0.000000e+00 0.000000e+00 0.000000e+00
0.000000e+00 0.000000e+00 0.000000e+00 0.000000e+00 0.000000e+00 0.000000e+00
0.000000e+00 0.000000e+00 0.000000e+00 0.000000e+00 0.000000e+00 0.000000e+00
0.000000e+00 0.000000e+00 0.000000e+00 0.000000e+00 0.000000e+00 0.000000e+00
0.000000e+00 0.000000e+00 0.000000e+00 0.000000e+00 0.000000e+00 0.000000e+00
0.000000e+00 0.000000e+00 0.000000e+00 0.000000e+00 0.000000e+00 0.000000e+00
0.000000e+00 0.000000e+00 0.000000e+00 0.000000e+00 0.000000e+00 0.000000e+00
0.000000e+00 0.000000e+00 0.000000e+00 0.000000e+00 0.000000e+00 0.000000e+00
0.000000e+00 0.000000e+00 0.000000e+00 0.000000e+00 0.000000e+00 0.000000e+00
0.000000e+00 0.000000e+00 0.000000e+00 0.000000e+00 0.000000e+00 0.000000e+00
0.000000e+00 0.000000e+00 0.000000e+00 0.000000e+00 0.000000e+00 0.000000e+00
0.000000e+00 0.000000e+00 0.000000e+00 0.000000e+00 0.000000e+00 0.000000e+00
0.000000e+00 0.000000e+00 0.000000e+00 0.000000e+00 0.000000e+00 0.000000e+00
0.000000e+00 0.000000e+00 0.000000e+00 0.000000e+00 0.000000e+00 0.000000e+00
0.000000e+00 0.000000e+00 0.000000e+00 0.000000e+00 0.000000e+00 0.000000e+00
0.000000e+00 0.000000e+00 0.000000e+00 0.000000e+00 0.000000e+00 0.000000e+00
0.000000e+00 0.000000e+00 0.000000e+00 0.000000e+00 0.000000e+00 0.000000e+00
0.000000e+00 0.000000e+00 0.000000e+00 0.000000e+00 0.000000e+00 0.000000e+00
0.000000e+00 0.000000e+00 0.000000e+00 0.000000e+00 0.000000e+00 0.000000e+00
0.000000e+00 0.000000e+00 0.000000e+00 0.000000e+00 0.000000e+00 0.000000e+00
0.000000e+00 0.000000e+00 0.000000e+00 0.000000e+00 0.000000e+00 0.000000e+00
0.000000e+00 0.000000e+00 0.000000e+00 0.000000e+00 0.000000e+00 0.000000e+00
0.000000e+00 0.000000e+00 0.000000e+00 0.000000e+00 0.000000e+00 0.000000e+00
0.000000e+00 0.000000e+00 0.000000e+00 0.000000e+00 0.000000e+00 0.000000e+00
0.000000e+00 0.000000e+00 0.000000e+00 0.000000e+00 0.000000e+00 0.000000e+00
0.000000e+00 0.000000e+00 0.000000e+00 0.000000e+00 0.000000e+00 0.000000e+00
0.000000e+00 0.000000e+00 0.000000e+00 0.000000e+00 0.000000e+00 0.000000e+00
0.000000e+00 0.000000e+00 0.000000e+00 0.000000e+00 0.000000e+00 0.000000e+00
0.000000e+00 0.000000e+00 0.000000e+00 0.000000e+00 0.000000e+00 0.000000e+00
0.000000e+00 0.000000e+00 0.000000e+00 0.000000e+00 0.000000e+00 0.000000e+00
0.000000e+00 0.000000e+00 0.000000e+00 0.000000e+00 0.000000e+00 0.000000e+00
0.000000e+00 0.000000e+00 0.000000e+00 0.000000e+00 0.000000e+00 0.000000e+00
0.000000e+00 0.000000e+00 0.000000e+00 0.000000e+00 0.000000e+00 0.000000e+00
0.000000e+00 0.000000e+00 0.000000e+00 0.000000e+00 0.000000e+00 0.000000e+00
0.000000e+00 0.000000e+00 0.000000e+00 0.000000e+00 0.000000e+00 0.000000e+00
0.000000e+00 0.000000e+00 0.000000e+00 0.000000e+00 0.000000e+00 0.000000e+00
0.000000e+00 0.000000e+00 0.000000e+00 0.000000e+00 0.000000e+00 0.000000e+00
0.000000e+00 0.000000e+00 0.000000e+00 0.000000e+00 0.000000e+00 0.000000e+00
0.000000e+00 0.000000e+00 0.000000e+00 0.000000e+00 0.000000e+00 0.000000e+00
0.000000e+00 0.000000e+00 0.000000e+00 0.000000e+00 0.000000e+00 0.000000e+00
0.000000e+00 0.000000e+00 0.000000e+00 0.000000e+00 0.000000e+00 0.000000e+00
0.000000e+00 0.000000e+00 0.000000e+00 0.000000e+00 0.000000e+00 0.000000e+00
0.000000e+00 0.000000e+00 0.000000e+00 0.000000e+00 0.000000e+00 0.000000e+00
0.000000e+00 0.000000e+00 0.000000e+00 0.000000e+00 0.000000e+00 0.000000e+00
0.000000e+00 0.000000e+00 0.000000e+00 0.000000e+00 0.000000e+00 0.000000e+00
0.000000e+00 0.000000e+00 0.000000e+00 0.000000e+00 0.000000e+00 0.000000e+00
0.000000e+00 0.000000e+00 0.000000e+00 0.000000e+00 0.000000e+00 0.000000e+00
0.000000e+00 0.000000e+00 0.000000e+00 0.000000e+00 0.000000e+00 0.000000e+00
0.000000e+00 0.000000e+00 0.000000e+00 0.000000e+00 0.000000e+00 0.000000e+00
0.000000e+00 0.000000e+00 0.000000e+00 0.000000e+00 0.000000e+00 0.000000e+00
0.000000e+00 0.000000e+00 0.000000e+00 0.000000e+00 0.000000e+00 0.000000e+00
0.000000e+00 0.000000e+00 0.000000e+00 0.000000e+00 0.000000e+00 0.000000e+00
0.000000e+00 0.000000e+00 0.000000e+00 0.000000e+00 0.000000e+00 0.000000e+00
0.000000e+00 0.000000e+00 0.000000e+00 0.000000e+00 0.000000e+00 0.000000e+00
0.000000e+00 0.000000e+00 0.000000e+00 0.000000e+00 0.000000e+00 0.000000e+00
0.000000e+00 0.000000e+00 0.000000e+00 0.000000e+00 0.000000e+00 0.000000e+00
0.000000e+00 0.000000e+00 0.000000e+00 0.000000e+00 0.000000e+00 0.000000e+00
0.000000e+00 0.000000e+00 0.000000e+00 0.000000e+00 0.000000e+00 0.000000e+00
0.000000e+00 0.000000e+00 0.000000e+00 0.000000e+00 0.000000e+00 0.000000e+00
0.000000e+00 0.000000e+00 0.000000e+00 0.000000e+00 0.000000e+00 0.000000e+00
0.000000e+00 0.000000e+00 0.000000e+00 0.000000e+00 0.000000e+00 0.000000e+00
0.000000e+00 0.000000e+00 0.000000e+00 0.000000e+00 0.000000e+00 0.000000e+00
0.000000e+00 0.000000e+00 0.000000e+00 0.000000e+00 0.000000e+00 0.000000e+00
0.000000e+00 0.000000e+00 0.000000e+00 0.000000e+00 0.000000e+00 0.000000e+00
0.000000e+00 0.000000e+00 0.000000e+00 0.000000e+00 0.000000e+00 0.000000e+00
0.000000e+00 0.000000e+00 0.000000e+00 0.000000e+00 0.000000e+00 0.000000e+00
0.000000e+00 0.000000e+00 0.000000e+00 0.000000e+00 0.000000e+00 0.000000e+00
0.000000e+00 0.000000e+00 0.000000e+00 0.000000e+00 0.000000e+00 0.000000e+00
0.000000e+00 0.000000e+00 0.000000e+00 0.000000e+00 0.000000e+00 0.000000e+00
0.000000e+00 0.000000e+00 0.000000e+00 0.000000e+00 0.000000e+00 0.000000e+00
0.000000e+00 0.000000e+00 0.000000e+00 0.000000e+00 0.000000e+00 0.000000e+00
0.000000e+00 0.000000e+00 0.000000e+00 0.000000e+00 0.000000e+00 0.000000e+00
0.000000e+00 0.000000e+00 0.000000e+00 0.000000e+00 0.000000e+00 0.000000e+00
0.000000e+00 0.000000e+00 0.000000e+00 0.000000e+00 0.000000e+00 0.000000e+00
0.000000e+00 0.000000e+00 0.000000e+00 0.000000e+00 0.000000e+00 0.000000e+00
0.000000e+00 0.000000e+00 0.000000e+00 0.000000e+00 0.000000e+00 0.000000e+00
0.000000e+00 0.000000e+00 0.000000e+00 0.000000e+00 0.000000e+00 0.000000e+00
0.000000e+00 0.000000e+00 0.000000e+00 -3.006335e-14 0.000000e+00 -6.914569e-13
0.000000e+00 0.000000e+00 0.000000e+00 -9.019004e-14 0.000000e+00 -2.735764e-12
0.000000e+00 0.000000e+00 0.000000e+00 -1.202534e-13 0.000000e+00 -6.132922e-12
0.000000e+00 0.000000e+00 0.000000e+00 -1.503167e-13 0.000000e+00 -1.091299e-11
0.000000e+00 0.000000e+00 0.000000e+00 -2.104434e-13 0.000000e+00 -1.842728e-11
0.000000e+00 0.000000e+00 0.000000e+00 -2.705701e-13 0.000000e+00 -2.930554e-11
0.000000e+00 0.000000e+00 0.000000e+00 -6.612641e-13 0.000000e+00 -4.255571e-11
0.000000e+00 0.000000e+00 -1.136868e-13 -2.073982e-12 0.000000e+00 -4.803757e-11
0.000000e+00 0.000000e+00 -2.273737e-13 -4.118031e-12 0.000000e+00 -3.995306e-11
0.000000e+00 0.000000e+00 -3.410605e-13 -6.132016e-12 0.000000e+00 -2.234417e-11
0.000000e+00 0.000000e+00 -3.410605e-13 -8.145483e-12 0.000000e+00 -3.308074e-12
0.000000e+00 0.000000e+00 -3.410605e-13 -9.466975e-12 0.000000e+00 1.029856e-11
0.000000e+00 0.000000e+00 -3.410605e-13 -9.105049e-12 0.000000e+00 2.212638e-11
0.000000e+00 0.000000e+00 -3.410605e-13 -8.051407e-12 0.000000e+00 3.596767e-11
0.000000e+00 0.000000e+00 -3.410605e-13 -7.328073e-12 0.000000e+00 5.428477e-11
0.000000e+00 0.000000e+00 -2.273737e-13 -6.635062e-12 0.000000e+00 7.133051e-11
0.000000e+00 0.000000e+00 -1.136868e-13 -5.972891e-12 0.000000e+00 8.566496e-11
0.000000e+00 0.000000e+00 0.000000e+00 -4.950867e-12 0.000000e+00 1.064686e-10
0.000000e+00 0.000000e+00 1.136868e-13 -3.899556e-12 0.000000e+00 1.401778e-10
0.000000e+00 0.000000e+00 3.410605e-13 -3.179590e-12 0.000000e+00 1.850727e-10
0.000000e+00 0.000000e+00 5.684342e-13 -2.490206e-12 0.000000e+00 2.449172e-10
0.000000e+00 0.000000e+00 9.094947e-13 -3.232661e-12 0.000000e+00 3.224154e-10
0.000000e+00 0.000000e+00 1.477929e-12 -7.048332e-12 0.000000e+00 3.995936e-10
0.000000e+00 0.000000e+00 2.046363e-12 -1.450687e-11 0.000000e+00 4.703144e-10
0.000000e+00 0.000000e+00 2.728484e-12 -2.432649e-11 0.000000e+00 5.386163e-10
-5.684342e-14 0.000000e+00 3.524292e-12 -3.009265e-11 1.588187e-28 5.987963e-10
-1.136868e-13 0.000000e+00 4.433787e-12 -2.498814e-11 3.306968e-13 6.430613e-10
-1.705303e-13 0.000000e+00 5.343281e-12 -6.650193e-12 9.920904e-13 6.723727e-10
-1.705303e-13 0.000000e+00 6.366463e-12 2.150685e-11 1.683547e-12 6.884010e-10
-1.136868e-13 0.000000e+00 7.389644e-12 4.933398e-11 2.044307e-12 6.880818e-10
-5.684342e-14 0.000000e+00 8.412826e-12 6.833293e-11 1.713611e-12 6.707843e-10
5.684342e-14 0.000000e+00 9.436008e-12 7.204647e-11 6.914569e-13 6.300499e-10
1.705303e-13 0.000000e+00 1.034550e-11 5.543880e-11 -6.914569e-13 5.644515e-10
2.273737e-13 0.000000e+00 1.102762e-11 2.322411e-11 -2.735505e-12 4.730075e-10
2.842171e-13 0.000000e+00 1.159606e-11 -1.715831e-11 -4.719168e-12 3.407799e-10
2.273737e-13 0.000000e+00 1.193712e-11 -5.554747e-11 -4.688846e-12 1.520821e-10
1.705303e-13 0.000000e+00 1.205080e-11 -8.070099e-11 -3.335995e-12 -1.117463e-10
5.684342e-14 0.000000e+00 1.170974e-11 -8.717233e-11 -6.004897e-13 -4.663213e-10
-5.684342e-14 0.000000e+00 1.068656e-11 -7.258947e-11 2.796150e-12 -9.011504e-10
-1.705303e-13 0.000000e+00 8.981260e-12 -4.034758e-11 6.162468e-12 -1.402638e-09
-1.705303e-13 0.000000e+00 6.366463e-12 -3.663188e-12 1.018992e-11 -1.952770e-09
-1.705303e-13 0.000000e+00 2.955858e-12 2.693179e-11 1.253408e-11 -2.534520e-09
-1.136868e-13 0.000000e+00 -1.250555e-12 4.492078e-11 1.148161e-11 -3.150638e-09
-5.684342e-14 0.000000e+00 -6.480150e-12 4.559853e-11 7.002687e-12 -3.799803e-09
0.000000e+00 0.000000e+00 -1.261924e-11 3.067460e-11 -1.814163e-13 -4.484283e-09
5.684342e-14 0.000000e+00 -1.989520e-11 4.817880e-12 -7.636090e-12 -5.198314e-09
5.684342e-14 0.000000e+00 -2.830802e-11 -2.243871e-11 -1.340747e-11 -5.910629e-09
0.000000e+00 0.000000e+00 -3.774403e-11 -3.844493e-11 -1.479013e-11 -6.582134e-09
-5.684342e-14 0.000000e+00 -4.808953e-11 -3.506102e-11 -9.679620e-12 -7.175436e-09
-1.136868e-13 0.000000e+00 -5.934453e-11 -1.401580e-11 -1.172470e-12 -7.643599e-09
-1.136868e-13 0.000000e+00 -7.116796e-11 1.623387e-11 6.642963e-12 -7.937334e-09
-1.136868e-13 0.000000e+00 -8.321877e-11 4.715878e-11 1.139194e-11 -8.024003e-09
-5.684342e-14 0.000000e+00 -9.526957e-11 6.890715e-11 1.208262e-11 -7.870989e-09
5.684342e-14 0.000000e+00 -1.068656e-10 7.126999e-11 8.023804e-12 -7.448344e-09
1.705303e-13 0.000000e+00 -1.175522e-10 5.121334e-11 -1.205384e-12 -6.741812e-09
2.273737e-13 0.000000e+00 -1.269882e-10 1.522135e-11 -1.350051e-11 -5.740160e-09
1.705303e-13 0.000000e+00 -1.347189e-10 -2.112529e-11 -2.471285e-11 -4.424346e-09
1.136868e-13 0.000000e+00 -1.401759e-10 -4.663944e-11 -2.910080e-11 -2.780818e-09
5.684342e-14 0.000000e+00 -1.430180e-10 -5.992845e-11 -2.465039e-11 -8.007050e-10
-5.684342e-14 0.000000e+00 -1.426770e-10 -5.718703e-11 -1.478832e-11 1.519089e-09
-1.705303e-13 0.000000e+00 -1.385843e-10 -3.432890e-11 -3.933376e-12 4.156459e-09
-2.273737e-13 0.000000e+00 -1.302851e-10 1.801551e-12 5.568973e-12 7.062741e-09
-1.705303e-13 0.000000e+00 -1.174385e-10 3.518493e-11 1.305656e-11 1.017101e-08
-1.136868e-13 0.000000e+00 -9.981704e-11 5.698657e-11 1.609425e-11 1.340066e-08
0.000000e+00 0.000000e+00 -7.719336e-11 6.242994e-11 1.233685e-11 1.665476e-08
1.136868e-13 0.000000e+00 -4.979483e-11 4.646897e-11 4.850302e-12 1.984090e-08
1.705303e-13 0.000000e+00 -1.762146e-11 1.521782e-11 -3.720342e-12 2.286387e-08
1.705303e-13 0.000000e+00 1.887202e-11 -2.113845e-11 -1.331444e-11 2.562507e-08
1.136868e-13 0.000000e+00 5.923084e-11 -5.276721e-11 -2.116485e-11 2.803371e-08
5.684342e-14 0.000000e+00 1.030003e-10 -7.182292e-11 -2.459467e-11 2.998403e-08
-5.684342e-14 0.000000e+00 1.492708e-10 -7.315020e-11 -2.020697e-11 3.137508e-08
-1.705303e-13 0.000000e+00 1.971330e-10 -5.514829e-11 -6.618858e-12 3.212149e-08
-2.273737e-13 0.000000e+00 2.456773e-10 -2.357020e-11 1.006837e-11 3.213452e-08
-2.842171e-13 0.000000e+00 2.936531e-10 1.723455e-11 2.336000e-11 3.133871e-08
-2.273737e-13 0.000000e+00 3.396963e-10 5.703094e-11 3.009781e-11 2.969973e-08
-1.136868e-13 0.000000e+00 3.826699e-10 8.149039e-11 3.001021e-11 2.720292e-08
0.000000e+00 0.000000e+00 4.213234e-10 8.794261e-11 2.348699e-11 2.384599e-08
1.136868e-13 0.000000e+00 4.542926e-10 7.739025e-11 1.221934e-11 1.965681e-08
2.273737e-13 0.000000e+00 4.803269e-10 4.915241e-11 -3.884287e-13 1.469788e-08
2.842171e-13 0.000000e+00 4.984031e-10 8.388878e-12 -1.028620e-11 9.057267e-09
2.273737e-13 0.000000e+00 5.076117e-10 -3.203444e-11 -1.234003e-11 2.835224e-09
1.705303e-13 0.000000e+00 5.069296e-10 -6.232291e-11 -6.223773e-12 -3.821353e-09
5.684342e-14 0.000000e+00 4.961294e-10 -7.562070e-11 2.278713e-12 -1.074074e-08
-5.684342e-14 0.000000e+00 4.747562e-10 -6.808505e-11 1.118454e-11 -1.773772e-08
-1.705303e-13 0.000000e+00 4.429239e-10 -4.186128e-11 2.145548e-11 -2.459506e-08
-2.273737e-13 0.000000e+00 4.009735e-10 -3.485590e-12 2.997183e-11 -3.108427e-08
-1.705303e-13 0.000000e+00 3.497007e-10 3.148940e-11 3.407938e-11 -3.697891e-08
-1.136868e-13 0.000000e+00 2.900151e-10 5.052352e-11 2.972543e-11 -4.206178e-08
-5.684342e-14 0.000000e+00 2.235083e-10 5.259882e-11 1.345139e-11 -4.614898e-08
0.000000e+00 0.000000e+00 1.516582e-10 4.068389e-11 -1.239935e-11 -4.908613e-08
5.684342e-14 0.000000e+00 7.628387e-11 1.649693e-11 -3.994538e-11 -5.073253e-08
5.684342e-14 -1.136868e-13 -4.547474e-13 -1.450420e-11 -5.457655e-11 -5.098859e-08
5.684342e-14 -2.273737e-13 -7.662493e-11 -4.551361e-11 -4.643699e-11 -4.977509e-08
0.000000e+00 -3.410605e-13 -1.498393e-10 -7.136707e-11 -1.278887e-11 -4.703118e-08
-1.136868e-13 -3.410605e-13 -2.178240e-10 -8.427934e-11 4.257175e-11 -4.272902e-08
-2.273737e-13 -2.273737e-13 -2.780780e-10 -7.915076e-11 1.019971e-10 -3.688331e-08
-3.410605e-13 -1.136868e-13 -3.284413e-10 -5.597928e-11 1.502321e-10 -2.955425e-08
-3.979039e-13 1.136868e-13 -3.667537e-10 -2.298236e-11 1.754017e-10 -2.083868e-08
-4.547474e-13 3.410605e-13 -3.909690e-10 1.197578e-11 1.638752e-10 -1.088453e-08
-4.547474e-13 5.684342e-13 -3.994955e-10 4.559312e-11 1.108485e-10 1.212003e-10
-3.979039e-13 6.821210e-13 -3.906280e-10 7.109947e-11 2.553708e-11 1.193147e-08
-2.842171e-13 5.684342e-13 -3.636842e-10 8.062516e-11 -6.420281e-11 2.425833e-08
-1.705303e-13 3.410605e-13 -3.178684e-10 7.279875e-11 -1.287928e-10 3.679142e-08
-5.684342e-14 1.136868e-13 -2.532943e-10 5.344618e-11 -1.607529e-10 4.919459e-08
0.000000e+00 -1.136868e-13 -1.703029e-10 3.102199e-11 -1.600756e-10 6.112553e-08
5.684342e-14 -3.410605e-13 -6.991741e-11 9.568580e-12 -1.243637e-10 7.223658e-08
5.684342e-14 -5.684342e-13 4.638423e-11 -6.414749e-12 -5.673340e-11 8.217980e-08
5.684342e-14 -5.684342e-13 1.765557e-10 -1.321240e-11 2.380685e-11 9.060826e-08
5.684342e-14 -4.547474e-13 3.180958e-10 -1.351289e-11 9.181145e-11 9.717635e-08
5.684342e-14 -3.410605e-13 4.680487e-10 -1.242765e-11 1.417539e-10 1.015270e-07
5.684342e-14 -1.136868e-13 6.227765e-10 -1.481052e-11 1.679361e-10 1.033126e-07
5.684342e-14 1.136868e-13 7.780727e-10 -2.334624e-11 1.608568e-10 1.022151e-07
0.000000e+00 3.410605e-13 9.295036e-10 -3.693246e-11 1.258291e-10 9.793117e-08
-5.684342e-14 5.684342e-13 1.071953e-09 -4.983004e-11 6.942854e-11 9.018573e-08
-1.136868e-13 6.821210e-13 1.200078e-09 -5.835904e-11 -2.256669e-12 7.875296e-08
-2.273737e-13 5.684342e-13 1.308194e-09 -5.740140e-11 -6.779590e-11 6.345216e-08
-3.410605e-13 4.547474e-13 1.390390e-09 -3.908524e-11 -1.149742e-10 4.416485e-08
-3.979039e-13 2.273737e-13 1.440640e-09 -1.680953e-12 -1.391147e-10 2.085064e-08
-3.410605e-13 0.000000e+00 1.452918e-09 4.522711e-11 -1.377792e-10 -6.443170e-09
-2.273737e-13 -2.273737e-13 1.421313e-09 8.874555e-11 -1.187513e-10 -3.756451e-08
-5.684342e-14 -4.547474e-13 1.340140e-09 1.183426e-10 -8.305817e-11 -7.223061e-08
1.136868e-13 -5.684342e-13 1.204512e-09 1.244639e-10 -3.446737e-11 -1.100367e-07
2.842171e-13 -5.684342e-13 1.009994e-09 1.010465e-10 1.787818e-11 -1.504559e-07
3.979039e-13 -5.684342e-13 7.531753e-10 4.876670e-11 6.918248e-11 -1.928243e-07
3.979039e-13 -4.547474e-13 4.315552e-10 -1.750352e-11 1.143550e-10 -2.363396e-07
3.410605e-13 -2.273737e-13 4.422418e-11 -7.937370e-11 1.395406e-10 -2.800685e-07
1.705303e-13 0.000000e+00 -4.085905e-10 -1.218395e-10 1.344869e-10 -3.229457e-07
0.000000e+00 2.273737e-13 -9.246151e-10 -1.360940e-10 1.001320e-10 -3.637837e-07
-2.273737e-13 3.410605e-13 -1.499984e-09 -1.156986e-10 4.844764e-11 -4.012937e-07
-3.410605e-13 4.547474e-13 -2.128559e-09 -6.712172e-11 -1.265934e-11 -4.341044e-07
-3.979039e-13 4.547474e-13 -2.802381e-09 -9.372906e-12 -7.781565e-11 -4.607856e-07
-3.410605e-13 3.410605e-13 -3.510991e-09 4.227672e-11 -1.297628e-10 -4.798784e-07
-2.273737e-13 1.136868e-13 -4.242111e-09 7.320599e-11 -1.514816e-10 -4.899293e-07
-1.136868e-13 -1.136868e-13 -4.980848e-09 7.999408e-11 -1.344695e-10 -4.895477e-07
0.000000e+00 -3.410605e-13 -5.710717e-09 6.571538e-11 -8.249772e-11 -4.774589e-07
1.136868e-13 -4.547474e-13 -6.413302e-09 3.586857e-11 -1.488130e-11 -4.525396e-07
1.705303e-13 -4.547474e-13 -7.068479e-09 2.618742e-12 4.596562e-11 -4.139071e-07
1.705303e-13 -3.410605e-13 -7.655103e-09 -2.352498e-11 8.193565e-11 -3.609799e-07
1.136868e-13 -2.273737e-13 -8.151460e-09 -3.404465e-11 8.793243e-11 -2.935120e-07
5.684342e-14 -1.136868e-13 -8.535721e-09 -2.619983e-11 7.185605e-11 -2.116398e-07
0.000000e+00 0.000000e+00 -8.786401e-09 -6.450204e-12 4.395025e-11 -1.159377e-07
0.000000e+00 1.136868e-13 -8.883489e-09 1.327964e-11 9.963507e-12 -7.441932e-09
0.000000e+00 1.136868e-13 -8.808684e-09 2.045904e-11 -1.891178e-11 1.123362e-07
5.684342e-14 1.136868e-13 -8.546408e-09 6.874333e-12 -2.941063e-11 2.414042e-07
5.684342e-14 1.136868e-13 -8.084498e-09 -2.340983e-11 -2.049032e-11 3.773074e-07
0.000000e+00 1.136868e-13 -7.414542e-09 -5.536870e-11 9.570042e-13 5.171378e-07
-5.684342e-14 1.136868e-13 -6.533128e-09 -7.786001e-11 2.442260e-11 6.575849e-07
-1.705303e-13 1.136868e-13 -5.441848e-09 -7.962759e-11 4.147927e-11 7.950067e-07
-2.842171e-13 2.273737e-13 -4.148205e-09 -5.176684e-11 3.604952e-11 9.255158e-07
-2.842171e-13 2.273737e-13 -2.665388e-09 -3.499237e-12 2.062841e-12 1.045075e-06
-2.273737e-13 2.273737e-13 -1.012950e-09 4.686253e-11 -5.127788e-11 1.149614e-06
-1.136868e-13 1.136868e-13 7.834160e-10 8.465475e-11 -1.053306e-10 1.235182e-06
0.000000e+00 0.000000e+00 2.692559e-09 1.009482e-10 -1.420312e-10 1.298059e-06
1.705303e-13 -2.273737e-13 4.677645e-09 8.731279e-11 -1.468127e-10 1.334899e-06
2.842171e-13 -4.547474e-13 6.697292e-09 4.351480e-11 -1.033814e-10 1.342876e-06
2.842171e-13 -5.684342e-13 8.706252e-09 -1.285470e-11 -1.575285e-11 1.319806e-06
2.273737e-13 -4.547474e-13 1.065666e-08 -6.176940e-11 8.857522e-11 1.264253e-06
5.684342e-14 -2.273737e-13 1.249907e-08 -8.483266e-11 1.736131e-10 1.175627e-06
-5.684342e-14 0.000000e+00 1.418357e-08 -7.734329e-11 2.212772e-10 1.054291e-06
-1.705303e-13 3.410605e-13 1.566184e-08 -4.503064e-11 2.199609e-10 9.016147e-07
-1.705303e-13 6.821210e-13 1.688841e-08 1.956917e-12 1.553761e-10 7.199744e-07
-1.136868e-13 7.958079e-13 1.782178e-08 4.348046e-11 4.117691e-11 5.127656e-07
-5.684342e-14 7.958079e-13 1.842670e-08 6.827928e-11 -9.272700e-11 2.843559e-07
5.684342e-14 5.684342e-13 1.867488e-08 7.130430e-11 -2.131204e-10 3.997731e-08
1.705303e-13 1.136868e-13 1.854653e-08 5.191366e-11 -2.801346e-10 -2.143794e-07
2.273737e-13 -3.410605e-13 1.803164e-08 2.132514e-11 -2.723250e-10 -4.721560e-07
2.842171e-13 -7.958079e-13 1.712999e-08 -1.159974e-11 -1.883775e-10 -7.264137e-07
2.842171e-13 -9.094947e-13 1.585238e-08 -3.975497e-11 -5.512259e-11 -9.700370e-07
2.273737e-13 -9.094947e-13 1.421995e-08 -5.500966e-11 8.460221e-11 -1.195965e-06
1.705303e-13 -6.821210e-13 1.226442e-08 -5.840195e-11 1.981245e-10 -1.397395e-06
5.684342e-14 -2.273737e-13 1.002775e-08 -5.199147e-11 2.514668e-10 -1.568045e-06
0.000000e+00 1.136868e-13 7.560402e-09 -3.773743e-11 2.398988e-10 -1.702383e-06
-5.684342e-14 4.547474e-13 4.920707e-09 -2.006684e-11 1.790485e-10 -1.795836e-06
-1.136868e-13 5.684342e-13 2.172897e-09 6.322214e-13 8.826813e-11 -1.844971e-06
-1.136868e-13 5.684342e-13 -6.142500e-10 2.404569e-11 -1.134577e-12 -1.847676e-06
-5.684342e-14 4.547474e-13 -3.370019e-09 4.812185e-11 -6.673866e-11 -1.803279e-06
0.000000e+00 3.410605e-13 -6.024038e-09 7.153883e-11 -1.014643e-10 -1.712582e-06
1.136868e-13 2.273737e-13 -8.507755e-09 8.890333e-11 -1.127088e-10 -1.577883e-06
2.273737e-13 1.136868e-13 -1.075762e-08 9.238551e-11 -1.075997e-10 -1.402929e-06
3.410605e-13 0.000000e+00 -1.271644e-08 7.848878e-11 -8.958213e-11 -1.192784e-06
4.547474e-13 -1.136868e-13 -1.433591e-08 4.346486e-11 -6.203906e-11 -9.536762e-07
4.547474e-13 -2.273737e-13 -1.557748e-08 -7.819788e-12 -2.872710e-11 -6.927894e-07
3.979039e-13 -2.273737e-13 -1.641433e-08 -6.015562e-11 3.190099e-12 -4.180207e-07
2.273737e-13 -2.273737e-13 -1.683156e-08 -9.489338e-11 3.000770e-11 -1.377110e-07
5.684342e-14 -2.273737e-13 -1.682747e-08 -9.795800e-11 5.339256e-11 1.396451e-07
-1.136868e-13 -1.136868e-13 -1.641274e-08 -6.564207e-11 6.826056e-11 4.057009e-07
-1.705303e-13 0.000000e+00 -1.561045e-08 -1.026217e-11 7.164314e-11 6.525409e-07
-1.136868e-13 1.136868e-13 -1.445517e-08 4.309345e-11 6.620880e-11 8.729659e-07
0.000000e+00 2.273737e-13 -1.299156e-08 7.334603e-11 5.195116e-11 1.060750e-06
1.136868e-13 3.410605e-13 -1.127285e-08 6.822910e-11 2.716138e-11 1.210870e-06
2.273737e-13 3.410605e-13 -9.358928e-09 2.640013e-11 -4.752924e-12 1.319701e-06
2.273737e-13 3.410605e-13 -7.313815e-09 -3.848838e-11 -3.966835e-11 1.385132e-06
1.136868e-13 2.273737e-13 -5.203560e-09 -1.020280e-10 -7.663112e-11 1.406603e-06
-1.136868e-13 1.136868e-13 -3.093987e-09 -1.360334e-10 -1.129804e-10 1.385125e-06
-3.410605e-13 0.000000e+00 -1.048079e-09 -1.210267e-10 -1.462885e-10 1.323203e-06
-4.547474e-13 -2.273737e-13 8.757297e-10 -5.978008e-11 -1.636018e-10 1.224711e-06
-5.115908e-13 -4.547474e-13 2.626052e-09 3.338214e-11 -1.480142e-10 1.094706e-06
-3.979039e-13 -6.821210e-13 4.159915e-09 1.340264e-10 -9.233879e-11 9.391754e-07
-1.136868e-13 -6.821210e-13 5.443667e-09 2.041298e-10 -9.766361e-12 7.647924e-07
2.273737e-13 -5.684342e-13 6.454343e-09 2.153699e-10 7.554278e-11 5.786326e-07
5.684342e-13 -3.410605e-13 7.179665e-09 1.578628e-10 1.431787e-10 3.878682e-07
7.389644e-13 -1.136868e-13 7.618041e-09 4.262956e-11 1.795663e-10 1.995005e-07
6.821210e-13 1.136868e-13 7.778226e-09 -9.433789e-11 1.806470e-10 2.008856e-08
4.547474e-13 3.410605e-13 7.678295e-09 -2.109531e-10 1.446079e-10 -1.444967e-07
5.684342e-14 5.684342e-13 7.344624e-09 -2.674422e-10 7.013345e-11 -2.892796e-07
-3.410605e-13 5.684342e-13 6.810410e-09 -2.430097e-10 -1.927300e-11 -4.103630e-07
-6.252776e-13 4.547474e-13 6.113623e-09 -1.440940e-10 -9.100277e-11 -5.050318e-07
-7.389644e-13 3.410605e-13 5.295419e-09 3.126272e-12 -1.378893e-10 -5.717914e-07
-6.252776e-13 1.136868e-13 4.398316e-09 1.551473e-10 -1.535426e-10 -6.103729e-07
-2.842171e-13 -1.136868e-13 3.464379e-09 2.684231e-10 -1.321746e-10 -6.216865e-07
1.705303e-13 -3.410605e-13 2.533284e-09 3.112817e-10 -7.880632e-11 -6.077042e-07
6.252776e-13 -4.547474e-13 1.641297e-09 2.684246e-10 -8.094185e-12 -5.713233e-07
9.663381e-13 -4.547474e-13 8.193410e-10 1.494607e-10 5.376089e-11 -5.161768e-07
1.080025e-12 -3.410605e-13 9.265477e-11 -1.233126e-11 8.602700e-11 -4.464042e-07
9.663381e-13 -2.273737e-13 -5.200036e-10 -1.731299e-10 8.805397e-11 -3.664566e-07
5.684342e-13 -1.136868e-13 -1.006811e-09 -2.866490e-10 6.867172e-11 -2.808729e-07
5.684342e-14 0.000000e+00 -1.362650e-09 -3.199494e-10 3.770363e-11 -1.940616e-07
-3.979039e-13 0.000000e+00 -1.588887e-09 -2.686051e-10 1.492399e-11 -1.101160e-07
-7.389644e-13 0.000000e+00 -1.692911e-09 -1.523050e-10 1.254718e-11 -3.263890e-08
-8.526513e-13 0.000000e+00 -1.686885e-09 -8.123731e-12 2.818449e-11 3.538221e-08
-7.389644e-13 0.000000e+00 -1.586841e-09 1.196739e-10 5.980666e-11 9.163155e-08
-5.115908e-13 1.136868e-13 -1.411991e-09 1.995423e-10 9.283945e-11 1.345260e-07
-1.705303e-13 2.273737e-13 -1.183253e-09 2.145152e-10 1.106485e-10 1.632445e-07
1.705303e-13 3.410605e-13 -9.222276e-10 1.624735e-10 1.069884e-10 1.776918e-07
3.410605e-13 4.547474e-13 -6.501750e-10 6.932540e-11 7.503508e-11 1.784450e-07
3.979039e-13 5.684342e-13 -3.869900e-10 -2.929327e-11 1.421721e-11 1.666743e-07
2.842171e-13 5.684342e-13 -1.502940e-10 -1.010547e-10 -6.429215e-11 1.440187e-07
5.684342e-14 3.410605e-13 4.501999e-11 -1.214201e-10 -1.322209e-10 1.124532e-07
-1.136868e-13 1.136868e-13 1.871285e-10 -9.249408e-11 -1.698753e-10 7.417315e-08
-1.705303e-13 -1.136868e-13 2.676188e-10 -3.840373e-11 -1.790585e-10 3.146574e-08
-1.705303e-13 -3.410605e-13 2.814886e-10 1.570494e-11 -1.613795e-10 -1.340136e-08
-1.136868e-13 -5.684342e-13 2.273737e-10 5.211698e-11 -1.141334e-10 -5.829663e-08
-5.684342e-14 -7.958079e-13 1.066383e-10 6.160181e-11 -3.834374e-11 -1.013161e-07
5.684342e-14 -7.958079e-13 -7.662493e-11 4.016076e-11 4.695708e-11 -1.408203e-07
5.684342e-14 -5.684342e-13 -3.159357e-10 -4.342072e-12 1.118647e-10 -1.754825e-07
0.000000e+00 -4.547474e-13 -6.031087e-10 -5.834852e-11 1.557517e-10 -2.043107e-07
-1.705303e-13 -2.273737e-13 -9.289352e-10 -1.083176e-10 1.891169e-10 -2.266094e-07
-3.979039e-13 0.000000e+00 -1.283070e-09 -1.413411e-10 2.089083e-10 -2.419597e-07
-6.252776e-13 3.410605e-13 -1.654826e-09 -1.539730e-10 2.066104e-10 -2.502009e-07
-8.526513e-13 6.821210e-13 -2.033630e-09 -1.478865e-10 1.726625e-10 -2.513776e-07
-1.080025e-12 9.094947e-13 -2.409024e-09 -1.250994e-10 1.067587e-10 -2.456864e-07
-1.250555e-12 9.094947e-13 -2.770776e-09 -8.871507e-11 1.912403e-11 -2.334484e-07
-1.307399e-12 7.958079e-13 -3.109335e-09 -5.029510e-11 -7.500426e-11 -2.150723e-07
-1.364242e-12 5.684342e-13 -3.415948e-09 -1.735004e-11 -1.623666e-10 -1.909873e-07
-1.364242e-12 2.273737e-13 -3.682317e-09 7.105334e-12 -2.276287e-10 -1.616152e-07
-1.364242e-12 -1.136868e-13 -3.900709e-09 2.243254e-11 -2.575686e-10 -1.273614e-07
-1.307399e-12 -4.547474e-13 -4.064304e-09 2.687009e-11 -2.416551e-10 -8.858403e-08
-1.250555e-12 -7.958079e-13 -4.166509e-09 1.734593e-11 -1.682829e-10 -4.559806e-08
-1.250555e-12 -9.094947e-13 -4.201183e-09 3.383359e-12 -5.101081e-11 1.279312e-09
-1.250555e-12 -9.094947e-13 -4.162644e-09 -3.436761e-12 8.258543e-11 5.168961e-08
-1.250555e-12 -6.821210e-13 -4.046001e-09 1.022040e-11 2.076482e-10 1.052163e-07
-1.250555e-12 -2.273737e-13 -3.846935e-09 6.128283e-11 2.837220e-10 1.613537e-07
-1.080025e-12 2.273737e-13 -3.561922e-09 1.544976e-10 2.826957e-10 2.194572e-07
-7.958079e-13 6.821210e-13 -3.188461e-09 2.844796e-10 2.005236e-10 2.787053e-07
-2.273737e-13 9.094947e-13 -2.725756e-09 4.371522e-10 5.649006e-11 3.381148e-07
5.684342e-13 9.094947e-13 -2.174147e-09 5.942156e-10 -1.103813e-10 3.965357e-07
1.591616e-12 6.821210e-13 -1.536137e-09 7.387283e-10 -2.596005e-10 4.526488e-07
2.785328e-12 2.273737e-13 -8.162715e-10 8.614575e-10 -3.506908e-10 5.050047e-07
4.149570e-12 -3.410605e-13 -2.114575e-11 9.651267e-10 -3.544722e-10 5.520406e-07
5.627498e-12 -9.094947e-13 8.399184e-10 1.060600e-09 -2.648017e-10 5.921313e-07
7.275958e-12 -1.136868e-12 1.755325e-09 1.159138e-09 -1.098506e-10 6.236425e-07
9.094947e-12 -1.136868e-12 2.710863e-09 1.264514e-09 6.042651e-11 6.449933e-07
1.102762e-11 -9.094947e-13 3.690275e-09 1.379079e-09 2.008133e-10 6.547117e-07
1.318767e-11 -4.547474e-13 4.674916e-09 1.491955e-09 2.780335e-10 6.514966e-07
1.546141e-11 0.000000e+00 5.644665e-09 1.579360e-09 2.797738e-10 6.342826e-07
1.790568e-11 4.547474e-13 6.577807e-09 1.612703e-09 2.131133e-10 6.022967e-07
2.034994e-11 6.821210e-13 7.451604e-09 1.563722e-09 1.080535e-10 5.551376e-07
2.262368e-11 6.821210e-13 8.243319e-09 1.418872e-09 1.087103e-11 4.928094e-07
2.455636e-11 5.684342e-13 8.930101e-09 1.183917e-09 -4.814420e-11 4.157660e-07
2.609113e-11 4.547474e-13 9.490577e-09 8.693840e-10 -6.671412e-11 3.249266e-07
2.711431e-11 3.410605e-13 9.904852e-09 4.865170e-10 -5.545855e-11 2.216556e-07
2.756906e-11 2.273737e-13 1.015553e-08 4.583572e-11 -2.894174e-11 1.077576e-07
2.728484e-11 2.273737e-13 1.022818e-08 -4.474876e-10 -8.859428e-12 -1.456077e-08
2.620482e-11 2.273737e-13 1.011188e-08 -9.965419e-10 -1.091815e-11 -1.427213e-07
2.427214e-11 2.273737e-13 9.800033e-09 -1.620754e-09 -4.050965e-11 -2.738339e-07
2.131628e-11 1.136868e-13 9.290375e-09 -2.343569e-09 -8.979681e-11 -4.047635e-07
1.722356e-11 0.000000e+00 8.585630e-09 -3.181987e-09 -1.421813e-10 -5.322136e-07
1.176659e-11 -2.273737e-13 7.693643e-09 -4.131921e-09 -1.775918e-10 -6.528435e-07
4.831691e-12 -4.547474e-13 6.627033e-09 -5.165497e-09 -1.786954e-10 -7.633575e-07
-3.694822e-12 -6.821210e-13 5.403535e-09 -6.237478e-09 -1.423850e-10 -8.606074e-07
-1.386979e-11 -9.094947e-13 4.045205e-09 -7.280235e-09 -7.102369e-11 -9.416872e-07
-2.552270e-11 -9.094947e-13 2.578417e-09 -8.225432e-09 1.123577e-11 -1.004023e-06
-3.853984e-11 -7.958079e-13 1.033186e-09 -9.013247e-09 7.374496e-11 -1.045470e-06
-5.258016e-11 -6.821210e-13 -5.578613e-10 -9.596371e-09 1.097865e-10 -1.064370e-06
-6.730261e-11 -5.684342e-13 -2.159823e-09 -9.955417e-09 1.237840e-10 -1.059604e-06
-8.242296e-11 -3.410605e-13 -3.736659e-09 -1.008536e-08 1.136076e-10 -1.030651e-06
-9.754331e-11 -2.273737e-13 -5.251877e-09 -9.983725e-09 9.116599e-11 -9.776224e-07
-1.123226e-10 -1.136868e-13 -6.669552e-09 -9.646070e-09 7.723848e-11 -9.013184e-07
-1.264766e-10 0.000000e+00 -7.955805e-09 -9.044575e-09 7.893198e-11 -8.032230e-07
-1.394937e-10 1.136868e-13 -9.079258e-09 -8.137065e-09 9.629764e-11 -6.854648e-07
-1.509193e-10 2.273737e-13 -1.001217e-08 -6.879701e-09 1.228820e-10 -5.507955e-07
-1.601848e-10 4.547474e-13 -1.073158e-08 -5.228939e-09 1.443703e-10 -4.025159e-07
-1.666649e-10 6.821210e-13 -1.121975e-08 -3.157616e-09 1.393619e-10 -2.443755e-07
-1.696776e-10 9.094947e-13 -1.146475e-08 -6.647851e-10 9.728732e-11 -8.047672e-08
-1.686544e-10 1.023182e-12 -1.146122e-08 2.218357e-09 2.218887e-11 8.486307e-08
-1.630269e-10 9.094947e-13 -1.121020e-08 5.433701e-09 -6.415984e-11 2.472454e-07
-1.523972e-10 6.821210e-13 -1.071953e-08 8.900974e-09 -1.338329e-10 4.023223e-07
-1.363674e-10 4.547474e-13 -1.000330e-08 1.251648e-08 -1.763299e-10 5.459348e-07
-1.148805e-10 2.273737e-13 -9.081759e-09 1.616567e-08 -1.896086e-10 6.742258e-07
-8.787993e-11 -1.136868e-13 -7.980589e-09 1.973025e-08 -1.665285e-10 7.837574e-07
-5.564971e-11 -3.410605e-13 -6.730488e-09 2.308982e-08 -1.148978e-10 8.716426e-07
-1.858780e-11 -5.684342e-13 -5.365678e-09 2.613248e-08 -5.030772e-11 9.356332e-07
2.279421e-11 -6.821210e-13 -3.923560e-09 2.874538e-08 1.492819e-11 9.742021e-07
6.770051e-11 -6.821210e-13 -2.443016e-09 3.082043e-08 6.347598e-11 9.866174e-07
1.152785e-10 -5.684342e-13 -9.636096e-10 3.225593e-08 8.520977e-11 9.729700e-07
1.644480e-10 -4.547474e-13 4.760068e-10 3.295502e-08 8.317322e-11 9.341729e-07
2.141292e-10 -3.410605e-13 1.838998e-09 3.282860e-08 7.059426e-11 8.719307e-07
2.629577e-10 -2.273737e-13 3.091827e-09 3.180247e-08 6.480192e-11 7.886641e-07
3.095124e-10 -1.136868e-13 4.205049e-09 2.983009e-08 7.906486e-11 6.874087e-07
3.524292e-10 0.000000e+00 5.154106e-09 2.688909e-08 1.131010e-10 5.717187e-07
3.902301e-10 1.136868e-13 5.920128e-09 2.298562e-08 1.583973e-10 4.455310e-07
4.214371e-10 3.410605e-13 6.490609e-09 1.816070e-08 1.948270e-10 3.130009e-07
4.446861e-10 6.821210e-13 6.859182e-09 1.248981e-08 1.910831e-10 1.783633e-07
4.588969e-10 1.023182e-12 7.025733e-09 6.072988e-09 1.231025e-10 4.581486e-08
4.629328e-10 1.136868e-12 6.996515e-09 -9.609735e-10 -1.966789e-12 -8.062956e-08
4.560547e-10 1.023182e-12 6.783694e-09 -8.448102e-09 -1.519223e-10 -1.972847e-07
4.376375e-10 6.821210e-13 6.404548e-09 -1.618948e-08 -2.841511e-10 -3.009249e-07
4.075105e-10 1.136868e-13 5.880906e-09 -2.395604e-08 -3.521098e-10 -3.888909e-07
3.657874e-10 -4.547474e-13 5.237894e-09 -3.150091e-08 -3.330686e-10 -4.591541e-07
3.130367e-10 -9.094947e-13 4.503477e-09 -3.857355e-08 -2.307109e-10 -5.103825e-07
2.501110e-10 -1.136868e-12 3.706759e-09 -4.493185e-08 -6.956170e-11 -5.419680e-07
1.782610e-10 -1.136868e-12 2.877528e-09 -5.035307e-08 1.095858e-10 -5.540163e-07
9.902124e-11 -9.094947e-13 2.044658e-09 -5.464417e-08 2.635622e-10 -5.473239e-07
1.426770e-11 -4.547474e-13 1.235549e-09 -5.764846e-08 3.522951e-10 -5.233183e-07
-7.395329e-11 1.136868e-13 4.747562e-10 -5.925359e-08 3.424575e-10 -4.839678e-07
-1.635385e-10 6.821210e-13 -2.163461e-10 -5.938308e-08 2.227961e-10 -4.316744e-07
-2.521574e-10 9.094947e-13 -8.203642e-10 -5.799245e-08 2.972229e-11 -3.691708e-07
-3.375362e-10 7.958079e-13 -1.323997e-09 -5.506605e-08 -1.698008e-10 -2.994126e-07
-4.173444e-10 4.547474e-13 -1.718604e-09 -5.062431e-08 -3.132381e-10 -2.254611e-07
-4.894218e-10 -1.136868e-13 -2.000320e-09 -4.472567e-08 -3.532910e-10 -1.503359e-07
-5.515517e-10 -6.821210e-13 -2.169600e-09 -3.747689e-08 -2.692861e-10 -7.689191e-08
-6.018581e-10 -1.023182e-12 -2.231104e-09 -2.904154e-08 -8.544300e-11 -7.717750e-09
-6.386358e-10 -1.023182e-12 -2.192905e-09 -1.963820e-08 1.375024e-10 5.494691e-08
-6.606911e-10 -6.821210e-13 -2.066258e-09 -9.534723e-09 3.298756e-10 1.092729e-07
-6.672281e-10 -1.136868e-13 -1.865033e-09 9.753361e-10 4.318114e-10 1.539085e-07
-6.577920e-10 5.684342e-13 -1.604462e-09 1.157476e-08 4.096770e-10 1.879931e-07
-6.325536e-10 1.023182e-12 -1.301032e-09 2.193891e-08 2.740008e-10 2.111557e-07
-5.920242e-10 1.364242e-12 -9.709993e-10 3.175671e-08 6.218642e-11 2.234787e-07
-5.372840e-10 1.250555e-12 -6.305072e-10 4.073912e-08 -1.584531e-10 2.254471e-07
-4.698109e-10 9.094947e-13 -2.945626e-10 4.863487e-08 -3.141455e-10 2.179224e-07
-3.914238e-10 3.410605e-13 2.330580e-11 5.523362e-08 -3.627612e-10 2.020830e-07
-3.041123e-10 -2.273737e-13 3.116156e-10 6.035984e-08 -2.933958e-10 1.793551e-07
-2.103206e-10 -5.684342e-13 5.612719e-10 6.388396e-08 -1.386401e-10 1.513270e-07
-1.124363e-10 -6.821210e-13 7.655672e-10 6.571628e-08 4.463598e-11 1.196625e-07
-1.313083e-11 -4.547474e-13 9.202950e-10 6.581325e-08 1.911192e-10 8.602948e-08
8.503775e-11 0.000000e+00 1.023636e-09 6.418606e-08 2.471812e-10 5.203161e-08
1.794547e-10 3.410605e-13 1.076387e-09 6.089529e-08 2.030177e-10 1.910564e-08
2.677325e-10 5.684342e-13 1.080934e-09 5.604966e-08 8.268852e-11 -1.152294e-08
3.475975e-10 5.684342e-13 1.041712e-09 4.981271e-08 -6.860205e-11 -3.886788e-08
4.171170e-10 3.410605e-13 9.642918e-10 4.239161e-08 -1.906478e-10 -6.222761e-08
4.747562e-10 -1.136868e-13 8.550387e-10 3.401339e-08 -2.294418e-10 -8.115964e-08
5.192078e-10 -4.547474e-13 7.207746e-10 2.492796e-08 -1.710538e-10 -9.545193e-08
5.495622e-10 -5.684342e-13 5.686616e-10 1.540767e-08 -4.498722e-11 -1.051092e-07
5.654215e-10 -5.684342e-13 4.054073e-10 5.731658e-09 1.127758e-10 -1.103056e-07
5.667289e-10 -3.410605e-13 2.377192e-10 -3.822602e-09 2.522163e-10 -1.113588e-07
5.539391e-10 1.136868e-13 7.139533e-11 -1.298754e-08 3.124681e-10 -1.087111e-07
5.277343e-10 5.684342e-13 -8.833467e-11 -2.150539e-08 2.615272e-10 -1.028883e-07
4.894218e-10 7.958079e-13 -2.372644e-10 -2.914437e-08 1.167195e-10 -9.446976e-08
4.403660e-10 9.094947e-13 -3.717560e-10 -3.570864e-08 -8.422181e-11 -8.407706e-08
3.823288e-10 6.821210e-13 -4.894218e-10 -4.103226e-08 -2.858554e-10 -7.234153e-08
3.172431e-10 1.136868e-13 -5.886704e-10 -4.499418e-08 -4.160632e-10 -5.985289e-08
2.473257e-10 -5.684342e-13 -6.689334e-10 -4.753256e-08 -4.262757e-10 -4.712513e-08
1.746798e-10 -1.250555e-12 -7.300969e-10 -4.864163e-08 -3.008527e-10 -3.456726e-08
1.014087e-10 -1.591616e-12 -7.726157e-10 -4.835663e-08 -7.484582e-11 -2.248286e-08
2.961542e-11 -1.477929e-12 -7.975132e-10 -4.675993e-08 1.743215e-10 -1.105918e-08
-3.888090e-11 -1.023182e-12 -8.058123e-10 -4.396886e-08 3.708567e-10 -3.829694e-10
-1.023182e-10 -3.410605e-13 -7.986500e-10 -4.012918e-08 4.613164e-10 9.528864e-09
-1.592753e-10 3.410605e-13 -7.771632e-10 -3.541428e-08 4.263171e-10 1.870115e-08
-2.086153e-10 9.094947e-13 -7.424887e-10 -3.000579e-08 2.821417e-10 2.716594e-08
-2.493721e-10 1.250555e-12 -6.956498e-10 -2.409856e-08 7.205114e-11 3.494297e-08
-2.809202e-10 1.136868e-12 -6.376695e-10 -1.790401e-08 -1.360006e-10 4.202217e-08
-3.030323e-10 7.958079e-13 -5.696847e-10 -1.163092e-08 -2.780838e-10 4.835678e-08
-3.157652e-10 2.273737e-13 -4.927188e-10 -5.470414e-09 -3.143929e-10 5.386113e-08
-3.194032e-10 -2.273737e-13 -4.081357e-10 4.018183e-10 -2.470486e-10 5.842441e-08
-3.145146e-10 -4.547474e-13 -3.174137e-10 5.820850e-09 -1.198892e-10 6.192747e-08
