0.000000e+00 0.000000e+00 0.000000e+00 0.000000e+00 0.000000e+00 0.000000e+00
0.000000e+00 0.000000e+00 0.000000e+00 0.000000e+00 0.000000e+00 0.000000e+00
0.000000e+00 0.000000e+00 0.000000e+00 0.000000e+00 0.000000e+00 0.000000e+00
0.000000e+00 0.000000e+00 0.000000e+00 0.000000e+00 0.000000e+00 0.000000e+00
0.000000e+00 0.000000e+00 0.000000e+00 0.000000e+00 0.000000e+00 0.000000e+00
0.000000e+00 0.000000e+00 0.000000e+00 0.000000e+00 0.000000e+00 0.000000e+00
0.000000e+00 0.000000e+00 0.000000e+00 0.000000e+00 0.000000e+00 0.000000e+00
0.000000e+00 0.000000e+00 0.000000e+00 0.000000e+00 0.000000e+00 0.000000e+00
0.000000e+00 0.000000e+00 0.000000e+00 0.000000e+00 0.000000e+00 0.000000e+00
0.000000e+00 0.000000e+00 0.000000e+00 0.000000e+00 0.000000e+00 0.000000e+00
0.000000e+00 0.000000e+00 0.000000e+00 0.000000e+00 0.000000e+00 0.000000e+00
0.000000e+00 0.000000e+00 0.000000e+00 0.000000e+00 0.000000e+00 0.000000e+00
0.000000e+00 0.000000e+00 0.000000e+00 0.000000e+00 0.000000e+00 0.000000e+00
0.000000e+00 0.000000e+00 0.000000e+00 0.000000e+00 0.000000e+00 0.000000e+00
0.000000e+00 0.000000e+00 0.000000e+00 0.000000e+00 0.000000e+00 0.000000e+00
0.000000e+00 0.000000e+00 0.000000e+00 0.000000e+00 0.000000e+00 0.000000e+00
0.000000e+00 0.000000e+00 0.000000e+00 0.000000e+00 0.000000e+00 0.000000e+00
0.000000e+00 0.000000e+00 0.000000e+00 0.000000e+00 0.000000e+00 0.000000e+00
0.000000e+00 0.000000e+00 0.000000e+00 0.000000e+00 0.000000e+00 0.000000e+00
0.000000e+00 0.000000e+00 0.000000e+00 0.000000e+00 0.000000e+00 0.000000e+00
0.000000e+00 0.000000e+00 0.000000e+00 0.000000e+00 0.000000e+00 0.000000e+00
0.000000e+00 0.000000e+00 0.000000e+00 0.000000e+00 0.000000e+00 0.000000e+00
0.000000e+00 0.000000e+00 0.000000e+00 0.000000e+00 0.000000e+00 0.000000e+00
0.000000e+00 0.000000e+00 0.000000e+00 0.000000e+00 0.000000e+00 0.000000e+00
0.000000e+00 0.000000e+00 0.000000e+00 0.000000e+00 0.000000e+00 0.000000e+00
0.000000e+00 0.000000e+00 0.000000e+00 0.000000e+00 0.000000e+00 0.000000e+00
0.000000e+00 0.000000e+00 0.000000e+00 0.000000e+00 0.000000e+00 0.000000e+00
0.000000e+00 0.000000e+00 0.000000e+00 0.000000e+00 0.000000e+00 0.000000e+00
0.000000e+00 0.000000e+00 0.000000e+00 0.000000e+00 0.000000e+00 0.000000e+00
0.000000e+00 0.000000e+00 0.000000e+00 0.000000e+00 0.000000e+00 0.000000e+00
0.000000e+00 0.000000e+00 0.000000e+00 0.000000e+00 0.000000e+00 0.000000e+00
0.000000e+00 0.000000e+00 0.000000e+00 0.000000e+00 0.000000e+00 0.000000e+00
0.000000e+00 0.000000e+00 0.000000e+00 0.000000e+00 0.000000e+00 0.000000e+00
0.000000e+00 0.000000e+00 0.000000e+00 0.000000e+00 0.000000e+00 0.000000e+00
0.000000e+00 0.000000e+00 0.000000e+00 0.000000e+00 0.000000e+00 0.000000e+00
0.000000e+00 0.000000e+00 0.000000e+00 0.000000e+00 0.000000e+00 0.000000e+00
0.000000e+00 0.000000e+00 0.000000e+00 0.000000e+00 0.000000e+00 0.000000e+00
0.000000e+00 0.000000e+00 0.000000e+00 0.000000e+00 0.000000e+00 0.000000e+00
0.000000e+00 0.000000e+00 0.000000e+00 0.000000e+00 0.000000e+00 0.000000e+00
0.000000e+00 0.000000e+00 0.000000e+00 0.000000e+00 0.000000e+00 0.000000e+00
0.000000e+00 0.000000e+00 0.000000e+00 0.000000e+00 0.000000e+00 0.000000e+00
0.000000e+00 0.000000e+00 0.000000e+00 0.000000e+00 0.000000e+00 0.000000e+00
0.000000e+00 0.000000e+00 0.000000e+00 0.000000e+00 0.000000e+00 0.000000e+00
0.000000e+00 0.000000e+00 0.000000e+00 0.000000e+00 0.000000e+00 0.000000e+00
0.000000e+00 0.000000e+00 0.000000e+00 0.000000e+00 0.000000e+00 0.000000e+00
0.000000e+00 0.000000e+00 0.000000e+00 0.000000e+00 0.000000e+00 0.000000e+00
0.000000e+00 0.000000e+00 0.000000e+00 0.000000e+00 0.000000e+00 0.000000e+00
0.000000e+00 0.000000e+00 0.000000e+00 0.000000e+00 0.000000e+00 0.000000e+00
0.000000e+00 0.000000e+00 0.000000e+00 0.000000e+00 0.000000e+00 0.000000e+00
0.000000e+00 0.000000e+00 0.000000e+00 0.000000e+00 0.000000e+00 0.000000e+00
0.000000e+00 0.000000e+00 0.000000e+00 0.000000e+00 0.000000e+00 0.000000e+00
0.000000e+00 0.000000e+00 0.000000e+00 0.000000e+00 0.000000e+00 0.000000e+00
0.000000e+00 0.000000e+00 0.000000e+00 0.000000e+00 0.000000e+00 0.000000e+00
0.000000e+00 0.000000e+00 0.000000e+00 0.000000e+00 0.000000e+00 0.000000e+00
0.000000e+00 0.000000e+00 0.000000e+00 0.000000e+00 0.000000e+00 0.000000e+00
0.000000e+00 0.000000e+00 0.000000e+00 0.000000e+00 0.000000e+00 0.000000e+00
0.000000e+00 0.000000e+00 0.000000e+00 0.000000e+00 0.000000e+00 0.000000e+00
0.000000e+00 0.000000e+00 0.000000e+00 0.000000e+00 0.000000e+00 0.000000e+00
0.000000e+00 0.000000e+00 0.000000e+00 0.000000e+00 0.000000e+00 0.000000e+00
0.000000e+00 0.000000e+00 0.000000e+00 0.000000e+00 0.000000e+00 0.000000e+00
0.000000e+00 0.000000e+00 0.000000e+00 0.000000e+00 0.000000e+00 0.000000e+00
0.000000e+00 0.000000e+00 0.000000e+00 0.000000e+00 0.000000e+00 0.000000e+00
0.000000e+00 0.000000e+00 0.000000e+00 0.000000e+00 0.000000e+00 0.000000e+00
0.000000e+00 0.000000e+00 0.000000e+00 0.000000e+00 0.000000e+00 0.000000e+00
0.000000e+00 0.000000e+00 0.000000e+00 0.000000e+00 0.000000e+00 0.000000e+00
0.000000e+00 0.000000e+00 0.000000e+00 0.000000e+00 0.000000e+00 0.000000e+00
0.000000e+00 0.000000e+00 0.000000e+00 0.000000e+00 0.000000e+00 0.000000e+00
0.000000e+00 0.000000e+00 0.000000e+00 0.000000e+00 0.000000e+00 0.000000e+00
0.000000e+00 0.000000e+00 0.000000e+00 0.000000e+00 0.000000e+00 0.000000e+00
0.000000e+00 0.000000e+00 0.000000e+00 0.000000e+00 0.000000e+00 0.000000e+00
0.000000e+00 0.000000e+00 0.000000e+00 0.000000e+00 0.000000e+00 0.000000e+00
0.000000e+00 0.000000e+00 0.000000e+00 0.000000e+00 0.000000e+00 0.000000e+00
0.000000e+00 0.000000e+00 0.000000e+00 0.000000e+00 0.000000e+00 0.000000e+00
0.000000e+00 0.000000e+00 0.000000e+00 0.000000e+00 0.000000e+00 0.000000e+00
0.000000e+00 0.000000e+00 0.000000e+00 0.000000e+00 0.000000e+00 0.000000e+00
0.000000e+00 0.000000e+00 0.000000e+00 0.000000e+00 0.000000e+00 0.000000e+00
0.000000e+00 0.000000e+00 0.000000e+00 0.000000e+00 0.000000e+00 0.000000e+00
0.000000e+00 0.000000e+00 0.000000e+00 0.000000e+00 0.000000e+00 0.000000e+00
0.000000e+00 0.000000e+00 0.000000e+00 0.000000e+00 0.000000e+00 0.000000e+00
0.000000e+00 0.000000e+00 0.000000e+00 0.000000e+00 0.000000e+00 0.000000e+00
0.000000e+00 0.000000e+00 0.000000e+00 0.000000e+00 0.000000e+00 0.000000e+00
0.000000e+00 0.000000e+00 0.000000e+00 0.000000e+00 0.000000e+00 0.000000e+00
0.000000e+00 0.000000e+00 0.000000e+00 0.000000e+00 0.000000e+00 0.000000e+00
0.000000e+00 0.000000e+00 0.000000e+00 0.000000e+00 0.000000e+00 0.000000e+00
0.000000e+00 0.000000e+00 0.000000e+00 0.000000e+00 0.000000e+00 0.000000e+00
0.000000e+00 0.000000e+00 0.000000e+00 0.000000e+00 0.000000e+00 0.000000e+00
0.000000e+00 0.000000e+00 0.000000e+00 0.000000e+00 0.000000e+00 0.000000e+00
0.000000e+00 0.000000e+00 0.000000e+00 0.000000e+00 0.000000e+00 0.000000e+00
0.000000e+00 0.000000e+00 0.000000e+00 0.000000e+00 0.000000e+00 0.000000e+00
0.000000e+00 0.000000e+00 0.000000e+00 0.000000e+00 0.000000e+00 0.000000e+00
0.000000e+00 0.000000e+00 0.000000e+00 0.000000e+00 0.000000e+00 0.000000e+00
0.000000e+00 0.000000e+00 0.000000e+00 0.000000e+00 0.000000e+00 0.000000e+00
0.000000e+00 0.000000e+00 0.000000e+00 0.000000e+00 0.000000e+00 0.000000e+00
0.000000e+00 0.000000e+00 0.000000e+00 0.000000e+00 0.000000e+00 0.000000e+00
0.000000e+00 0.000000e+00 0.000000e+00 0.000000e+00 0.000000e+00 0.000000e+00
0.000000e+00 0.000000e+00 0.000000e+00 0.000000e+00 0.000000e+00 0.000000e+00
0.000000e+00 0.000000e+00 0.000000e+00 0.000000e+00 0.000000e+00 0.000000e+00
0.000000e+00 0.000000e+00 0.000000e+00 0.000000e+00 0.000000e+00 0.000000e+00
0.000000e+00 0.000000e+00 0.000000e+00 0.000000e+00 0.000000e+00 0.000000e+00
0.000000e+00 0.000000e+00 0.000000e+00 0.000000e+00 0.000000e+00 0.000000e+00
0.000000e+00 0.000000e+00 0.000000e+00 0.000000e+00 0.000000e+00 0.000000e+00
0.000000e+00 0.000000e+00 0.000000e+00 0.000000e+00 0.000000e+00 0.000000e+00
0.000000e+00 0.000000e+00 0.000000e+00 0.000000e+00 0.000000e+00 0.000000e+00
0.000000e+00 0.000000e+00 0.000000e+00 0.000000e+00 0.000000e+00 0.000000e+00
0.000000e+00 0.000000e+00 0.000000e+00 0.000000e+00 0.000000e+00 0.000000e+00
0.000000e+00 0.000000e+00 0.000000e+00 0.000000e+00 0.000000e+00 0.000000e+00
0.000000e+00 0.000000e+00 0.000000e+00 0.000000e+00 0.000000e+00 0.000000e+00
0.000000e+00 0.000000e+00 0.000000e+00 0.000000e+00 0.000000e+00 0.000000e+00
0.000000e+00 0.000000e+00 0.000000e+00 0.000000e+00 0.000000e+00 0.000000e+00
0.000000e+00 0.000000e+00 0.000000e+00 0.000000e+00 0.000000e+00 0.000000e+00
0.000000e+00 0.000000e+00 0.000000e+00 0.000000e+00 0.000000e+00 0.000000e+00
0.000000e+00 0.000000e+00 0.000000e+00 0.000000e+00 0.000000e+00 0.000000e+00
0.000000e+00 0.000000e+00 0.000000e+00 0.000000e+00 0.000000e+00 0.000000e+00
0.000000e+00 0.000000e+00 0.000000e+00 0.000000e+00 0.000000e+00 0.000000e+00
0.000000e+00 0.000000e+00 0.000000e+00 0.000000e+00 0.000000e+00 0.000000e+00
0.000000e+00 0.000000e+00 0.000000e+00 0.000000e+00 0.000000e+00 0.000000e+00
0.000000e+00 0.000000e+00 0.000000e+00 0.000000e+00 0.000000e+00 0.000000e+00
0.000000e+00 0.000000e+00 0.000000e+00 0.000000e+00 0.000000e+00 2.002266e-12
0.000000e+00 0.000000e+00 0.000000e+00 0.000000e+00 0.000000e+00 1.081158e-11
0.000000e+00 0.000000e+00 0.000000e+00 0.000000e+00 0.000000e+00 3.187499e-11
0.000000e+00 0.000000e+00 5.684342e-14 -7.940934e-29 -7.940934e-29 6.451252e-11
0.000000e+00 0.000000e+00 1.705303e-13 0.000000e+00 0.000000e+00 1.032771e-10
0.000000e+00 0.000000e+00 3.979039e-13 4.764560e-28 4.764560e-28 1.379189e-10
0.000000e+00 0.000000e+00 6.252776e-13 1.588187e-28 1.588187e-28 1.644336e-10
0.000000e+00 0.000000e+00 8.526513e-13 -4.764560e-28 -4.764560e-28 1.896259e-10
0.000000e+00 0.000000e+00 1.136868e-12 -4.764560e-28 -4.764560e-28 2.154982e-10
0.000000e+00 0.000000e+00 1.477929e-12 -1.747005e-27 -1.747005e-27 2.379258e-10
0.000000e+00 0.000000e+00 1.818989e-12 -3.017555e-27 -3.017555e-27 2.507810e-10
0.000000e+00 0.000000e+00 2.216893e-12 -3.017555e-27 -3.017555e-27 2.460548e-10
0.000000e+00 0.000000e+00 2.557954e-12 -4.288104e-27 -4.288104e-27 2.217438e-10
0.000000e+00 0.000000e+00 2.899014e-12 -5.558654e-27 -5.558654e-27 1.756049e-10
0.000000e+00 0.000000e+00 3.126388e-12 -5.558654e-27 -5.558654e-27 1.041936e-10
0.000000e+00 0.000000e+00 3.240075e-12 -5.558654e-27 -5.558654e-27 1.504246e-11
0.000000e+00 0.000000e+00 3.183231e-12 -4.923379e-27 -4.923379e-27 -8.708208e-11
0.000000e+00 0.000000e+00 3.012701e-12 -3.969459e-27 -3.969459e-27 -2.055050e-10
0.000000e+00 0.000000e+00 2.614797e-12 -3.015539e-27 -3.015539e-27 -3.436702e-10
0.000000e+00 0.000000e+00 1.989520e-12 -3.650813e-27 -3.650813e-27 -5.035803e-10
0.000000e+00 0.000000e+00 1.136868e-12 -2.380264e-27 -2.380264e-27 -6.947252e-10
0.000000e+00 0.000000e+00 -5.684342e-14 2.876882e-27 2.876882e-27 -9.308367e-10
0.000000e+00 0.000000e+00 -1.648459e-12 8.518900e-27 8.518900e-27 -1.226168e-09
0.000000e+00 0.000000e+00 -3.694822e-12 1.186844e-26 1.186844e-26 -1.600262e-09
0.000000e+00 0.000000e+00 -6.423306e-12 2.600966e-27 2.600966e-27 -2.061929e-09
0.000000e+00 0.000000e+00 -9.890755e-12 -2.206967e-26 -2.206967e-26 -2.606559e-09
0.000000e+00 0.000000e+00 -1.426770e-11 -3.306968e-13 -3.306968e-13 -3.219277e-09
0.000000e+00 0.000000e+00 -1.955414e-11 -1.653225e-12 -1.653225e-12 -3.875493e-09
0.000000e+00 0.000000e+00 -2.586376e-11 -3.666951e-12 -3.666951e-12 -4.537084e-09
0.000000e+00 0.000000e+00 -3.319656e-11 -5.019542e-12 -5.019542e-12 -5.153096e-09
0.000000e+00 0.000000e+00 -4.138201e-11 -5.680936e-12 -5.680936e-12 -5.675254e-09
0.000000e+00 0.000000e+00 -5.024958e-11 -6.342330e-12 -6.342330e-12 -6.060808e-09
0.000000e+00 0.000000e+00 -5.957190e-11 -7.364224e-12 -7.364224e-12 -6.273639e-09
0.000000e+00 0.000000e+00 -6.912160e-11 -8.415923e-12 -8.415923e-12 -6.276367e-09
0.000000e+00 0.000000e+00 -7.850076e-11 -8.806229e-12 -8.806229e-12 -6.032331e-09
0.000000e+00 0.000000e+00 -8.725465e-11 -8.174639e-12 -8.174639e-12 -5.509415e-09
0.000000e+00 0.000000e+00 -9.498535e-11 -7.182549e-12 -7.182549e-12 -4.663411e-09
0.000000e+00 0.000000e+00 -1.012381e-10 -6.851852e-12 -6.851852e-12 -3.421003e-09
0.000000e+00 0.000000e+00 -1.052740e-10 -6.160654e-12 -6.160654e-12 -1.692415e-09
0.000000e+00 0.000000e+00 -1.063540e-10 -4.117124e-12 -4.117124e-12 6.128290e-10
0.000000e+00 0.000000e+00 -1.034550e-10 -7.510655e-13 -7.510655e-13 3.572852e-09
0.000000e+00 0.000000e+00 -9.561063e-11 3.667210e-12 3.667210e-12 7.239385e-09
0.000000e+00 0.000000e+00 -8.174084e-11 8.807006e-12 8.807006e-12 1.162602e-08
0.000000e+00 0.000000e+00 -6.070877e-11 1.325560e-11 1.325560e-11 1.669267e-08
0.000000e+00 0.000000e+00 -3.166178e-11 1.324872e-11 1.324872e-11 2.236046e-08
0.000000e+00 0.000000e+00 6.309619e-12 9.807990e-12 9.807990e-12 2.851435e-08
0.000000e+00 0.000000e+00 5.383072e-11 6.404207e-12 6.404207e-12 3.500003e-08
0.000000e+00 0.000000e+00 1.112994e-10 2.345914e-12 2.345914e-12 4.162657e-08
0.000000e+00 0.000000e+00 1.787157e-10 -2.366370e-12 -2.366370e-12 4.817703e-08
0.000000e+00 0.000000e+00 2.557954e-10 -7.131120e-12 -7.131120e-12 5.441329e-08
0.000000e+00 0.000000e+00 3.419132e-10 -1.093384e-11 -1.093384e-11 6.005856e-08
0.000000e+00 0.000000e+00 4.359890e-10 -1.299289e-11 -1.299289e-11 6.479745e-08
0.000000e+00 0.000000e+00 5.363177e-10 -1.436763e-11 -1.436763e-11 6.828513e-08
0.000000e+00 0.000000e+00 6.408527e-10 -1.401375e-11 -1.401375e-11 7.014559e-08
0.000000e+00 0.000000e+00 7.468088e-10 -1.095469e-11 -1.095469e-11 6.997835e-08
0.000000e+00 0.000000e+00 8.508323e-10 -8.947589e-12 -8.947589e-12 6.738348e-08
0.000000e+00 0.000000e+00 9.489440e-10 -8.631178e-12 -8.631178e-12 6.199654e-08
0.000000e+00 0.000000e+00 1.036767e-09 -9.644439e-12 -9.644439e-12 5.350474e-08
0.000000e+00 0.000000e+00 1.109470e-09 -1.400084e-11 -1.400084e-11 4.166125e-08
0.000000e+00 0.000000e+00 1.161766e-09 -2.109093e-11 -2.109093e-11 2.632259e-08
0.000000e+00 0.000000e+00 1.188425e-09 -2.588010e-11 -2.588010e-11 7.463595e-09
0.000000e+00 0.000000e+00 1.184162e-09 -2.658878e-11 -2.658878e-11 -1.480220e-08
0.000000e+00 0.000000e+00 1.143974e-09 -2.692241e-11 -2.692241e-11 -4.021843e-08
0.000000e+00 0.000000e+00 1.063484e-09 -2.896251e-11 -2.896251e-11 -6.839473e-08
0.000000e+00 0.000000e+00 9.388259e-10 -3.100313e-11 -3.100313e-11 -9.879457e-08
0.000000e+00 0.000000e+00 7.671019e-10 -3.067796e-11 -3.067796e-11 -1.307196e-07
0.000000e+00 0.000000e+00 5.466632e-10 -3.106112e-11 -3.106112e-11 -1.633234e-07
0.000000e+00 0.000000e+00 2.771117e-10 -3.449704e-11 -3.449704e-11 -1.956212e-07
0.000000e+00 0.000000e+00 -4.024514e-11 -4.096202e-11 -4.096202e-11 -2.265006e-07
-1.136868e-13 -1.136868e-13 -4.023946e-10 -4.235939e-11 -4.235939e-11 -2.547551e-07
-2.273737e-13 -2.273737e-13 -8.045049e-10 -2.742208e-11 -2.742208e-11 -2.791133e-07
-2.273737e-13 -2.273737e-13 -1.239698e-09 -1.225088e-12 -1.225088e-12 -2.982865e-07
-2.273737e-13 -2.273737e-13 -1.699334e-09 2.733113e-11 2.733113e-11 -3.110188e-07
-2.273737e-13 -2.273737e-13 -2.172726e-09 5.993753e-11 5.993753e-11 -3.161501e-07
-1.136868e-13 -1.136868e-13 -2.647766e-09 9.224113e-11 9.224113e-11 -3.126762e-07
0.000000e+00 0.000000e+00 -3.110756e-09 1.143649e-10 1.143649e-10 -2.998040e-07
2.273737e-13 2.273737e-13 -3.547143e-09 1.157325e-10 1.157325e-10 -2.770126e-07
4.547474e-13 4.547474e-13 -3.941807e-09 8.519675e-11 8.519675e-11 -2.440826e-07
5.684342e-13 5.684342e-13 -4.279400e-09 2.513571e-11 2.513571e-11 -2.011343e-07
5.684342e-13 5.684342e-13 -4.545200e-09 -4.752968e-11 -4.752968e-11 -1.486497e-07
4.547474e-13 4.547474e-13 -4.725393e-09 -1.141198e-10 -1.141198e-10 -8.747056e-08
2.273737e-13 2.273737e-13 -4.807646e-09 -1.586008e-10 -1.586008e-10 -1.881070e-08
0.000000e+00 0.000000e+00 -4.781782e-09 -1.731557e-10 -1.731557e-10 5.575824e-08
-2.273737e-13 -2.273737e-13 -4.640356e-09 -1.561084e-10 -1.561084e-10 1.343562e-07
-4.547474e-13 -4.547474e-13 -4.378762e-09 -1.057761e-10 -1.057761e-10 2.148357e-07
-5.684342e-13 -5.684342e-13 -3.995865e-09 -3.027075e-11 -3.027075e-11 2.948332e-07
-4.547474e-13 -4.547474e-13 -3.494279e-09 4.522482e-11 4.522482e-11 3.718448e-07
-3.410605e-13 -3.410605e-13 -2.880370e-09 1.006122e-10 1.006122e-10 4.433084e-07
-2.273737e-13 -2.273737e-13 -2.164370e-09 1.345860e-10 1.345860e-10 5.066998e-07
0.000000e+00 0.000000e+00 -1.360263e-09 1.400522e-10 1.400522e-10 5.596423e-07
2.273737e-13 2.273737e-13 -4.854428e-10 1.088025e-10 1.088025e-10 6.000131e-07
3.410605e-13 3.410605e-13 4.397407e-10 4.963990e-11 4.963990e-11 6.260237e-07
4.547474e-13 4.547474e-13 1.392607e-09 -2.413245e-11 -2.413245e-11 6.362910e-07
3.410605e-13 3.410605e-13 2.348656e-09 -9.074758e-11 -9.074758e-11 6.299086e-07
2.273737e-13 2.273737e-13 3.282366e-09 -1.325631e-10 -1.325631e-10 6.065052e-07
0.000000e+00 0.000000e+00 4.168214e-09 -1.441529e-10 -1.441529e-10 5.662714e-07
-2.273737e-13 -2.273737e-13 4.981246e-09 -1.220766e-10 -1.220766e-10 5.099679e-07
-4.547474e-13 -4.547474e-13 5.698155e-09 -6.838832e-11 -6.838832e-11 4.389147e-07
-5.684342e-13 -5.684342e-13 6.297967e-09 1.984966e-12 1.984966e-12 3.549633e-07
-5.684342e-13 -5.684342e-13 6.763003e-09 6.727023e-11 6.727023e-11 2.604394e-07
-4.547474e-13 -4.547474e-13 7.079279e-09 1.118123e-10 1.118123e-10 1.580656e-07
-3.410605e-13 -3.410605e-13 7.237190e-09 1.295236e-10 1.295236e-10 5.088163e-08
-1.136868e-13 -1.136868e-13 7.231961e-09 1.152415e-10 1.152415e-10 -5.787454e-08
1.136868e-13 1.136868e-13 7.063647e-09 6.386475e-11 6.386475e-11 -1.648865e-07
2.273737e-13 2.273737e-13 6.737366e-09 -1.127257e-11 -1.127257e-11 -2.668884e-07
1.136868e-13 1.136868e-13 6.263008e-09 -8.196242e-11 -8.332241e-11 -3.608031e-07
0.000000e+00 0.000000e+00 5.654954e-09 -1.315879e-10 -1.359981e-10 -4.438702e-07
-2.273737e-13 -2.273737e-13 4.931394e-09 -1.519798e-10 -1.584409e-10 -5.137430e-07
-4.547474e-13 -4.547474e-13 4.113701e-09 -1.370061e-10 -1.427987e-10 -5.685573e-07
-6.821210e-13 -6.821210e-13 3.225693e-09 -8.871375e-11 -9.211702e-11 -6.069970e-07
-7.958079e-13 -7.958079e-13 2.292666e-09 -1.733305e-11 -1.599494e-11 -6.283208e-07
-6.821210e-13 -6.821210e-13 1.340709e-09 4.960146e-11 5.707126e-11 -6.323617e-07
-5.684342e-13 -5.684342e-13 3.955734e-10 9.645734e-11 1.090955e-10 -6.195099e-07
-4.547474e-13 -4.547474e-13 -5.178435e-10 1.246370e-10 1.414129e-10 -5.906811e-07
-2.273737e-13 -2.273737e-13 -1.376463e-09 1.294044e-10 1.455100e-10 -5.472882e-07
0.000000e+00 0.000000e+00 -2.159709e-09 1.036025e-10 1.132077e-10 -4.911859e-07
1.136868e-13 1.136868e-13 -2.850072e-09 5.124627e-11 5.541126e-11 -4.245983e-07
2.273737e-13 2.273737e-13 -3.433513e-09 -2.123848e-11 -1.662942e-11 -3.500382e-07
1.136868e-13 1.136868e-13 -3.900141e-09 -9.537723e-11 -8.694962e-11 -2.701981e-07
0.000000e+00 0.000000e+00 -4.244100e-09 -1.511330e-10 -1.392773e-10 -1.878323e-07
-2.273737e-13 -2.273737e-13 -4.463686e-09 -1.769925e-10 -1.623943e-10 -1.056385e-07
-4.547474e-13 -4.547474e-13 -4.561059e-09 -1.623725e-10 -1.464387e-10 -2.615459e-08
-6.821210e-13 -6.821210e-13 -4.542130e-09 -1.059437e-10 -9.274008e-11 4.833947e-08
-6.821210e-13 -7.958079e-13 -4.415995e-09 -2.641475e-11 -1.218703e-11 1.159080e-07
-5.684342e-13 -6.821210e-13 -4.194362e-09 4.528550e-11 6.865134e-11 1.750125e-07
-4.547474e-13 -5.684342e-13 -3.890932e-09 1.003573e-10 1.359216e-10 2.245374e-07
-3.410605e-13 -3.410605e-13 -3.520768e-09 1.391646e-10 1.815140e-10 2.637880e-07
-1.136868e-13 -1.136868e-13 -3.099615e-09 1.500514e-10 1.931183e-10 2.924754e-07
1.136868e-13 2.273737e-13 -2.643333e-09 1.289640e-10 1.611965e-10 3.106797e-07
3.410605e-13 4.547474e-13 -2.167553e-09 7.933561e-11 8.405678e-11 3.188269e-07
4.547474e-13 4.547474e-13 -1.686885e-09 8.652692e-12 -1.248149e-11 3.176502e-07
3.410605e-13 3.410605e-13 -1.214630e-09 -5.726593e-11 -9.913610e-11 3.081375e-07
2.273737e-13 1.136868e-13 -7.624976e-10 -1.031465e-10 -1.558548e-10 2.914884e-07
1.136868e-13 -1.136868e-13 -3.401510e-10 -1.282843e-10 -1.697710e-10 2.690452e-07
-1.136868e-13 -3.410605e-13 4.467893e-11 -1.268990e-10 -1.395251e-10 2.422362e-07
-3.410605e-13 -5.684342e-13 3.865352e-10 -9.459128e-11 -7.086503e-11 2.125166e-07
-4.547474e-13 -5.684342e-13 6.821779e-10 -4.261302e-11 1.102298e-11 1.812917e-07
-5.684342e-13 -4.547474e-13 9.304131e-10 1.718304e-11 7.792802e-11 1.498502e-07
-5.684342e-13 -3.410605e-13 1.131752e-09 7.525952e-11 1.207692e-10 1.193260e-07
-4.547474e-13 -1.136868e-13 1.288413e-09 1.163047e-10 1.289800e-10 9.066564e-08
-2.273737e-13 1.136868e-13 1.403805e-09 1.271474e-10 9.808142e-11 6.460224e-08
0.000000e+00 2.273737e-13 1.482249e-09 1.043368e-10 4.270319e-11 4.166115e-08
1.136868e-13 3.410605e-13 1.528747e-09 6.556693e-11 -2.283389e-11 2.216822e-08
2.273737e-13 3.410605e-13 1.548699e-09 2.686248e-11 -8.398643e-11 6.254045e-09
2.273737e-13 2.273737e-13 1.547505e-09 -2.335465e-12 -1.220465e-10 -6.119041e-09
2.273737e-13 0.000000e+00 1.530395e-09 -1.926679e-11 -1.240403e-10 -1.513381e-08
2.273737e-13 -2.273737e-13 1.502144e-09 -3.040966e-11 -8.900596e-11 -2.109615e-08
2.273737e-13 -3.410605e-13 1.467072e-09 -4.190569e-11 -3.698361e-11 -2.440962e-08
1.136868e-13 -3.410605e-13 1.428873e-09 -5.303425e-11 6.868231e-12 -2.556857e-08
0.000000e+00 -3.410605e-13 1.390333e-09 -5.878273e-11 3.338541e-11 -2.512711e-08
-1.136868e-13 -3.410605e-13 1.353499e-09 -5.573281e-11 4.734754e-11 -2.366652e-08
-2.273737e-13 -2.273737e-13 1.319336e-09 -3.672933e-11 5.108469e-11 -2.175048e-08
-2.273737e-13 -1.136868e-13 1.288242e-09 -4.854949e-12 4.667159e-11 -1.989417e-08
-2.273737e-13 0.000000e+00 1.259650e-09 3.589202e-11 4.090229e-11 -1.854157e-08
-2.273737e-13 1.136868e-13 1.232593e-09 8.688228e-11 3.683638e-11 -1.804116e-08
-1.136868e-13 1.136868e-13 1.205535e-09 1.307420e-10 4.058627e-11 -1.864228e-08
1.136868e-13 2.273737e-13 1.176659e-09 1.450128e-10 4.297362e-11 -2.048667e-08
3.410605e-13 3.410605e-13 1.144031e-09 1.195245e-10 2.565700e-11 -2.362007e-08
5.684342e-13 3.410605e-13 1.105775e-09 4.981370e-11 -1.003860e-11 -2.801231e-08
5.684342e-13 3.410605e-13 1.060016e-09 -4.572732e-11 -5.698691e-11 -3.356526e-08
3.410605e-13 2.273737e-13 1.005105e-09 -1.283120e-10 -1.029076e-10 -4.011387e-08
1.136868e-13 1.136868e-13 9.396786e-10 -1.734902e-10 -1.331516e-10 -4.743823e-08
-1.136868e-13 -1.136868e-13 8.627694e-10 -1.737879e-10 -1.335032e-10 -5.527607e-08
-3.410605e-13 -3.410605e-13 7.738095e-10 -1.282093e-10 -9.270561e-11 -6.332908e-08
-5.684342e-13 -4.547474e-13 6.727419e-10 -4.221919e-11 -1.994311e-11 -7.126999e-08
-5.684342e-13 -3.410605e-13 5.599645e-10 5.970214e-11 5.485844e-11 -7.874816e-08
-3.410605e-13 -2.273737e-13 4.365006e-10 1.358384e-10 1.092614e-10 -8.541247e-08
-1.136868e-13 -1.136868e-13 3.037712e-10 1.647243e-10 1.368269e-10 -9.093058e-08
1.136868e-13 1.136868e-13 1.637090e-10 1.490377e-10 1.256190e-10 -9.499434e-08
3.410605e-13 3.410605e-13 1.875833e-11 9.500344e-11 6.745001e-11 -9.734484e-08
4.547474e-13 3.410605e-13 -1.283524e-10 2.195954e-11 -1.585284e-11 -9.778323e-08
4.547474e-13 2.273737e-13 -2.746106e-10 -4.802582e-11 -9.098209e-11 -9.617464e-08
3.410605e-13 1.136868e-13 -4.168896e-10 -9.633310e-11 -1.419349e-10 -9.245593e-08
2.273737e-13 -1.136868e-13 -5.520064e-10 -1.140699e-10 -1.551300e-10 -8.664197e-08
0.000000e+00 -3.410605e-13 -6.768346e-10 -9.803369e-11 -1.228020e-10 -7.882936e-08
-1.136868e-13 -5.684342e-13 -7.884751e-10 -5.580039e-11 -4.973022e-11 -6.919412e-08
-2.273737e-13 -5.684342e-13 -8.844268e-10 -6.460626e-12 3.660426e-11 -5.798126e-08
-2.273737e-13 -4.547474e-13 -9.624728e-10 3.335218e-11 1.001727e-10 -4.549840e-08
-2.273737e-13 -3.410605e-13 -1.020965e-09 5.138569e-11 1.273993e-10 -3.211188e-08
-1.136868e-13 -1.136868e-13 -1.058822e-09 4.046901e-11 1.100893e-10 -1.823315e-08
0.000000e+00 0.000000e+00 -1.075648e-09 -1.090039e-12 5.332222e-11 -4.302640e-09
0.000000e+00 1.136868e-13 -1.071726e-09 -5.080419e-11 -2.455612e-11 9.226945e-09
-1.136868e-13 0.000000e+00 -1.048022e-09 -8.380025e-11 -9.971480e-11 2.190340e-08
-2.273737e-13 -1.136868e-13 -1.006072e-09 -8.790872e-11 -1.496675e-10 3.328494e-08
-3.410605e-13 -3.410605e-13 -9.482051e-10 -6.073238e-11 -1.564492e-10 4.296109e-08
-4.547474e-13 -5.684342e-13 -8.772076e-10 -9.079008e-12 -1.118695e-10 5.056489e-08
-4.547474e-13 -6.821210e-13 -7.964900e-10 5.068128e-11 -3.362716e-11 5.578517e-08
-3.410605e-13 -5.684342e-13 -7.098606e-10 1.006103e-10 4.624555e-11 5.838923e-08
-2.273737e-13 -4.547474e-13 -6.213554e-10 1.315114e-10 1.022929e-10 5.822901e-08
0.000000e+00 -3.410605e-13 -5.351808e-10 1.325142e-10 1.297759e-10 5.524885e-08
2.273737e-13 -1.136868e-13 -4.556000e-10 9.650660e-11 1.219376e-10 4.950226e-08
3.410605e-13 1.136868e-13 -3.867058e-10 3.395118e-11 7.129985e-11 4.116240e-08
3.410605e-13 2.273737e-13 -3.321361e-10 -3.235398e-11 -8.601647e-12 3.050771e-08
3.410605e-13 1.136868e-13 -2.951879e-10 -8.948811e-11 -8.070813e-11 1.792007e-08
2.273737e-13 0.000000e+00 -2.783622e-10 -1.279184e-10 -1.181291e-10 3.883179e-09
0.000000e+00 -2.273737e-13 -2.835350e-10 -1.316594e-10 -1.086368e-10 -1.102750e-08
-2.273737e-13 -3.410605e-13 -3.114451e-10 -9.532619e-11 -5.529890e-11 -2.617314e-08
-3.410605e-13 -4.547474e-13 -3.620357e-10 -3.074919e-11 2.424221e-11 -4.087360e-08
-3.410605e-13 -3.410605e-13 -4.341132e-10 3.654850e-11 1.068832e-10 -5.441546e-08
-3.410605e-13 -2.273737e-13 -5.253469e-10 9.299183e-11 1.674365e-10 -6.609242e-08
-2.273737e-13 0.000000e+00 -6.323830e-10 1.300614e-10 1.881840e-10 -7.523528e-08
0.000000e+00 2.273737e-13 -7.510152e-10 1.314365e-10 1.559009e-10 -8.122914e-08
2.273737e-13 4.547474e-13 -8.760139e-10 9.237057e-11 7.398548e-11 -8.354794e-08
3.410605e-13 4.547474e-13 -1.001638e-09 2.575855e-11 -3.241011e-11 -8.177915e-08
3.410605e-13 3.410605e-13 -1.121407e-09 -4.559530e-11 -1.316655e-10 -7.564835e-08
2.273737e-13 0.000000e+00 -1.228614e-09 -9.999729e-11 -1.884384e-10 -6.505503e-08
1.136868e-13 -2.273737e-13 -1.316607e-09 -1.261875e-10 -1.898197e-10 -5.007708e-08
-1.136868e-13 -5.684342e-13 -1.378851e-09 -1.170002e-10 -1.357830e-10 -3.097747e-08
-3.410605e-13 -6.821210e-13 -1.409489e-09 -6.463719e-11 -3.896082e-11 -8.201006e-09
-4.547474e-13 -6.821210e-13 -1.403407e-09 1.866852e-11 6.597641e-11 1.764772e-08
-3.410605e-13 -4.547474e-13 -1.356511e-09 9.888367e-11 1.485505e-10 4.581528e-08
-2.273737e-13 -2.273737e-13 -1.265960e-09 1.522033e-10 1.914198e-10 7.542346e-08
0.000000e+00 1.136868e-13 -1.130275e-09 1.667749e-10 1.846305e-10 1.054924e-07
2.273737e-13 3.410605e-13 -9.495125e-10 1.358463e-10 1.251442e-10 1.349604e-07
4.547474e-13 4.547474e-13 -7.254357e-10 6.345021e-11 3.608574e-11 1.627239e-07
4.547474e-13 3.410605e-13 -4.613980e-10 -2.936187e-11 -5.124901e-11 1.876754e-07
3.410605e-13 1.136868e-13 -1.624585e-10 -1.140134e-10 -1.063275e-10 2.087432e-07
1.136868e-13 0.000000e+00 1.647891e-10 -1.708330e-10 -1.240612e-10 2.249425e-07
-1.136868e-13 -2.273737e-13 5.123866e-10 -1.861562e-10 -1.036972e-10 2.354235e-07
-3.410605e-13 -3.410605e-13 8.710686e-10 -1.576086e-10 -4.659368e-11 2.395237e-07
-5.684342e-13 -4.547474e-13 1.230944e-09 -8.861627e-11 2.785353e-11 2.367993e-07
-5.684342e-13 -3.410605e-13 1.581498e-09 1.510734e-12 9.107085e-11 2.270462e-07
-4.547474e-13 -2.273737e-13 1.912099e-09 8.039923e-11 1.233407e-10 2.103172e-07
-3.410605e-13 0.000000e+00 2.212460e-09 1.306349e-10 1.155271e-10 1.869150e-07
-1.136868e-13 2.273737e-13 2.472859e-09 1.458513e-10 5.811191e-11 1.573757e-07
1.136868e-13 2.273737e-13 2.684601e-09 1.260992e-10 -2.514670e-11 1.224563e-07
3.410605e-13 1.136868e-13 2.840238e-09 8.017715e-11 -9.784630e-11 8.311053e-08
4.547474e-13 0.000000e+00 2.933916e-09 2.061443e-11 -1.433825e-10 4.045352e-08
4.547474e-13 -2.273737e-13 2.961542e-09 -3.247975e-11 -1.474806e-10 -4.269982e-09
4.547474e-13 -4.547474e-13 2.921070e-09 -7.153987e-11 -1.022620e-10 -4.971597e-08
3.410605e-13 -5.684342e-13 2.812385e-09 -9.660092e-11 -2.034514e-11 -9.448265e-08
2.273737e-13 -4.547474e-13 2.637591e-09 -1.084138e-10 6.871414e-11 -1.371574e-07
1.136868e-13 -2.273737e-13 2.400895e-09 -1.162149e-10 1.282212e-10 -1.763738e-07
-1.136868e-13 0.000000e+00 2.108493e-09 -1.196249e-10 1.387836e-10 -2.108699e-07
-3.410605e-13 2.273737e-13 1.768342e-09 -1.162576e-10 9.666143e-11 -2.395420e-07
-5.684342e-13 3.410605e-13 1.389878e-09 -1.027239e-10 1.677904e-11 -2.614915e-07
-6.821210e-13 2.273737e-13 9.838459e-10 -8.028229e-11 -6.619031e-11 -2.760674e-07
-7.958079e-13 1.136868e-13 5.616698e-10 -4.795044e-11 -1.278035e-10 -2.828997e-07
-9.094947e-13 -1.136868e-13 1.351737e-10 7.444503e-12 -1.520349e-10 -2.818979e-07
-9.094947e-13 -3.410605e-13 -2.839897e-10 8.733342e-11 -1.249090e-10 -2.732364e-07
-6.821210e-13 -5.684342e-13 -6.845084e-10 1.696134e-10 -4.540074e-11 -2.573375e-07
-4.547474e-13 -5.684342e-13 -1.055980e-09 2.352047e-10 6.812693e-11 -2.348410e-07
-1.136868e-13 -3.410605e-13 -1.389026e-09 2.722608e-10 1.738574e-10 -2.065781e-07
3.410605e-13 0.000000e+00 -1.675687e-09 2.569846e-10 2.296705e-10 -1.735393e-07
6.821210e-13 3.410605e-13 -1.909598e-09 1.808460e-10 2.225696e-10 -1.368389e-07
7.958079e-13 6.821210e-13 -2.086153e-09 6.393324e-11 1.535579e-10 -9.767907e-08
7.958079e-13 7.958079e-13 -2.202626e-09 -6.721758e-11 4.176382e-11 -5.730213e-08
5.684342e-13 7.958079e-13 -2.258048e-09 -1.854855e-10 -7.481928e-11 -1.695381e-08
2.273737e-13 5.684342e-13 -2.253444e-09 -2.613370e-10 -1.577309e-10 2.217397e-08
-1.136868e-13 3.410605e-13 -2.191541e-09 -2.814288e-10 -1.814457e-10 5.899321e-08
-5.684342e-13 1.136868e-13 -2.076490e-09 -2.365656e-10 -1.419439e-10 9.254477e-08
-7.958079e-13 -1.136868e-13 -1.913918e-09 -1.322652e-10 -4.537885e-11 1.220385e-07
-9.094947e-13 -1.136868e-13 -1.710418e-09 3.307312e-12 8.136470e-11 1.468734e-07
-7.958079e-13 1.136868e-13 -1.473325e-09 1.355016e-10 1.932116e-10 1.666329e-07
-4.547474e-13 5.684342e-13 -1.210537e-09 2.248772e-10 2.442452e-10 1.810829e-07
-1.136868e-13 9.094947e-13 -9.301289e-10 2.486654e-10 2.208019e-10 1.901584e-07
2.273737e-13 1.250555e-12 -6.401137e-10 2.051439e-10 1.361702e-10 1.939430e-07
5.684342e-13 1.364242e-12 -3.482796e-10 1.008128e-10 1.517028e-11 1.926559e-07
5.684342e-13 1.250555e-12 -6.212986e-11 -2.966275e-11 -1.047993e-10 1.866491e-07
4.547474e-13 1.023182e-12 2.116280e-10 -1.390893e-10 -1.989594e-10 1.763879e-07
1.136868e-13 5.684342e-13 4.670255e-10 -1.944768e-10 -2.503594e-10 1.624274e-07
-2.273737e-13 2.273737e-13 6.988898e-10 -1.821960e-10 -2.636583e-10 1.454007e-07
-4.547474e-13 -1.136868e-13 9.031851e-10 -1.186464e-10 -2.681145e-10 1.259803e-07
-5.684342e-13 -5.684342e-13 1.076785e-09 -2.960689e-11 -2.851930e-10 1.048465e-07
-4.547474e-13 -1.023182e-12 1.217700e-09 5.095631e-11 -3.342217e-10 8.265997e-08
-3.410605e-13 -1.477929e-12 1.324736e-09 9.886355e-11 -4.430866e-10 6.003092e-08
-2.273737e-13 -2.273737e-12 1.397723e-09 1.128318e-10 -6.127676e-10 3.750765e-08
-1.136868e-13 -3.296918e-12 1.437229e-09 9.822006e-11 -8.184704e-10 1.556037e-08
0.000000e+00 -4.661160e-12 1.444448e-09 6.146690e-11 -1.034371e-09 -5.416167e-09
1.136868e-13 -6.366463e-12 1.421029e-09 1.487072e-11 -1.227836e-09 -2.507665e-08
1.136868e-13 -8.299139e-12 1.369187e-09 -2.048987e-11 -1.376065e-09 -4.311619e-08
1.136868e-13 -1.045919e-11 1.291653e-09 -3.134233e-11 -1.468904e-09 -5.927740e-08
1.136868e-13 -1.261924e-11 1.191381e-09 -2.078375e-11 -1.515529e-09 -7.335085e-08
1.136868e-13 -1.489298e-11 1.071612e-09 1.326057e-12 -1.531503e-09 -8.517236e-08
1.136868e-13 -1.716671e-11 9.358132e-10 2.173831e-11 -1.524983e-09 -9.462956e-08
1.136868e-13 -1.944045e-11 7.876793e-10 2.990441e-11 -1.498377e-09 -1.016776e-07
1.136868e-13 -2.171419e-11 6.307914e-10 2.312363e-11 -1.432788e-09 -1.063361e-07
1.136868e-13 -2.376055e-11 4.686740e-10 1.047345e-12 -1.302002e-09 -1.086671e-07
1.136868e-13 -2.557954e-11 3.047376e-10 -3.159574e-11 -1.074625e-09 -1.087617e-07
1.136868e-13 -2.694378e-11 1.423359e-10 -6.289541e-11 -7.244672e-10 -1.067353e-07
0.000000e+00 -2.773959e-11 -1.551825e-11 -7.548431e-11 -2.386534e-10 -1.027068e-07
-1.136868e-13 -2.762590e-11 -1.658123e-10 -5.608430e-11 3.678001e-10 -9.679683e-08
-2.273737e-13 -2.660272e-11 -3.058744e-10 -3.353078e-12 1.060295e-09 -8.914120e-08
-2.273737e-13 -2.444267e-11 -4.332037e-10 7.173946e-11 1.800068e-09 -7.989712e-08
0.000000e+00 -2.114575e-11 -5.455263e-10 1.407160e-10 2.542887e-09 -6.925768e-08
2.273737e-13 -1.671197e-11 -6.409664e-10 1.801851e-10 3.257888e-09 -5.745457e-08
4.547474e-13 -1.125500e-11 -7.178755e-10 1.804925e-10 3.937602e-09 -4.477615e-08
6.821210e-13 -4.888534e-12 -7.752874e-10 1.376509e-10 4.606463e-09 -3.155080e-08
9.094947e-13 2.501110e-12 -8.125767e-10 5.507571e-11 5.297362e-09 -1.812144e-08
9.094947e-13 1.102762e-11 -8.296865e-10 -4.554379e-11 6.024971e-09 -4.840558e-09
6.821210e-13 2.057732e-11 -8.271286e-10 -1.267394e-10 6.795053e-09 7.955001e-09
4.547474e-13 3.137757e-11 -8.058123e-10 -1.698756e-10 7.583124e-09 1.995829e-08
2.273737e-13 4.331469e-11 -7.672156e-10 -1.773427e-10 8.326343e-09 3.090552e-08
0.000000e+00 5.638867e-11 -7.130438e-10 -1.531940e-10 8.938645e-09 4.057532e-08
-2.273737e-13 7.014478e-11 -6.454570e-10 -1.052926e-10 9.326851e-09 4.878520e-08
-3.410605e-13 8.435563e-11 -5.667289e-10 -4.822164e-11 9.402946e-09 5.538905e-08
-4.547474e-13 9.833911e-11 -4.793037e-10 6.426333e-12 9.103382e-09 6.026132e-08
-4.547474e-13 1.116405e-10 -3.859668e-10 4.545996e-11 8.402335e-09 6.331194e-08
-3.410605e-13 1.235776e-10 -2.893898e-10 5.634655e-11 7.304895e-09 6.450084e-08
-2.273737e-13 1.334683e-10 -1.924718e-10 3.658077e-11 5.860602e-09 6.384595e-08
-2.273737e-13 1.409717e-10 -9.788437e-11 1.152042e-12 4.134403e-09 6.143253e-08
-2.273737e-13 1.458602e-10 -8.185452e-12 -3.053144e-11 2.166527e-09 5.741534e-08
-2.273737e-13 1.475655e-10 7.435119e-11 -5.026154e-11 -1.555995e-11 5.201090e-08
-3.410605e-13 1.458602e-10 1.477929e-10 -4.143437e-11 -2.388086e-09 4.547920e-08
-4.547474e-13 1.404032e-10 2.107186e-10 1.224278e-11 -4.934673e-09 3.810242e-08
-3.410605e-13 1.310809e-10 2.620482e-10 9.041941e-11 -7.646522e-09 3.016880e-08
-1.136868e-13 1.175522e-10 3.012133e-10 1.546991e-10 -1.050254e-08 2.195810e-08
1.136868e-13 9.958967e-11 3.279297e-10 1.843138e-10 -1.343979e-08 1.373612e-08
3.410605e-13 7.719336e-11 3.423679e-10 1.734307e-10 -1.636306e-08 5.763604e-09
5.684342e-13 5.047696e-11 3.451532e-10 1.177294e-10 -1.915374e-08 -1.713270e-09
6.821210e-13 1.966782e-11 3.371952e-10 2.327835e-11 -2.166598e-08 -8.464392e-09
5.684342e-13 -1.455192e-11 3.197442e-10 -8.174827e-11 -2.375563e-08 -1.427391e-08
3.410605e-13 -5.150014e-11 2.943352e-10 -1.667262e-10 -2.529723e-08 -1.894840e-08
1.136868e-13 -9.038104e-11 2.628440e-10 -2.170509e-10 -2.617715e-08 -2.233390e-08
-2.273737e-13 -1.299441e-10 2.273168e-10 -2.221451e-10 -2.632396e-08 -2.433625e-08
-5.684342e-13 -1.691660e-10 1.898570e-10 -1.735065e-10 -2.570446e-08 -2.492927e-08
-7.958079e-13 -2.069100e-10 1.525109e-10 -8.109551e-11 -2.430134e-08 -2.414689e-08
-7.958079e-13 -2.420393e-10 1.173817e-10 2.692158e-11 -2.211145e-08 -2.208360e-08
-6.821210e-13 -2.733032e-10 8.623147e-11 1.244530e-10 -1.915829e-08 -1.888498e-08
-3.410605e-13 -2.995648e-10 6.070877e-11 1.863396e-10 -1.549279e-08 -1.472840e-08
-1.136868e-13 -3.198011e-10 4.206413e-11 2.061094e-10 -1.118495e-08 -9.807269e-09
2.273737e-13 -3.332161e-10 3.126388e-11 1.884754e-10 -6.326331e-09 -4.313025e-09
4.547474e-13 -3.387868e-10 2.910383e-11 1.375266e-10 -1.050590e-09 1.565631e-09
6.821210e-13 -3.362857e-10 3.592504e-11 6.072638e-11 4.492443e-09 7.644873e-09
6.821210e-13 -3.253717e-10 5.201173e-11 -2.967937e-11 1.016063e-08 1.373095e-08
5.684342e-13 -3.058176e-10 7.713652e-11 -1.125969e-10 1.579344e-08 1.961442e-08
3.410605e-13 -2.779643e-10 1.109015e-10 -1.791851e-10 2.122830e-08 2.507701e-08
1.136868e-13 -2.421530e-10 1.524540e-10 -2.291204e-10 2.630718e-08 2.989773e-08
-2.273737e-13 -1.990657e-10 2.006573e-10 -2.529459e-10 3.086857e-08 3.386686e-08
-5.684342e-13 -1.496119e-10 2.540901e-10 -2.363187e-10 3.475130e-08 3.679943e-08
-9.094947e-13 -9.481482e-11 3.110472e-10 -1.731141e-10 3.779220e-08 3.855537e-08
-1.023182e-12 -3.615241e-11 3.697096e-10 -7.188163e-11 3.983489e-08 3.904389e-08
-1.023182e-12 2.478373e-11 4.281446e-10 4.940381e-11 4.074780e-08 3.821874e-08
-7.958079e-13 8.617462e-11 4.843628e-10 1.632615e-10 4.043701e-08 3.607959e-08
-4.547474e-13 1.462013e-10 5.363745e-10 2.373765e-10 3.885159e-08 3.266748e-08
-1.136868e-13 2.028173e-10 5.823608e-10 2.584591e-10 3.600688e-08 2.805722e-08
2.273737e-13 2.542038e-10 6.205596e-10 2.261792e-10 3.199362e-08 2.234749e-08
5.684342e-13 2.987690e-10 6.494361e-10 1.432263e-10 2.696108e-08 1.565697e-08
6.821210e-13 3.351488e-10 6.675691e-10 2.727910e-11 2.110437e-08 8.132476e-09
5.684342e-13 3.620926e-10 6.738787e-10 -8.354432e-11 1.465837e-08 -4.415185e-11
3.410605e-13 3.790319e-10 6.674554e-10 -1.603349e-10 7.870297e-09 -8.651179e-09
1.136868e-13 3.856258e-10 6.479013e-10 -1.932922e-10 9.703035e-10 -1.743362e-08
-2.273737e-13 3.818741e-10 6.151595e-10 -1.719079e-10 -5.833536e-09 -2.611098e-08
-4.547474e-13 3.681180e-10 5.695711e-10 -1.005263e-10 -1.236267e-08 -3.438941e-08
-4.547474e-13 3.448122e-10 5.119887e-10 -1.113059e-11 -1.845790e-08 -4.198411e-08
-3.410605e-13 3.126388e-10 4.436060e-10 6.738655e-11 -2.396491e-08 -4.863906e-08
-2.273737e-13 2.728484e-10 3.660148e-10 1.204979e-10 -2.874155e-08 -5.413891e-08
0.000000e+00 2.264642e-10 2.811475e-10 1.337737e-10 -3.264704e-08 -5.832051e-08
2.273737e-13 1.748504e-10 1.910507e-10 1.044759e-10 -3.552779e-08 -6.107705e-08
3.410605e-13 1.198259e-10 9.788437e-11 4.802797e-11 -3.726308e-08 -6.234731e-08
4.547474e-13 6.298251e-11 3.979039e-12 -2.338497e-11 -3.777031e-08 -6.211466e-08
3.410605e-13 6.480150e-12 -8.844836e-11 -8.494550e-11 -3.702471e-08 -6.040217e-08
2.273737e-13 -4.808953e-11 -1.772378e-10 -1.158341e-10 -3.506632e-08 -5.726800e-08
0.000000e+00 -9.879386e-11 -2.602860e-10 -1.065883e-10 -3.199982e-08 -5.281479e-08
-1.136868e-13 -1.440412e-10 -3.357172e-10 -5.866671e-11 -2.800993e-08 -4.719319e-08
-2.273737e-13 -1.828084e-10 -4.018830e-10 1.332684e-11 -2.331156e-08 -4.061027e-08
-1.136868e-13 -2.140723e-10 -4.575895e-10 8.466408e-11 -1.813756e-08 -3.332984e-08
0.000000e+00 -2.372644e-10 -5.019274e-10 1.301895e-10 -1.272827e-08 -2.566778e-08
2.273737e-13 -2.522711e-10 -5.346124e-10 1.356319e-10 -7.301227e-09 -1.797904e-08
4.547474e-13 -2.590923e-10 -5.558718e-10 9.042529e-11 -2.038991e-09 -1.063297e-08
5.684342e-13 -2.582965e-10 -5.665584e-10 5.433624e-12 2.921327e-09 -3.984237e-09
4.547474e-13 -2.502247e-10 -5.678658e-10 -9.010815e-11 7.469191e-09 1.648628e-09
2.273737e-13 -2.357865e-10 -5.615561e-10 -1.646154e-10 1.152509e-08 5.997924e-09
0.000000e+00 -2.156639e-10 -5.498464e-10 -2.023958e-10 1.502677e-08 8.878997e-09
-3.410605e-13 -1.907665e-10 -5.349534e-10 -1.908321e-10 1.790247e-08 1.018982e-08
-6.821210e-13 -1.620037e-10 -5.192646e-10 -1.211043e-10 2.008696e-08 9.893591e-09
-7.958079e-13 -1.305125e-10 -5.052812e-10 -1.265449e-11 2.152719e-08 8.023913e-09
-6.821210e-13 -9.742962e-11 -4.952199e-10 1.005590e-10 2.219531e-08 4.675812e-09
-4.547474e-13 -6.389200e-11 -4.912977e-10 1.913213e-10 2.209813e-08 6.300167e-12
-1.136868e-13 -3.103651e-11 -4.952767e-10 2.371740e-10 2.128898e-08 -5.768713e-09
2.273737e-13 0.000000e+00 -5.086349e-10 2.285973e-10 1.988106e-08 -1.238176e-08
5.684342e-13 2.853540e-11 -5.324523e-10 1.690223e-10 1.802026e-08 -1.949118e-08
6.821210e-13 5.400125e-11 -5.671268e-10 7.820586e-11 1.585626e-08 -2.668697e-08
6.821210e-13 7.605649e-11 -6.124878e-10 -1.358720e-11 1.353114e-08 -3.351047e-08
5.684342e-13 9.458745e-11 -6.676260e-10 -8.224239e-11 1.116041e-08 -3.947042e-08
4.547474e-13 1.094804e-10 -7.308927e-10 -1.182508e-10 8.835862e-09 -4.406904e-08
2.273737e-13 1.210765e-10 -7.998437e-10 -1.209041e-10 6.610918e-09 -4.683607e-08
0.000000e+00 1.293756e-10 -8.714096e-10 -9.126707e-11 4.514137e-09 -4.736311e-08
-1.136868e-13 1.347189e-10 -9.419523e-10 -4.259170e-11 2.563278e-09 -4.533569e-08
-2.273737e-13 1.372200e-10 -1.007436e-09 1.352240e-11 7.725675e-10 -4.054762e-08
-2.273737e-13 1.371063e-10 -1.063597e-09 6.623538e-11 -8.308007e-10 -3.290361e-08
-1.136868e-13 1.347189e-10 -1.106116e-09 9.519935e-11 -2.218613e-09 -2.241955e-08
0.000000e+00 1.305125e-10 -1.130843e-09 8.705044e-11 -3.382027e-09 -9.207742e-09
1.136868e-13 1.246008e-10 -1.133742e-09 4.318741e-11 -4.321350e-09 6.520136e-09
