0.000000e+00 0.000000e+00 0.000000e+00 0.000000e+00 0.000000e+00 0.000000e+00
0.000000e+00 0.000000e+00 0.000000e+00 0.000000e+00 0.000000e+00 0.000000e+00
0.000000e+00 0.000000e+00 0.000000e+00 0.000000e+00 0.000000e+00 0.000000e+00
0.000000e+00 0.000000e+00 0.000000e+00 0.000000e+00 0.000000e+00 0.000000e+00
0.000000e+00 0.000000e+00 0.000000e+00 0.000000e+00 0.000000e+00 0.000000e+00
0.000000e+00 0.000000e+00 0.000000e+00 0.000000e+00 0.000000e+00 0.000000e+00
0.000000e+00 0.000000e+00 0.000000e+00 0.000000e+00 0.000000e+00 0.000000e+00
0.000000e+00 0.000000e+00 0.000000e+00 0.000000e+00 0.000000e+00 0.000000e+00
0.000000e+00 0.000000e+00 0.000000e+00 0.000000e+00 0.000000e+00 0.000000e+00
0.000000e+00 0.000000e+00 0.000000e+00 0.000000e+00 0.000000e+00 0.000000e+00
0.000000e+00 0.000000e+00 0.000000e+00 0.000000e+00 0.000000e+00 0.000000e+00
0.000000e+00 0.000000e+00 0.000000e+00 0.000000e+00 0.000000e+00 0.000000e+00
0.000000e+00 0.000000e+00 0.000000e+00 0.000000e+00 0.000000e+00 0.000000e+00
0.000000e+00 0.000000e+00 0.000000e+00 0.000000e+00 0.000000e+00 0.000000e+00
0.000000e+00 0.000000e+00 0.000000e+00 0.000000e+00 0.000000e+00 0.000000e+00
0.000000e+00 0.000000e+00 0.000000e+00 0.000000e+00 0.000000e+00 0.000000e+00
0.000000e+00 0.000000e+00 0.000000e+00 0.000000e+00 0.000000e+00 0.000000e+00
0.000000e+00 0.000000e+00 0.000000e+00 0.000000e+00 0.000000e+00 0.000000e+00
0.000000e+00 0.000000e+00 0.000000e+00 0.000000e+00 0.000000e+00 0.000000e+00
0.000000e+00 0.000000e+00 0.000000e+00 0.000000e+00 0.000000e+00 0.000000e+00
0.000000e+00 0.000000e+00 0.000000e+00 0.000000e+00 0.000000e+00 0.000000e+00
0.000000e+00 0.000000e+00 0.000000e+00 0.000000e+00 0.000000e+00 0.000000e+00
0.000000e+00 0.000000e+00 0.000000e+00 0.000000e+00 0.000000e+00 0.000000e+00
0.000000e+00 0.000000e+00 0.000000e+00 0.000000e+00 0.000000e+00 0.000000e+00
0.000000e+00 0.000000e+00 0.000000e+00 0.000000e+00 0.000000e+00 0.000000e+00
0.000000e+00 0.000000e+00 0.000000e+00 0.000000e+00 0.000000e+00 0.000000e+00
0.000000e+00 0.000000e+00 0.000000e+00 0.000000e+00 0.000000e+00 0.000000e+00
0.000000e+00 0.000000e+00 0.000000e+00 0.000000e+00 0.000000e+00 0.000000e+00
0.000000e+00 0.000000e+00 0.000000e+00 0.000000e+00 0.000000e+00 0.000000e+00
0.000000e+00 0.000000e+00 0.000000e+00 0.000000e+00 0.000000e+00 0.000000e+00
0.000000e+00 0.000000e+00 0.000000e+00 0.000000e+00 0.000000e+00 0.000000e+00
0.000000e+00 0.000000e+00 0.000000e+00 0.000000e+00 0.000000e+00 0.000000e+00
0.000000e+00 0.000000e+00 0.000000e+00 0.000000e+00 0.000000e+00 0.000000e+00
0.000000e+00 0.000000e+00 0.000000e+00 0.000000e+00 0.000000e+00 0.000000e+00
0.000000e+00 0.000000e+00 0.000000e+00 0.000000e+00 0.000000e+00 0.000000e+00
0.000000e+00 0.000000e+00 0.000000e+00 0.000000e+00 0.000000e+00 0.000000e+00
0.000000e+00 0.000000e+00 0.000000e+00 0.000000e+00 0.000000e+00 0.000000e+00
0.000000e+00 0.000000e+00 0.000000e+00 0.000000e+00 0.000000e+00 0.000000e+00
0.000000e+00 0.000000e+00 0.000000e+00 0.000000e+00 0.000000e+00 0.000000e+00
0.000000e+00 0.000000e+00 0.000000e+00 0.000000e+00 0.000000e+00 0.000000e+00
0.000000e+00 0.000000e+00 0.000000e+00 0.000000e+00 0.000000e+00 0.000000e+00
0.000000e+00 0.000000e+00 0.000000e+00 0.000000e+00 0.000000e+00 0.000000e+00
0.000000e+00 0.000000e+00 0.000000e+00 0.000000e+00 0.000000e+00 0.000000e+00
0.000000e+00 0.000000e+00 0.000000e+00 0.000000e+00 0.000000e+00 0.000000e+00
0.000000e+00 0.000000e+00 0.000000e+00 0.000000e+00 0.000000e+00 0.000000e+00
0.000000e+00 0.000000e+00 0.000000e+00 0.000000e+00 0.000000e+00 -4.124785e-12
0.000000e+00 0.000000e+00 0.000000e+00 0.000000e+00 0.000000e+00 -1.649914e-11
0.000000e+00 0.000000e+00 0.000000e+00 0.000000e+00 0.000000e+00 -3.700281e-11
0.000000e+00 0.000000e+00 0.000000e+00 0.000000e+00 0.000000e+00 -6.563580e-11
0.000000e+00 0.000000e+00 -1.136868e-13 2.382280e-28 2.382280e-28 -9.426879e-11
0.000000e+00 0.000000e+00 -2.273737e-13 7.940934e-28 7.940934e-28 -1.146522e-10
0.000000e+00 0.000000e+00 -4.547474e-13 1.429368e-27 1.429368e-27 -1.105285e-10
0.000000e+00 0.000000e+00 -5.684342e-13 1.747005e-27 1.747005e-27 -7.789198e-11
0.000000e+00 0.000000e+00 -6.821210e-13 1.747005e-27 1.747005e-27 -2.487104e-11
0.000000e+00 0.000000e+00 -6.821210e-13 1.747005e-27 1.747005e-27 4.853332e-11
0.000000e+00 0.000000e+00 -4.547474e-13 1.747005e-27 1.747005e-27 1.219377e-10
0.000000e+00 0.000000e+00 -2.273737e-13 1.747005e-27 1.747005e-27 1.790834e-10
0.000000e+00 0.000000e+00 0.000000e+00 1.111731e-27 1.111731e-27 2.239750e-10
0.000000e+00 0.000000e+00 3.410605e-13 4.764560e-28 4.764560e-28 2.538478e-10
0.000000e+00 0.000000e+00 6.821210e-13 4.764560e-28 4.764560e-28 2.783112e-10
0.000000e+00 0.000000e+00 1.136868e-12 1.747005e-27 1.747005e-27 3.096193e-10
0.000000e+00 0.000000e+00 1.591616e-12 4.288104e-27 4.288104e-27 3.572616e-10
0.000000e+00 0.000000e+00 2.160050e-12 4.288104e-27 4.288104e-27 4.388576e-10
0.000000e+00 0.000000e+00 2.955858e-12 4.288104e-27 4.288104e-27 5.502836e-10
0.000000e+00 0.000000e+00 3.865352e-12 3.017555e-27 8.099753e-27 6.807636e-10
0.000000e+00 0.000000e+00 5.002221e-12 4.764560e-28 5.558654e-27 8.207616e-10
0.000000e+00 0.000000e+00 6.366463e-12 -1.992833e-27 -1.215723e-26 9.525375e-10
0.000000e+00 0.000000e+00 7.958079e-12 -9.426292e-27 -2.975508e-26 1.054467e-09
0.000000e+00 0.000000e+00 9.663381e-12 -2.441093e-26 -4.473972e-26 1.115654e-09
0.000000e+00 0.000000e+00 1.136868e-11 -3.421922e-26 -5.454801e-26 1.145512e-09
0.000000e+00 0.000000e+00 1.307399e-11 -3.372291e-26 -6.421610e-26 1.150931e-09
0.000000e+00 0.000000e+00 1.477929e-11 -3.312889e-26 -7.378648e-26 1.122378e-09
0.000000e+00 0.000000e+00 1.648459e-11 -2.228921e-26 -6.294679e-26 1.036757e-09
0.000000e+00 0.000000e+00 1.796252e-11 -1.639896e-26 -4.689215e-26 8.560002e-10
0.000000e+00 0.000000e+00 1.898570e-11 -2.042991e-26 -4.075870e-26 5.365009e-10
0.000000e+00 0.000000e+00 1.944045e-11 -1.895898e-26 -3.928777e-26 2.108594e-11
0.000000e+00 0.000000e+00 1.898570e-11 -1.936781e-26 -3.969660e-26 -7.596262e-10
0.000000e+00 0.000000e+00 1.716671e-11 -3.331656e-26 -5.364535e-26 -1.858522e-09
0.000000e+00 0.000000e+00 1.341505e-11 -4.301070e-26 -8.366828e-26 -3.291851e-09
0.000000e+00 0.000000e+00 7.275958e-12 1.539114e-26 -4.559523e-26 -5.040704e-09
0.000000e+00 0.000000e+00 -1.818989e-12 2.179166e-26 -3.919471e-26 -7.053365e-09
0.000000e+00 0.000000e+00 -1.398348e-11 -9.979334e-26 -1.607797e-25 -9.280954e-09
0.000000e+00 0.000000e+00 -2.955858e-11 -1.173825e-25 -1.783689e-25 -1.170586e-08
0.000000e+00 0.000000e+00 -4.899903e-11 2.609776e-26 -3.488862e-26 -1.429934e-08
0.000000e+00 0.000000e+00 -7.253220e-11 1.287458e-25 6.775943e-26 -1.703149e-08
0.000000e+00 0.000000e+00 -1.001581e-10 1.207220e-25 5.973568e-26 -1.989146e-08
0.000000e+00 0.000000e+00 -1.321041e-10 7.584150e-26 1.485513e-26 -2.284243e-08
0.000000e+00 0.000000e+00 -1.685976e-10 2.249332e-26 -3.849306e-26 -2.578118e-08
0.000000e+00 0.000000e+00 -2.094112e-10 -8.347597e-26 -1.444623e-25 -2.853494e-08
0.000000e+00 0.000000e+00 -2.540901e-10 -3.717294e-25 -1.074551e-25 -3.086830e-08
0.000000e+00 0.000000e+00 -3.019522e-10 -9.474173e-25 -3.578824e-25 -3.246451e-08
0.000000e+00 0.000000e+00 -3.514060e-10 -1.290833e-24 -7.012980e-25 -3.297416e-08
0.000000e+00 0.000000e+00 -4.007461e-10 -1.417933e-24 -8.283976e-25 -3.205321e-08
0.000000e+00 0.000000e+00 -4.475851e-10 -1.653798e-24 -1.064263e-24 -2.935617e-08
0.000000e+00 0.000000e+00 -4.888534e-10 -1.968299e-24 -1.378764e-24 -2.457700e-08
0.000000e+00 0.000000e+00 -5.212542e-10 -2.231848e-24 -1.642314e-24 -1.745874e-08
0.000000e+00 0.000000e+00 -5.411493e-10 -2.202278e-24 -1.612743e-24 -7.777072e-09
0.000000e+00 0.000000e+00 -5.445600e-10 -2.170932e-24 -1.581397e-24 4.663876e-09
0.000000e+00 0.000000e+00 -5.271659e-10 -2.330683e-24 -1.741148e-24 2.001506e-08
0.000000e+00 0.000000e+00 -4.845333e-10 -2.617133e-24 -2.027598e-24 3.836891e-08
0.000000e+00 0.000000e+00 -4.121148e-10 -3.043442e-24 -3.104428e-24 5.974304e-08
0.000000e+00 0.000000e+00 -3.053628e-10 -2.892882e-24 -2.953868e-24 8.403542e-08
0.000000e+00 0.000000e+00 -1.599574e-10 -2.387699e-24 -1.147643e-24 1.109862e-07
0.000000e+00 0.000000e+00 2.762590e-11 -2.449023e-24 -5.584456e-25 1.401601e-07
0.000000e+00 0.000000e+00 2.604565e-10 -1.950253e-24 -1.360718e-24 1.709194e-07
0.000000e+00 0.000000e+00 5.403535e-10 -1.245307e-24 -1.956814e-24 2.024018e-07
0.000000e+00 0.000000e+00 8.676579e-10 -1.330830e-24 -2.042338e-24 2.335355e-07
0.000000e+00 0.000000e+00 1.240892e-09 -3.209844e-24 -3.921352e-24 2.630654e-07
0.000000e+00 0.000000e+00 1.656758e-09 -5.204229e-24 -5.915737e-24 2.895622e-07
0.000000e+00 0.000000e+00 2.109573e-09 -5.046959e-24 -5.758467e-24 3.114470e-07
0.000000e+00 0.000000e+00 2.591037e-09 -4.348256e-24 -5.059764e-24 3.270703e-07
0.000000e+00 0.000000e+00 3.090690e-09 -4.629048e-24 -2.738470e-24 3.347472e-07
0.000000e+00 0.000000e+00 3.595346e-09 -1.359994e-12 -1.359994e-12 3.327861e-07
0.000000e+00 0.000000e+00 4.089202e-09 -4.079981e-12 -4.079981e-12 3.195796e-07
0.000000e+00 0.000000e+00 4.554181e-09 -5.439974e-12 -5.439974e-12 2.936932e-07
0.000000e+00 0.000000e+00 4.970275e-09 -5.439974e-12 -5.439974e-12 2.539318e-07
0.000000e+00 0.000000e+00 5.315883e-09 -5.439715e-12 -5.439715e-12 1.994075e-07
0.000000e+00 0.000000e+00 5.568381e-09 -5.439197e-12 -5.439197e-12 1.296216e-07
0.000000e+00 0.000000e+00 5.704692e-09 -5.438679e-12 -5.438679e-12 4.454436e-08
0.000000e+00 0.000000e+00 5.702077e-09 -5.438161e-12 -5.438161e-12 -5.531666e-08
0.000000e+00 0.000000e+00 5.538823e-09 -5.437902e-12 -5.437902e-12 -1.688540e-07
0.000000e+00 0.000000e+00 5.195488e-09 -5.438161e-12 -5.438161e-12 -2.943212e-07
0.000000e+00 0.000000e+00 4.655817e-09 -3.417551e-12 -3.417551e-12 -4.293395e-07
0.000000e+00 0.000000e+00 3.907417e-09 -3.720638e-14 -3.720638e-14 -5.708922e-07
0.000000e+00 0.000000e+00 2.943125e-09 2.681745e-12 2.681745e-12 -7.153616e-07
0.000000e+00 0.000000e+00 1.761350e-09 7.421823e-12 7.421823e-12 -8.586042e-07
0.000000e+00 0.000000e+00 3.672085e-10 1.418303e-11 1.418303e-11 -9.960397e-07
0.000000e+00 0.000000e+00 -1.226908e-09 1.892337e-11 1.892337e-11 -1.122793e-06
0.000000e+00 0.000000e+00 -3.001219e-09 2.028259e-11 2.028259e-11 -1.233844e-06
0.000000e+00 0.000000e+00 -4.928438e-09 1.892130e-11 1.892130e-11 -1.324180e-06
0.000000e+00 0.000000e+00 -6.973664e-09 1.484002e-11 1.484002e-11 -1.388988e-06
0.000000e+00 0.000000e+00 -9.095288e-09 1.075874e-11 1.075874e-11 -1.423835e-06
0.000000e+00 0.000000e+00 -1.124511e-08 1.005885e-11 1.005885e-11 -1.424860e-06
0.000000e+00 0.000000e+00 -1.336980e-08 1.071947e-11 1.071947e-11 -1.388967e-06
0.000000e+00 0.000000e+00 -1.541196e-08 1.002853e-11 1.002853e-11 -1.313989e-06
0.000000e+00 0.000000e+00 -1.731178e-08 1.003774e-11 1.003774e-11 -1.198833e-06
0.000000e+00 0.000000e+00 -1.900855e-08 1.209944e-11 1.209944e-11 -1.043614e-06
0.000000e+00 0.000000e+00 -2.044271e-08 1.485312e-11 1.485312e-11 -8.497249e-07
0.000000e+00 0.000000e+00 -2.155775e-08 1.826053e-11 1.826053e-11 -6.198823e-07
0.000000e+00 0.000000e+00 -2.230240e-08 1.957851e-11 1.957851e-11 -3.581103e-07
0.000000e+00 0.000000e+00 -2.263209e-08 1.821267e-11 1.821267e-11 -6.966322e-08
0.000000e+00 0.000000e+00 -2.251136e-08 1.623660e-11 1.623660e-11 2.391019e-07
0.000000e+00 0.000000e+00 -2.191473e-08 1.157672e-11 1.157672e-11 5.608817e-07
0.000000e+00 0.000000e+00 -2.082868e-08 3.429490e-12 3.429490e-12 8.876321e-07
0.000000e+00 0.000000e+00 -1.925184e-08 -8.865964e-12 -8.865964e-12 1.210822e-06
0.000000e+00 0.000000e+00 -1.719616e-08 -2.244570e-11 -2.244570e-11 1.521686e-06
0.000000e+00 0.000000e+00 -1.468675e-08 -3.396452e-11 -3.396452e-11 1.811498e-06
0.000000e+00 0.000000e+00 -1.176170e-08 -4.282036e-11 -4.282036e-11 2.071851e-06
-1.136868e-13 -1.136868e-13 -8.471261e-09 -4.080528e-11 -4.080528e-11 2.294934e-06
-2.273737e-13 -2.273737e-13 -4.876938e-09 -2.040276e-11 -2.040276e-11 2.473792e-06
-2.273737e-13 -2.273737e-13 -1.049898e-09 8.869887e-12 8.869887e-12 2.602572e-06
-2.273737e-13 -2.273737e-13 2.930847e-09 3.809663e-11 3.809663e-11 2.676747e-06
-1.136868e-13 -1.136868e-13 6.980372e-09 6.182690e-11 6.182690e-11 2.693306e-06
0.000000e+00 0.000000e+00 1.101080e-08 6.998115e-11 6.998115e-11 2.650872e-06
1.136868e-13 1.136868e-13 1.493311e-08 6.049954e-11 6.049954e-11 2.549763e-06
2.273737e-13 2.273737e-13 1.866010e-08 3.469573e-11 3.469573e-11 2.392006e-06
2.273737e-13 2.273737e-13 2.210902e-08 1.387884e-12 1.387884e-12 2.181247e-06
2.273737e-13 2.273737e-13 2.520380e-08 -2.923081e-11 -2.923081e-11 1.922607e-06
2.273737e-13 2.273737e-13 2.787681e-08 -5.849030e-11 -5.849030e-11 1.622511e-06
1.136868e-13 1.136868e-13 3.007131e-08 -8.161515e-11 -8.161515e-11 1.288478e-06
0.000000e+00 0.000000e+00 3.174227e-08 -9.247816e-11 -9.247816e-11 9.288673e-07
-1.136868e-13 -1.136868e-13 3.285800e-08 -9.183065e-11 -9.183065e-11 5.526096e-07
-2.273737e-13 -2.273737e-13 3.340017e-08 -7.828203e-11 -7.828203e-11 1.689407e-07
-3.410605e-13 -3.410605e-13 3.336481e-08 -4.836763e-11 -4.836763e-11 -2.128796e-07
-4.547474e-13 -4.547474e-13 3.276148e-08 1.294967e-12 1.294967e-12 -5.838479e-07
-4.547474e-13 -4.547474e-13 3.161324e-08 6.186622e-11 6.186622e-11 -9.354850e-07
-3.410605e-13 -3.410605e-13 2.995500e-08 1.176715e-10 1.176715e-10 -1.260061e-06
-1.136868e-13 -1.136868e-13 2.783304e-08 1.502937e-10 1.502937e-10 -1.550801e-06
1.136868e-13 1.136868e-13 2.530271e-08 1.455502e-10 1.455502e-10 -1.802072e-06
3.410605e-13 3.410605e-13 2.242689e-08 1.034332e-10 1.034332e-10 -2.009484e-06
4.547474e-13 4.547474e-13 1.927435e-08 3.544838e-11 3.544838e-11 -2.169979e-06
3.410605e-13 3.410605e-13 1.591707e-08 -3.253833e-11 -3.253833e-11 -2.281850e-06
3.410605e-13 3.410605e-13 1.242881e-08 -9.028784e-11 -9.028784e-11 -2.344707e-06
2.273737e-13 2.273737e-13 8.883035e-09 -1.324053e-10 -1.324053e-10 -2.359423e-06
0.000000e+00 0.000000e+00 5.350557e-09 -1.412788e-10 -1.412788e-10 -2.328013e-06
-2.273737e-13 -2.273737e-13 1.898911e-09 -1.127339e-10 -1.127339e-10 -2.253526e-06
-3.410605e-13 -3.410605e-13 -1.409944e-09 -5.765370e-11 -5.765370e-11 -2.139902e-06
-4.547474e-13 -4.547474e-13 -4.520643e-09 9.636487e-12 9.636487e-12 -1.991777e-06
-4.547474e-13 -4.547474e-13 -7.385211e-09 7.758321e-11 7.758321e-11 -1.814319e-06
-3.410605e-13 -3.410605e-13 -9.963514e-09 1.312489e-10 1.312489e-10 -1.613074e-06
-1.136868e-13 -1.136868e-13 -1.222429e-08 1.550062e-10 1.550062e-10 -1.393783e-06
1.136868e-13 1.136868e-13 -1.414480e-08 1.420739e-10 1.420739e-10 -1.162202e-06
3.410605e-13 3.410605e-13 -1.571084e-08 9.584804e-11 9.584804e-11 -9.239629e-07
4.547474e-13 4.547474e-13 -1.691660e-08 3.056450e-11 3.056450e-11 -6.844343e-07
4.547474e-13 4.547474e-13 -1.776414e-08 -3.542090e-11 -3.542090e-11 -4.486057e-07
4.547474e-13 4.547474e-13 -1.826243e-08 -9.115118e-11 -9.115118e-11 -2.210092e-07
3.410605e-13 3.410605e-13 -1.842716e-08 -1.291620e-10 -1.291620e-10 -5.650492e-09
1.136868e-13 1.136868e-13 -1.827948e-08 -1.379569e-10 -1.379569e-10 1.940415e-07
-1.136868e-13 -1.136868e-13 -1.784508e-08 -1.107931e-10 -1.107931e-10 3.752185e-07
-2.273737e-13 -2.273737e-13 -1.715375e-08 -6.121471e-11 -6.121471e-11 5.356456e-07
-3.410605e-13 -3.410605e-13 -1.623812e-08 -4.124241e-12 -4.124241e-12 6.737196e-07
-3.410605e-13 -3.410605e-13 -1.513263e-08 5.364640e-11 5.364640e-11 7.884358e-07
-2.273737e-13 -2.273737e-13 -1.387275e-08 9.579284e-11 9.579284e-11 8.793465e-07
-1.136868e-13 -1.136868e-13 -1.249452e-08 1.175420e-10 1.175420e-10 9.465542e-07
1.136868e-13 1.136868e-13 -1.103308e-08 1.155030e-10 1.155030e-10 9.906686e-07
3.410605e-13 3.410605e-13 -9.522523e-09 8.151737e-11 8.151737e-11 1.012726e-06
4.547474e-13 4.547474e-13 -7.994913e-09 2.780563e-11 2.780563e-11 1.014122e-06
4.547474e-13 4.547474e-13 -6.480150e-09 -2.862241e-11 -2.862241e-11 9.965589e-07
4.547474e-13 4.547474e-13 -5.005177e-09 -8.028056e-11 -8.028056e-11 9.619716e-07
3.410605e-13 3.410605e-13 -3.594209e-09 -1.190508e-10 -1.190508e-10 9.124852e-07
1.136868e-13 1.136868e-13 -2.267825e-09 -1.326634e-10 -1.326634e-10 8.503574e-07
-1.136868e-13 -1.136868e-13 -1.043190e-09 -1.149586e-10 -1.149586e-10 7.779069e-07
-3.410605e-13 -3.410605e-13 6.593837e-11 -6.805429e-11 -6.805429e-11 6.974834e-07
-4.547474e-13 -4.547474e-13 1.049330e-09 -4.178135e-12 -4.178135e-12 6.114270e-07
-4.547474e-13 -4.547474e-13 1.900275e-09 5.769007e-11 5.769007e-11 5.220284e-07
-3.410605e-13 -3.410605e-13 2.615479e-09 9.984040e-11 9.984040e-11 4.314725e-07
-2.273737e-13 -2.273737e-13 3.194714e-09 1.161454e-10 1.161454e-10 3.417932e-07
0.000000e+00 0.000000e+00 3.640821e-09 1.018668e-10 1.031893e-10 2.548435e-07
1.136868e-13 1.136868e-13 3.959144e-09 6.311942e-11 6.714662e-11 1.722522e-07
2.273737e-13 2.273737e-13 4.157528e-09 1.551220e-11 2.230314e-11 9.539133e-08
2.273737e-13 2.273737e-13 4.245408e-09 -2.600717e-11 -1.717425e-11 2.537391e-08
2.273737e-13 2.273737e-13 4.233698e-09 -4.914185e-11 -3.829701e-11 -3.694242e-08
1.136868e-13 1.136868e-13 4.134563e-09 -4.846269e-11 -3.425283e-11 -9.096159e-08
0.000000e+00 1.136868e-13 3.960849e-09 -2.196830e-11 -1.324011e-11 -1.363463e-07
0.000000e+00 1.136868e-13 3.725518e-09 1.544684e-11 7.832162e-12 -1.729890e-07
0.000000e+00 1.136868e-13 3.441869e-09 4.673158e-11 2.218043e-11 -2.010033e-07
1.136868e-13 1.136868e-13 3.122523e-09 5.625283e-11 2.700250e-11 -2.207109e-07
2.273737e-13 1.136868e-13 2.779757e-09 3.247939e-11 1.752623e-11 -2.326080e-07
2.273737e-13 1.136868e-13 2.424713e-09 -1.719142e-11 -1.168959e-11 -2.373355e-07
2.273737e-13 1.136868e-13 2.067736e-09 -8.185937e-11 -5.796219e-11 -2.356463e-07
1.136868e-13 0.000000e+00 1.717808e-09 -1.438086e-10 -1.029069e-10 -2.283794e-07
-1.136868e-13 -1.136868e-13 1.382659e-09 -1.757847e-10 -1.288159e-10 -2.164319e-07
-3.410605e-13 -3.410605e-13 1.068543e-09 -1.621919e-10 -1.213938e-10 -2.007359e-07
-5.684342e-13 -5.684342e-13 7.803465e-10 -1.010173e-10 -6.975775e-11 -1.822189e-07
-5.684342e-13 -6.821210e-13 5.218226e-10 -1.464516e-11 1.523814e-11 -1.617986e-07
-4.547474e-13 -5.684342e-13 2.949037e-10 6.697744e-11 1.050222e-10 -1.403421e-07
-3.410605e-13 -3.410605e-13 1.007265e-10 1.282072e-10 1.703222e-10 -1.186267e-07
-1.136868e-13 -1.136868e-13 -6.093615e-11 1.513106e-10 1.954893e-10 -9.732965e-08
1.136868e-13 2.273737e-13 -1.912213e-10 1.274683e-10 1.696903e-10 -7.699655e-08
3.410605e-13 4.547474e-13 -2.919478e-10 6.151225e-11 9.495345e-11 -5.803771e-08
3.410605e-13 4.547474e-13 -3.653895e-10 -2.553278e-11 -1.583981e-12 -4.074992e-08
2.273737e-13 3.410605e-13 -4.142748e-10 -1.003670e-10 -8.859080e-11 -2.533759e-08
1.136868e-13 1.136868e-13 -4.414460e-10 -1.452434e-10 -1.422763e-10 -1.193179e-08
-1.136868e-13 -1.136868e-13 -4.499725e-10 -1.472770e-10 -1.497425e-10 -6.017980e-10
-3.410605e-13 -3.410605e-13 -4.431513e-10 -9.628077e-11 -1.109593e-10 8.651731e-09
-3.410605e-13 -4.547474e-13 -4.240519e-10 -1.535996e-11 -3.955205e-11 1.588725e-08
-2.273737e-13 -4.547474e-13 -3.955165e-10 5.872990e-11 4.064537e-11 2.119922e-08
-1.136868e-13 -2.273737e-13 -3.603873e-10 1.110611e-10 1.011048e-10 2.473035e-08
0.000000e+00 -1.136868e-13 -3.212790e-10 1.341698e-10 1.296411e-10 2.668243e-08
2.273737e-13 1.136868e-13 -2.803517e-10 1.117297e-10 1.242234e-10 2.729936e-08
3.410605e-13 3.410605e-13 -2.394245e-10 4.579953e-11 7.733940e-11 2.685024e-08
3.410605e-13 4.547474e-13 -1.998615e-10 -3.778667e-11 -1.489481e-13 2.560425e-08
2.273737e-13 3.410605e-13 -1.625722e-10 -1.111814e-10 -7.899248e-11 2.379786e-08
1.136868e-13 2.273737e-13 -1.283524e-10 -1.567216e-10 -1.388124e-10 2.162398e-08
-1.136868e-13 0.000000e+00 -9.765699e-11 -1.635146e-10 -1.646442e-10 1.923751e-08
-3.410605e-13 -2.273737e-13 -7.059953e-11 -1.220503e-10 -1.442118e-10 1.674171e-08
-5.684342e-13 -4.547474e-13 -4.740741e-11 -3.365153e-11 -8.028586e-11 1.420855e-08
-4.547474e-13 -4.547474e-13 -2.808065e-11 7.040154e-11 6.762783e-12 1.170598e-08
-2.273737e-13 -3.410605e-13 -1.239187e-11 1.465122e-10 8.428171e-11 9.291119e-09
0.000000e+00 -2.273737e-13 -2.273737e-13 1.756882e-10 1.366146e-10 7.021656e-09
2.273737e-13 0.000000e+00 8.753887e-12 1.519108e-10 1.529301e-10 4.966205e-09
4.547474e-13 2.273737e-13 1.477929e-11 7.515838e-11 1.229763e-10 3.198873e-09
4.547474e-13 4.547474e-13 1.830358e-11 -3.286635e-11 5.019564e-11 1.781499e-09
3.410605e-13 4.547474e-13 2.012257e-11 -1.395754e-10 -4.292043e-11 7.270060e-10
0.000000e+00 2.273737e-13 2.057732e-11 -2.102923e-10 -1.224022e-10 6.157217e-12
-3.410605e-13 0.000000e+00 2.012257e-11 -2.211738e-10 -1.726741e-10 -4.381114e-10
-6.821210e-13 -2.273737e-13 1.921308e-11 -1.708401e-10 -1.950664e-10 -6.927785e-10
-7.958079e-13 -5.684342e-13 1.807621e-11 -7.768782e-11 -1.801030e-10 -8.537205e-10
-7.958079e-13 -7.958079e-13 1.671197e-11 2.903139e-11 -1.223556e-10 -9.923432e-10
-6.821210e-13 -9.094947e-13 1.512035e-11 1.269354e-10 -3.465280e-11 -1.135733e-09
-3.410605e-13 -7.958079e-13 1.330136e-11 1.894925e-10 5.981908e-11 -1.277805e-09
0.000000e+00 -5.684342e-13 1.125500e-11 1.997104e-10 1.399940e-10 -1.388640e-09
3.410605e-13 -3.410605e-13 9.094947e-12 1.581890e-10 1.997467e-10 -1.430115e-09
5.684342e-13 0.000000e+00 6.934897e-12 7.718391e-11 2.288205e-10 -1.374436e-09
5.684342e-13 3.410605e-13 5.002221e-12 -9.857742e-12 2.164942e-10 -1.218144e-09
4.547474e-13 6.821210e-13 3.296918e-12 -7.376599e-11 1.621031e-10 -9.829573e-10
3.410605e-13 9.094947e-13 2.046363e-12 -1.111666e-10 7.168765e-11 -7.083711e-10
2.273737e-13 9.094947e-13 1.250555e-12 -1.240473e-10 -3.565580e-11 -4.494551e-10
0.000000e+00 7.958079e-13 7.958079e-13 -1.090302e-10 -1.395927e-10 -2.489817e-10
-1.136868e-13 4.547474e-13 5.684342e-13 -7.297835e-11 -2.170758e-10 -1.233019e-10
-2.273737e-13 1.136868e-13 4.547474e-13 -2.810856e-11 -2.531189e-10 -7.239967e-11
-2.273737e-13 -2.273737e-13 3.410605e-13 1.270034e-11 -2.490564e-10 -7.788116e-11
-2.273737e-13 -5.684342e-13 2.273737e-13 4.126476e-11 -2.055521e-10 -1.159425e-10
-1.136868e-13 -9.094947e-13 0.000000e+00 5.006484e-11 -1.246429e-10 -1.567372e-10
0.000000e+00 -1.023182e-12 -2.273737e-13 3.027472e-11 -2.264019e-11 -1.751001e-10
0.000000e+00 -9.094947e-13 -4.547474e-13 -5.815905e-12 7.116911e-11 -1.648270e-10
0.000000e+00 -6.821210e-13 -6.821210e-13 -4.457742e-11 1.377811e-10 -1.233568e-10
-1.136868e-13 -4.547474e-13 -9.094947e-13 -7.107878e-11 1.738293e-10 -4.867201e-11
-2.273737e-13 -2.273737e-13 -9.094947e-13 -6.905826e-11 1.833810e-10 4.577570e-11
-3.410605e-13 0.000000e+00 -6.821210e-13 -3.507046e-11 1.677580e-10 1.306977e-10
-3.410605e-13 2.273737e-13 -4.547474e-13 1.798016e-11 1.228723e-10 1.918503e-10
-3.410605e-13 4.547474e-13 -1.136868e-13 7.165488e-11 5.082089e-11 2.211246e-10
-2.273737e-13 4.547474e-13 2.273737e-13 1.124507e-10 -2.734885e-11 2.122746e-10
-1.136868e-13 4.547474e-13 5.684342e-13 1.288172e-10 -9.603930e-11 1.653451e-10
1.136868e-13 3.410605e-13 7.958079e-13 1.105119e-10 -1.511319e-10 8.106740e-11
2.273737e-13 1.136868e-13 7.958079e-13 5.482706e-11 -1.796530e-10 -2.229876e-11
3.410605e-13 -1.136868e-13 6.821210e-13 -2.880349e-11 -1.714573e-10 -1.222932e-10
2.273737e-13 -3.410605e-13 3.410605e-13 -1.178721e-10 -1.313557e-10 -1.957537e-10
-1.136868e-13 -5.684342e-13 0.000000e+00 -1.722665e-10 -7.089684e-11 -2.222994e-10
-3.410605e-13 -6.821210e-13 -3.410605e-13 -1.777169e-10 -3.661821e-12 -1.971561e-10
-5.684342e-13 -6.821210e-13 -6.821210e-13 -1.437272e-10 5.205363e-11 -1.196531e-10
-7.958079e-13 -5.684342e-13 -7.958079e-13 -7.098621e-11 7.996228e-11 -6.785730e-12
-7.958079e-13 -4.547474e-13 -6.821210e-13 2.214965e-11 7.931273e-11 1.088363e-10
-6.821210e-13 -3.410605e-13 -4.547474e-13 1.057535e-10 6.094309e-11 1.999763e-10
-5.684342e-13 -2.273737e-13 -1.136868e-13 1.669155e-10 3.301406e-11 2.441805e-10
-3.410605e-13 -2.273737e-13 2.273737e-13 1.940999e-10 9.196469e-12 2.285805e-10
0.000000e+00 -2.273737e-13 5.684342e-13 1.709823e-10 2.425121e-12 1.552501e-10
2.273737e-13 -2.273737e-13 6.821210e-13 1.043772e-10 1.329895e-11 4.790408e-11
2.273737e-13 -2.273737e-13 6.821210e-13 2.757601e-11 3.980903e-11 -6.220852e-11
2.273737e-13 -1.136868e-13 4.547474e-13 -3.708169e-11 6.426980e-11 -1.444641e-10
2.273737e-13 0.000000e+00 2.273737e-13 -8.204151e-11 6.835747e-11 -1.797546e-10
1.136868e-13 1.136868e-13 0.000000e+00 -9.838464e-11 4.800764e-11 -1.701556e-10
0.000000e+00 2.273737e-13 -2.273737e-13 -8.345283e-11 3.845521e-12 -1.205195e-10
-1.136868e-13 2.273737e-13 -4.547474e-13 -4.542054e-11 -5.593313e-11 -3.617218e-11
-2.273737e-13 1.136868e-13 -3.410605e-13 5.539345e-12 -1.137218e-10 5.499310e-11
-2.273737e-13 -1.136868e-13 -1.136868e-13 5.447005e-11 -1.450112e-10 1.257134e-10
-1.136868e-13 -3.410605e-13 1.136868e-13 8.168377e-11 -1.409419e-10 1.828071e-10
0.000000e+00 -5.684342e-13 3.410605e-13 7.627061e-11 -1.022081e-10 2.378342e-10
1.136868e-13 -6.821210e-13 6.821210e-13 4.091082e-11 -3.899565e-11 2.928487e-10
2.273737e-13 -7.958079e-13 1.136868e-12 -1.210240e-11 3.713355e-11 3.417839e-10
2.273737e-13 -6.821210e-13 1.705303e-12 -6.647627e-11 1.105422e-10 3.703277e-10
1.136868e-13 -5.684342e-13 2.273737e-12 -1.025316e-10 1.676029e-10 3.642213e-10
0.000000e+00 -3.410605e-13 2.842171e-12 -1.080148e-10 2.029205e-10 3.112266e-10
-1.136868e-13 0.000000e+00 3.183231e-12 -8.697426e-11 2.001568e-10 2.127020e-10
-2.273737e-13 3.410605e-13 3.410605e-12 -4.756681e-11 1.559308e-10 8.287561e-11
-3.410605e-13 5.684342e-13 3.410605e-12 2.711062e-12 8.248830e-11 -5.178794e-11
-3.410605e-13 5.684342e-13 3.183231e-12 4.687483e-11 3.594167e-12 -1.517791e-10
-2.273737e-13 5.684342e-13 2.955858e-12 6.863481e-11 -6.775428e-11 -1.960382e-10
-1.136868e-13 4.547474e-13 2.614797e-12 6.389810e-11 -1.282233e-10 -1.783825e-10
0.000000e+00 2.273737e-13 2.387424e-12 3.806513e-11 -1.642258e-10 -1.110912e-10
1.136868e-13 0.000000e+00 2.387424e-12 -2.052493e-12 -1.723503e-10 -3.978616e-11
1.136868e-13 -2.273737e-13 2.273737e-12 -4.147339e-11 -1.546968e-10 -9.933231e-12
0.000000e+00 -4.547474e-13 2.273737e-12 -5.569734e-11 -1.118530e-10 -6.566669e-11
-1.136868e-13 -5.684342e-13 2.046363e-12 -3.391656e-11 -5.266536e-11 -2.417330e-10
-1.136868e-13 -6.821210e-13 1.477929e-12 1.567603e-11 1.665883e-11 -5.375106e-10
-1.136868e-13 -6.821210e-13 4.547474e-13 8.228222e-11 9.206349e-11 -9.284588e-10
0.000000e+00 -4.547474e-13 -1.250555e-12 1.455388e-10 1.511738e-10 -1.360867e-09
2.273737e-13 -2.273737e-13 -3.637979e-12 1.768515e-10 1.756369e-10 -1.759291e-09
4.547474e-13 0.000000e+00 -6.480150e-12 1.605458e-10 1.641157e-10 -2.067294e-09
6.821210e-13 2.273737e-13 -9.777068e-12 9.119109e-11 1.206371e-10 -2.253643e-09
6.821210e-13 4.547474e-13 -1.330136e-11 -1.280299e-11 5.266054e-11 -2.321061e-09
5.684342e-13 4.547474e-13 -1.682565e-11 -1.249560e-10 -1.458417e-11 -2.314385e-09
2.273737e-13 4.547474e-13 -2.034994e-11 -2.153536e-10 -5.869971e-11 -2.295430e-09
-1.136868e-13 3.410605e-13 -2.376055e-11 -2.533482e-10 -7.499604e-11 -2.332141e-09
-4.547474e-13 2.273737e-13 -2.739853e-11 -2.294971e-10 -6.343431e-11 -2.458569e-09
-7.958079e-13 1.136868e-13 -3.115019e-11 -1.417939e-10 -2.942678e-11 -2.667229e-09
-9.094947e-13 1.136868e-13 -3.535661e-11 -1.054639e-11 8.679788e-12 -2.903097e-09
-7.958079e-13 1.136868e-13 -3.979039e-11 1.234005e-10 2.706358e-11 -3.064863e-09
-4.547474e-13 1.136868e-13 -4.445155e-11 2.185624e-10 2.024110e-11 -3.040325e-09
-1.136868e-13 1.136868e-13 -4.888534e-11 2.498496e-10 -1.309380e-11 -2.728193e-09
2.273737e-13 1.136868e-13 -5.263701e-11 2.152319e-10 -6.619053e-11 -2.069271e-09
5.684342e-13 0.000000e+00 -5.502443e-11 1.201110e-10 -1.172450e-10 -1.070419e-09
6.821210e-13 -2.273737e-13 -5.570655e-11 -1.310004e-11 -1.389736e-10 2.160654e-10
5.684342e-13 -4.547474e-13 -5.434231e-11 -1.415193e-10 -1.083728e-10 1.729651e-09
2.273737e-13 -5.684342e-13 -5.047696e-11 -2.203273e-10 -2.615150e-11 3.392178e-09
-1.136868e-13 -4.547474e-13 -4.411049e-11 -2.311604e-10 7.918664e-11 5.135020e-09
-4.547474e-13 -2.273737e-13 -3.501555e-11 -1.767369e-10 1.770928e-10 6.920653e-09
-5.684342e-13 1.136868e-13 -2.330580e-11 -7.677122e-11 2.417110e-10 8.745760e-09
-5.684342e-13 4.547474e-13 -8.867573e-12 3.814494e-11 2.519517e-10 1.064163e-08
-3.410605e-13 7.958079e-13 8.526513e-12 1.333089e-10 1.976149e-10 1.263542e-08
-1.136868e-13 1.023182e-12 2.910383e-11 1.835942e-10 8.481777e-11 1.472442e-08
1.136868e-13 1.023182e-12 5.275069e-11 1.876765e-10 -5.381179e-11 1.688273e-08
3.410605e-13 7.958079e-13 7.969447e-11 1.475670e-10 -1.734457e-10 1.904714e-08
5.684342e-13 4.547474e-13 1.098215e-10 6.939582e-11 -2.366906e-10 2.110070e-08
5.684342e-13 1.136868e-13 1.429044e-10 -2.165936e-11 -2.237875e-10 2.289385e-08
4.547474e-13 -2.273737e-13 1.784883e-10 -9.234635e-11 -1.299549e-10 2.425929e-08
3.410605e-13 -3.410605e-13 2.156639e-10 -1.270378e-10 2.571608e-11 2.504537e-08
1.136868e-13 -2.273737e-13 2.535216e-10 -1.148316e-10 1.983895e-10 2.513516e-08
-1.136868e-13 2.273737e-13 2.910383e-10 -5.300348e-11 3.262441e-10 2.443138e-08
-1.136868e-13 7.958079e-13 3.268497e-10 2.922488e-11 3.582222e-10 2.286874e-08
0.000000e+00 1.364242e-12 3.597052e-10 9.512980e-11 2.848137e-10 2.040647e-08
1.136868e-13 1.705303e-12 3.881269e-10 1.303793e-10 1.264421e-10 1.701260e-08
3.410605e-13 1.818989e-12 4.107505e-10 1.262239e-10 -7.743462e-11 1.266339e-08
5.684342e-13 1.591616e-12 4.260983e-10 7.733278e-11 -2.717794e-10 7.339085e-09
6.821210e-13 1.023182e-12 4.328058e-10 -2.140484e-12 -3.947812e-10 1.020595e-09
5.684342e-13 4.547474e-13 4.291678e-10 -8.033330e-11 -4.171973e-10 -6.278443e-09
4.547474e-13 -2.273737e-13 4.139338e-10 -1.367780e-10 -3.376557e-10 -1.449679e-08
2.273737e-13 -5.684342e-13 3.857394e-10 -1.618847e-10 -1.915235e-10 -2.354063e-08
0.000000e+00 -7.958079e-13 3.433342e-10 -1.489352e-10 -3.723288e-11 -3.324548e-08
-2.273737e-13 -6.821210e-13 2.859224e-10 -1.040706e-10 6.538015e-11 -4.336993e-08
-3.410605e-13 -5.684342e-13 2.131628e-10 -3.949887e-11 6.737246e-11 -5.362555e-08
-4.547474e-13 -4.547474e-13 1.249418e-10 3.458802e-11 -4.212092e-11 -6.367449e-08
-3.410605e-13 -6.821210e-13 2.205525e-11 1.025776e-10 -2.406662e-10 -7.316048e-08
-2.273737e-13 -1.250555e-12 -9.447376e-11 1.548843e-10 -4.765736e-10 -8.173802e-08
0.000000e+00 -2.160050e-12 -2.230536e-10 1.901848e-10 -6.968338e-10 -8.906850e-08
3.410605e-13 -3.296918e-12 -3.616378e-10 1.969798e-10 -8.579487e-10 -9.482478e-08
6.821210e-13 -4.661160e-12 -5.074980e-10 1.711565e-10 -9.286512e-10 -9.870894e-08
9.094947e-13 -6.025402e-12 -6.576784e-10 1.208614e-10 -9.062046e-10 -1.004572e-07
1.136868e-12 -7.389644e-12 -8.087682e-10 4.680033e-11 -8.104052e-10 -9.982750e-08
1.136868e-12 -8.526513e-12 -9.571295e-10 -4.694532e-11 -6.751766e-10 -9.659273e-08
9.094947e-13 -9.436008e-12 -1.098556e-09 -1.372803e-10 -5.487111e-10 -9.054953e-08
5.684342e-13 -1.011813e-11 -1.228841e-09 -2.045369e-10 -4.657951e-10 -8.154153e-08
2.273737e-13 -1.080025e-11 -1.343324e-09 -2.432982e-10 -4.318591e-10 -6.948581e-08
-1.136868e-13 -1.148237e-11 -1.437343e-09 -2.514919e-10 -4.210181e-10 -5.441843e-08
-4.547474e-13 -1.216449e-11 -1.506578e-09 -2.195466e-10 -3.945072e-10 -3.650463e-08
-7.958079e-13 -1.273293e-11 -1.546937e-09 -1.379971e-10 -3.149022e-10 -1.604021e-08
-9.094947e-13 -1.307399e-11 -1.554781e-09 -1.566890e-11 -1.550430e-10 6.532185e-09
-7.958079e-13 -1.318767e-11 -1.527383e-09 1.169373e-10 1.020369e-10 3.064273e-08
-4.547474e-13 -1.284661e-11 -1.462922e-09 2.176338e-10 4.563924e-10 5.564137e-08
-1.136868e-13 -1.182343e-11 -1.360490e-09 2.598443e-10 8.821310e-10 8.082842e-08
2.273737e-13 -1.011813e-11 -1.220428e-09 2.381509e-10 1.342494e-09 1.054871e-07
5.684342e-13 -7.730705e-12 -1.043986e-09 1.497909e-10 1.809687e-09 1.289110e-07
6.821210e-13 -4.661160e-12 -8.336656e-10 1.104458e-11 2.264636e-09 1.504241e-07
5.684342e-13 -9.094947e-13 -5.926495e-10 -1.392912e-10 2.697101e-09 1.693695e-07
2.273737e-13 3.524292e-12 -3.254854e-10 -2.542652e-10 3.107813e-09 1.851176e-07
-2.273737e-13 8.526513e-12 -3.740297e-11 -2.944654e-10 3.498775e-09 1.970760e-07
-6.821210e-13 1.409717e-11 2.655725e-10 -2.408872e-10 3.872030e-09 2.046784e-07
-9.094947e-13 2.012257e-11 5.766196e-10 -1.063382e-10 4.219457e-09 2.074167e-07
-9.094947e-13 2.671641e-11 8.878942e-10 6.911715e-11 4.509767e-09 2.049108e-07
-6.821210e-13 3.376499e-11 1.191438e-09 2.398214e-10 4.687955e-09 1.969596e-07
-2.273737e-13 4.092726e-11 1.478838e-09 3.533602e-10 4.700934e-09 1.835718e-07
3.410605e-13 4.786216e-11 1.742137e-09 3.703909e-10 4.522138e-09 1.649902e-07
9.094947e-13 5.445600e-11 1.973831e-09 2.793359e-10 4.136634e-09 1.416697e-07
1.250555e-12 6.036771e-11 2.167099e-09 1.011889e-10 3.537596e-09 1.142543e-07
1.250555e-12 6.514256e-11 2.316483e-09 -1.109583e-10 2.746815e-09 8.352179e-08
1.023182e-12 6.855316e-11 2.417664e-09 -3.026605e-10 1.809821e-09 5.032573e-08
4.547474e-13 7.048584e-11 2.467459e-09 -4.188935e-10 7.721478e-10 1.557455e-08
-2.273737e-13 7.082690e-11 2.464276e-09 -4.174878e-10 -3.308430e-10 -1.979072e-08
-9.094947e-13 6.957634e-11 2.408001e-09 -2.930232e-10 -1.484857e-09 -5.482553e-08
-1.250555e-12 6.639311e-11 2.299885e-09 -8.431000e-11 -2.679709e-09 -8.859417e-08
-1.136868e-12 6.150458e-11 2.142315e-09 1.304985e-10 -3.911312e-09 -1.201576e-07
-7.958079e-13 5.468337e-11 1.939497e-09 2.854885e-10 -5.180924e-09 -1.486066e-07
-2.273737e-13 4.604317e-11 1.696549e-09 3.405310e-10 -6.483819e-09 -1.730899e-07
2.273737e-13 3.524292e-11 1.420176e-09 2.929362e-10 -7.787386e-09 -1.928581e-07
5.684342e-13 2.262368e-11 1.117883e-09 1.739882e-10 -9.037938e-09 -2.073352e-07
6.821210e-13 8.185452e-12 7.980816e-10 2.578947e-11 -1.018781e-08 -2.161568e-07
5.684342e-13 -7.844392e-12 4.694130e-10 -1.026654e-10 -1.117370e-08 -2.192093e-07
3.410605e-13 -2.523848e-11 1.405169e-10 -1.739442e-10 -1.192296e-08 -2.166247e-07
1.136868e-13 -4.354206e-11 -1.804210e-10 -1.765575e-10 -1.236829e-08 -2.087537e-07
-1.136868e-13 -6.230039e-11 -4.856702e-10 -1.207322e-10 -1.245594e-08 -1.961419e-07
-2.273737e-13 -8.083134e-11 -7.687504e-10 -3.299768e-11 -1.215733e-08 -1.794658e-07
-1.136868e-13 -9.868018e-11 -1.024091e-09 3.837202e-11 -1.145756e-08 -1.594740e-07
0.000000e+00 -1.151648e-10 -1.247145e-09 6.012304e-11 -1.035123e-08 -1.369723e-07
1.136868e-13 -1.297167e-10 -1.434955e-09 3.290406e-11 -8.853888e-09 -1.127767e-07
1.136868e-13 -1.417675e-10 -1.585477e-09 -2.631467e-11 -6.992709e-09 -8.769295e-08
1.136868e-13 -1.507487e-10 -1.698027e-09 -9.369439e-11 -4.811947e-09 -6.252353e-08
0.000000e+00 -1.562057e-10 -1.773060e-09 -1.433971e-10 -2.372138e-09 -3.803882e-08
-2.273737e-13 -1.577973e-10 -1.812168e-09 -1.488556e-10 2.553744e-10 -1.496103e-08
-4.547474e-13 -1.554099e-10 -1.817966e-09 -9.509000e-11 2.997785e-09 6.068575e-09
-4.547474e-13 -1.488161e-10 -1.793978e-09 1.258345e-13 5.772121e-09 2.453465e-08
-3.410605e-13 -1.381295e-10 -1.744297e-09 9.872297e-11 8.481899e-09 4.007532e-08
-1.136868e-13 -1.233502e-10 -1.673698e-09 1.701191e-10 1.102165e-08 5.251924e-08
1.136868e-13 -1.050466e-10 -1.586727e-09 1.959718e-10 1.329553e-08 6.189234e-08
4.547474e-13 -8.355983e-11 -1.487933e-09 1.653710e-10 1.522266e-08 6.838841e-08
6.821210e-13 -5.945822e-11 -1.381522e-09 8.242041e-11 1.672618e-08 7.235220e-08
6.821210e-13 -3.342393e-11 -1.270905e-09 -2.357930e-11 1.774558e-08 7.423516e-08
5.684342e-13 -6.252776e-12 -1.158924e-09 -1.200816e-10 1.824004e-08 7.454589e-08
2.273737e-13 2.125944e-11 -1.047283e-09 -1.778766e-10 1.819323e-08 7.379248e-08
0.000000e+00 4.831691e-11 -9.374617e-10 -1.894026e-10 1.760987e-08 7.247538e-08
-2.273737e-13 7.401013e-11 -8.299139e-10 -1.662635e-10 1.652260e-08 7.108481e-08
-4.547474e-13 9.777068e-11 -7.242988e-10 -1.173367e-10 1.497566e-08 7.005463e-08
-6.821210e-13 1.189164e-10 -6.198206e-10 -5.679364e-11 1.301322e-08 6.975753e-08
-7.958079e-13 1.368790e-10 -5.151151e-10 -3.754974e-12 1.069304e-08 7.049204e-08
-7.958079e-13 1.510898e-10 -4.083631e-10 2.271608e-11 8.087900e-09 7.244784e-08
-7.958079e-13 1.612079e-10 -2.977458e-10 2.267940e-11 5.276042e-09 7.569630e-08
-7.958079e-13 1.670060e-10 -1.812168e-10 1.106647e-11 2.327504e-09 8.016878e-08
-7.958079e-13 1.682565e-10 -5.718448e-11 8.942476e-12 -6.767895e-10 8.564760e-08
-7.958079e-13 1.649596e-10 7.571543e-11 3.472145e-11 -3.647778e-09 9.178326e-08
-7.958079e-13 1.573426e-10 2.181650e-10 9.584689e-11 -6.505202e-09 9.810593e-08
-5.684342e-13 1.455192e-10 3.699370e-10 1.773769e-10 -9.157853e-09 1.040730e-07
-2.273737e-13 1.298304e-10 5.302354e-10 2.453540e-10 -1.150172e-08 1.090989e-07
1.136868e-13 1.109584e-10 6.971277e-10 2.786371e-10 -1.344578e-08 1.125941e-07
5.684342e-13 8.958523e-11 8.679990e-10 2.575490e-10 -1.492336e-08 1.140058e-07
9.094947e-13 6.627943e-11 1.039211e-09 1.711781e-10 -1.587454e-08 1.128565e-07
1.023182e-12 4.206413e-11 1.206558e-09 3.857305e-11 -1.625654e-08 1.087841e-07
1.023182e-12 1.762146e-11 1.365493e-09 -1.109669e-10 -1.605652e-08 1.015366e-07
7.958079e-13 -6.139089e-12 1.511125e-09 -2.468635e-10 -1.528939e-08 9.097212e-08
3.410605e-13 -2.830802e-11 1.638341e-09 -3.345238e-10 -1.401169e-08 7.707695e-08
-1.136868e-13 -4.820322e-11 1.742251e-09 -3.555984e-10 -1.231389e-08 5.997489e-08
-6.821210e-13 -6.525624e-11 1.818194e-09 -3.073025e-10 -1.030126e-08 3.993320e-08
-1.023182e-12 -7.912604e-11 1.862077e-09 -2.067195e-10 -8.081941e-09 1.736256e-08
-1.250555e-12 -8.958523e-11 1.870376e-09 -8.306076e-11 -5.758520e-09 -7.182155e-09
-1.250555e-12 -9.640644e-11 1.840590e-09 3.930266e-11 -3.439109e-09 -3.300526e-08
-1.023182e-12 -9.981704e-11 1.771468e-09 1.297231e-10 -1.224368e-09 -5.931186e-08
-7.958079e-13 -1.000444e-10 1.662670e-09 1.786535e-10 8.156868e-10 -8.522681e-08
-5.684342e-13 -9.731593e-11 1.515787e-09 2.010330e-10 2.627327e-09 -1.098586e-07
-2.273737e-13 -9.208634e-11 1.333206e-09 1.989405e-10 4.175812e-09 -1.323492e-07
1.136868e-13 -8.481038e-11 1.118792e-09 1.731336e-10 5.451567e-09 -1.518845e-07
3.410605e-13 -7.571543e-11 8.775487e-10 1.344285e-10 6.448534e-09 -1.677404e-07
5.684342e-13 -6.536993e-11 6.156142e-10 8.346586e-11 7.169421e-09 -1.793110e-07
6.821210e-13 -5.411493e-11 3.396963e-10 1.891834e-11 7.625765e-09 -1.861250e-07
6.821210e-13 -4.240519e-11 5.718448e-11 -5.177842e-11 7.831802e-09 -1.878506e-07
5.684342e-13 -3.058176e-11 -2.239631e-10 -1.211154e-10 7.812687e-09 -1.843274e-07
3.410605e-13 -1.898570e-11 -4.957883e-10 -1.836108e-10 7.599087e-09 -1.755885e-07
1.136868e-13 -7.844392e-12 -7.506742e-10 -2.365883e-10 7.216852e-09 -1.618422e-07
-2.273737e-13 2.614797e-12 -9.812311e-10 -2.692175e-10 6.685678e-09 -1.434725e-07
-6.821210e-13 1.216449e-11 -1.180979e-09 -2.529294e-10 6.032068e-09 -1.210350e-07
-1.023182e-12 2.069100e-11 -1.344347e-09 -1.734596e-10 5.278542e-09 -9.522323e-08
-1.136868e-12 2.808065e-11 -1.466674e-09 -4.778320e-11 4.444815e-09 -6.685597e-08
-1.136868e-12 3.410605e-11 -1.544890e-09 1.023908e-10 3.568903e-09 -3.683085e-08
-9.094947e-13 3.876721e-11 -1.577177e-09 2.546024e-10 2.696460e-09 -6.075369e-09
-4.547474e-13 4.217782e-11 -1.563080e-09 3.762435e-10 1.860836e-09 2.447956e-08
2.273737e-13 4.445155e-11 -1.503736e-09 4.279207e-10 1.083697e-09 5.394861e-08
9.094947e-13 4.547474e-11 -1.401304e-09 3.885126e-10 3.990683e-10 8.150969e-08
1.364242e-12 4.558842e-11 -1.259309e-09 2.702883e-10 -1.637920e-10 1.064236e-07
1.705303e-12 4.501999e-11 -1.082185e-09 9.297442e-11 -5.955209e-10 1.280437e-07
1.705303e-12 4.388312e-11 -8.752750e-10 -1.088527e-10 -8.872315e-10 1.458150e-07
1.477929e-12 4.240519e-11 -6.447181e-10 -2.923630e-10 -1.039540e-09 1.592983e-07
9.094947e-13 4.069989e-11 -3.973355e-10 -4.139897e-10 -1.057926e-09 1.681902e-07
2.273737e-13 3.910827e-11 -1.401759e-10 -4.424913e-10 -9.655219e-10 1.723345e-07
-4.547474e-13 3.774403e-11 1.197122e-10 -3.737922e-10 -8.119566e-10 1.717182e-07
-9.094947e-13 3.660716e-11 3.750529e-10 -2.302830e-10 -6.556916e-10 1.664916e-07
-1.136868e-12 3.569767e-11 6.192522e-10 -5.354449e-11 -5.585843e-10 1.569620e-07
-1.136868e-12 3.490186e-11 8.460574e-10 1.211249e-10 -5.845084e-10 1.435700e-07
-7.958079e-13 3.387868e-11 1.050012e-09 2.516458e-10 -7.817647e-10 1.268808e-07
-3.410605e-13 3.251444e-11 1.226681e-09 3.059953e-10 -1.184987e-09 1.075402e-07
1.136868e-13 3.035439e-11 1.372655e-09 2.862605e-10 -1.797594e-09 8.622294e-08
5.684342e-13 2.705747e-11 1.485432e-09 2.066965e-10 -2.574053e-09 6.359528e-08
7.958079e-13 2.250999e-11 1.563421e-09 9.787180e-11 -3.449741e-09 4.030316e-08
7.958079e-13 1.659828e-11 1.606281e-09 4.751433e-12 -4.354011e-09 1.693827e-08
7.958079e-13 9.436008e-12 1.614239e-09 -5.299437e-11 -5.229112e-09 -5.977110e-09
