0.000000e+00 0.000000e+00 0.000000e+00 0.000000e+00 0.000000e+00 0.000000e+00
0.000000e+00 0.000000e+00 0.000000e+00 0.000000e+00 0.000000e+00 0.000000e+00
0.000000e+00 0.000000e+00 0.000000e+00 0.000000e+00 0.000000e+00 0.000000e+00
0.000000e+00 0.000000e+00 0.000000e+00 0.000000e+00 0.000000e+00 0.000000e+00
0.000000e+00 0.000000e+00 0.000000e+00 0.000000e+00 0.000000e+00 0.000000e+00
0.000000e+00 0.000000e+00 0.000000e+00 0.000000e+00 0.000000e+00 0.000000e+00
0.000000e+00 0.000000e+00 0.000000e+00 0.000000e+00 0.000000e+00 0.000000e+00
0.000000e+00 0.000000e+00 0.000000e+00 0.000000e+00 0.000000e+00 0.000000e+00
0.000000e+00 0.000000e+00 0.000000e+00 0.000000e+00 0.000000e+00 0.000000e+00
0.000000e+00 0.000000e+00 0.000000e+00 0.000000e+00 0.000000e+00 0.000000e+00
0.000000e+00 0.000000e+00 0.000000e+00 0.000000e+00 0.000000e+00 0.000000e+00
0.000000e+00 0.000000e+00 0.000000e+00 0.000000e+00 0.000000e+00 0.000000e+00
0.000000e+00 0.000000e+00 0.000000e+00 0.000000e+00 0.000000e+00 0.000000e+00
0.000000e+00 0.000000e+00 0.000000e+00 0.000000e+00 0.000000e+00 0.000000e+00
0.000000e+00 0.000000e+00 0.000000e+00 0.000000e+00 0.000000e+00 0.000000e+00
0.000000e+00 0.000000e+00 0.000000e+00 0.000000e+00 0.000000e+00 0.000000e+00
0.000000e+00 0.000000e+00 0.000000e+00 0.000000e+00 0.000000e+00 0.000000e+00
0.000000e+00 0.000000e+00 0.000000e+00 0.000000e+00 0.000000e+00 0.000000e+00
0.000000e+00 0.000000e+00 0.000000e+00 0.000000e+00 0.000000e+00 0.000000e+00
0.000000e+00 0.000000e+00 0.000000e+00 0.000000e+00 0.000000e+00 0.000000e+00
0.000000e+00 0.000000e+00 0.000000e+00 0.000000e+00 0.000000e+00 0.000000e+00
0.000000e+00 0.000000e+00 0.000000e+00 0.000000e+00 0.000000e+00 0.000000e+00
0.000000e+00 0.000000e+00 0.000000e+00 0.000000e+00 0.000000e+00 0.000000e+00
0.000000e+00 0.000000e+00 0.000000e+00 0.000000e+00 0.000000e+00 0.000000e+00
0.000000e+00 0.000000e+00 0.000000e+00 0.000000e+00 0.000000e+00 0.000000e+00
0.000000e+00 0.000000e+00 0.000000e+00 0.000000e+00 0.000000e+00 0.000000e+00
0.000000e+00 0.000000e+00 0.000000e+00 0.000000e+00 0.000000e+00 0.000000e+00
0.000000e+00 0.000000e+00 0.000000e+00 0.000000e+00 0.000000e+00 0.000000e+00
0.000000e+00 0.000000e+00 0.000000e+00 0.000000e+00 0.000000e+00 0.000000e+00
0.000000e+00 0.000000e+00 0.000000e+00 0.000000e+00 0.000000e+00 0.000000e+00
0.000000e+00 0.000000e+00 0.000000e+00 0.000000e+00 0.000000e+00 0.000000e+00
0.000000e+00 0.000000e+00 0.000000e+00 0.000000e+00 0.000000e+00 0.000000e+00
0.000000e+00 0.000000e+00 0.000000e+00 0.000000e+00 0.000000e+00 0.000000e+00
0.000000e+00 0.000000e+00 0.000000e+00 0.000000e+00 0.000000e+00 0.000000e+00
0.000000e+00 0.000000e+00 0.000000e+00 0.000000e+00 0.000000e+00 0.000000e+00
0.000000e+00 0.000000e+00 0.000000e+00 0.000000e+00 0.000000e+00 0.000000e+00
0.000000e+00 0.000000e+00 0.000000e+00 0.000000e+00 0.000000e+00 0.000000e+00
0.000000e+00 0.000000e+00 0.000000e+00 0.000000e+00 0.000000e+00 0.000000e+00
0.000000e+00 0.000000e+00 0.000000e+00 0.000000e+00 0.000000e+00 0.000000e+00
0.000000e+00 0.000000e+00 0.000000e+00 0.000000e+00 0.000000e+00 0.000000e+00
0.000000e+00 0.000000e+00 0.000000e+00 0.000000e+00 0.000000e+00 0.000000e+00
0.000000e+00 0.000000e+00 0.000000e+00 0.000000e+00 0.000000e+00 0.000000e+00
0.000000e+00 0.000000e+00 0.000000e+00 0.000000e+00 0.000000e+00 0.000000e+00
0.000000e+00 0.000000e+00 0.000000e+00 0.000000e+00 0.000000e+00 0.000000e+00
0.000000e+00 0.000000e+00 0.000000e+00 0.000000e+00 0.000000e+00 0.000000e+00
0.000000e+00 0.000000e+00 0.000000e+00 0.000000e+00 0.000000e+00 0.000000e+00
0.000000e+00 0.000000e+00 0.000000e+00 0.000000e+00 0.000000e+00 0.000000e+00
0.000000e+00 0.000000e+00 0.000000e+00 0.000000e+00 0.000000e+00 0.000000e+00
0.000000e+00 0.000000e+00 0.000000e+00 6.911979e-13 0.000000e+00 6.914569e-13
0.000000e+00 0.000000e+00 0.000000e+00 2.103657e-12 0.000000e+00 3.427221e-12
0.000000e+00 0.000000e+00 0.000000e+00 3.516116e-12 0.000000e+00 8.868687e-12
0.000000e+00 0.000000e+00 0.000000e+00 4.237377e-12 0.000000e+00 1.632388e-11
0.000000e+00 0.000000e+00 0.000000e+00 4.296986e-12 0.000000e+00 2.443943e-11
0.000000e+00 0.000000e+00 0.000000e+00 4.356076e-12 0.000000e+00 3.123167e-11
0.000000e+00 0.000000e+00 0.000000e+00 3.723969e-12 0.000000e+00 3.462676e-11
0.000000e+00 0.000000e+00 0.000000e+00 2.400664e-12 0.000000e+00 3.324229e-11
0.000000e+00 0.000000e+00 0.000000e+00 1.739011e-12 0.000000e+00 2.578658e-11
0.000000e+00 0.000000e+00 0.000000e+00 1.769592e-12 0.000000e+00 1.084717e-11
0.000000e+00 0.000000e+00 0.000000e+00 2.462345e-12 0.000000e+00 -1.022309e-11
0.000000e+00 0.000000e+00 0.000000e+00 3.125552e-12 0.000000e+00 -3.396640e-11
0.000000e+00 0.000000e+00 0.000000e+00 2.466490e-12 0.000000e+00 -5.770660e-11
0.000000e+00 0.000000e+00 -1.136868e-13 4.833451e-13 0.000000e+00 -7.471390e-11
0.000000e+00 0.000000e+00 -2.273737e-13 -2.885045e-12 0.000000e+00 -8.360851e-11
0.000000e+00 0.000000e+00 -3.410605e-13 -6.945151e-12 0.000000e+00 -9.043133e-11
0.000000e+00 0.000000e+00 -4.547474e-13 -9.622084e-12 0.000000e+00 -9.857668e-11
0.000000e+00 0.000000e+00 -5.684342e-13 -8.932181e-12 0.000000e+00 -1.101308e-10
0.000000e+00 0.000000e+00 -6.821210e-13 -5.535801e-12 0.000000e+00 -1.285038e-10
0.000000e+00 0.000000e+00 -9.094947e-13 -9.407601e-14 0.000000e+00 -1.529768e-10
0.000000e+00 0.000000e+00 -1.136868e-12 6.700758e-12 0.000000e+00 -1.869408e-10
0.000000e+00 0.000000e+00 -1.364242e-12 1.283368e-11 1.362909e-28 -2.366221e-10
0.000000e+00 0.000000e+00 -1.705303e-12 1.625987e-11 2.312487e-28 -2.944837e-10
0.000000e+00 0.000000e+00 -2.160050e-12 1.691919e-11 -2.520316e-29 -3.454475e-10
0.000000e+00 0.000000e+00 -2.728484e-12 1.754793e-11 -3.009645e-28 -3.719074e-10
0.000000e+00 0.000000e+00 -3.296918e-12 1.820725e-11 -4.222499e-28 -3.671007e-10
0.000000e+00 0.000000e+00 -3.865352e-12 1.751450e-11 -5.362457e-28 -3.283857e-10
0.000000e+00 0.000000e+00 -4.320100e-12 1.547045e-11 -7.938607e-28 -2.489322e-10
0.000000e+00 0.000000e+00 -4.547474e-12 1.138365e-11 -7.145290e-28 -1.361406e-10
0.000000e+00 0.000000e+00 -4.661160e-12 6.635709e-12 -2.909220e-28 1.275003e-11
0.000000e+00 0.000000e+00 -4.547474e-12 2.579489e-12 -1.089552e-29 2.208485e-10
0.000000e+00 0.000000e+00 -3.979039e-12 -1.536339e-12 1.048064e-28 4.941899e-10
0.000000e+00 0.000000e+00 -2.955858e-12 -5.621846e-12 -2.877038e-29 8.327824e-10
0.000000e+00 0.000000e+00 -1.477929e-12 -1.103040e-11 -1.461783e-29 1.255691e-09
0.000000e+00 0.000000e+00 7.958079e-13 -1.646927e-11 1.088001e-28 1.773729e-09
0.000000e+00 0.000000e+00 3.865352e-12 -1.920245e-11 -1.897604e-28 2.381493e-09
0.000000e+00 0.000000e+00 7.844392e-12 -2.127397e-11 -3.609790e-27 3.078370e-09
0.000000e+00 0.000000e+00 1.307399e-11 -2.193199e-11 -7.401276e-27 3.850077e-09
0.000000e+00 0.000000e+00 1.944045e-11 -2.054649e-11 -8.691057e-27 4.680955e-09
0.000000e+00 0.000000e+00 2.717115e-11 -1.780995e-11 -9.583172e-27 5.553959e-09
0.000000e+00 0.000000e+00 3.615241e-11 -1.303065e-11 -1.449228e-26 6.437243e-09
0.000000e+00 0.000000e+00 4.649792e-11 -6.929866e-12 -2.263670e-26 7.289315e-09
0.000000e+00 0.000000e+00 5.798029e-11 -1.391769e-13 -2.814324e-26 8.061885e-09
0.000000e+00 0.000000e+00 7.059953e-11 5.958242e-12 -3.009249e-26 8.688353e-09
0.000000e+00 0.000000e+00 8.412826e-11 9.319896e-12 -3.769098e-26 9.070157e-09
0.000000e+00 0.000000e+00 9.799805e-11 1.063828e-11 -4.472863e-26 9.103347e-09
0.000000e+00 0.000000e+00 1.115268e-10 1.126546e-11 -3.532855e-26 8.689977e-09
0.000000e+00 0.000000e+00 1.241460e-10 1.192323e-11 -2.532545e-26 7.723275e-09
0.000000e+00 0.000000e+00 1.348326e-10 1.261262e-11 -2.639996e-26 6.087669e-09
0.000000e+00 0.000000e+00 1.424496e-10 1.056909e-11 -2.605503e-26 3.679882e-09
0.000000e+00 0.000000e+00 1.458602e-10 7.175295e-12 -1.851858e-26 3.966266e-10
0.000000e+00 0.000000e+00 1.435865e-10 4.443417e-12 -1.370191e-26 -3.863519e-09
0.000000e+00 0.000000e+00 1.342642e-10 1.020081e-12 -1.026001e-26 -9.201146e-09
0.000000e+00 0.000000e+00 1.160743e-10 -3.065425e-12 -4.304312e-27 -1.570048e-08
0.000000e+00 0.000000e+00 8.719780e-11 -7.784075e-12 -1.967940e-27 -2.339292e-08
0.000000e+00 0.000000e+00 4.581580e-11 -1.316567e-11 -5.997189e-27 -3.224995e-08
0.000000e+00 0.000000e+00 -9.663381e-12 -1.858603e-11 -6.109323e-27 -4.217850e-08
0.000000e+00 0.000000e+00 -8.083134e-11 -2.200032e-11 9.564095e-27 -5.300808e-08
0.000000e+00 0.000000e+00 -1.687113e-10 -2.135659e-11 4.764793e-27 -6.449329e-08
0.000000e+00 0.000000e+00 -2.742127e-10 -1.318935e-11 1.940589e-26 -7.630316e-08
0.000000e+00 0.000000e+00 -3.975629e-10 4.553356e-12 8.198045e-26 -8.799389e-08
0.000000e+00 0.000000e+00 -5.381935e-10 2.778213e-11 2.013327e-25 -9.902169e-08
0.000000e+00 0.000000e+00 -6.947403e-10 5.168711e-11 3.607072e-25 -1.087565e-07
1.136868e-13 0.000000e+00 -8.645884e-10 6.260198e-11 3.487164e-25 -1.164943e-07
2.273737e-13 0.000000e+00 -1.044214e-09 4.492899e-11 2.549340e-25 -1.214649e-07
3.410605e-13 0.000000e+00 -1.228955e-09 -3.321635e-12 3.022620e-25 -1.228315e-07
3.410605e-13 0.000000e+00 -1.412786e-09 -6.925049e-11 4.585395e-25 -1.197086e-07
2.273737e-13 0.000000e+00 -1.588091e-09 -1.297795e-10 6.911979e-13 -1.112118e-07
0.000000e+00 0.000000e+00 -1.746344e-09 -1.617862e-10 2.073594e-12 -9.648051e-08
-2.273737e-13 0.000000e+00 -1.877538e-09 -1.475341e-10 2.764532e-12 -7.470844e-08
-4.547474e-13 0.000000e+00 -1.970534e-09 -8.226646e-11 2.072816e-12 -4.522400e-08
-4.547474e-13 0.000000e+00 -2.013280e-09 1.291791e-11 2.876802e-14 -7.551971e-09
-3.410605e-13 0.000000e+00 -1.993271e-09 1.053957e-10 -2.676156e-12 3.853964e-08
-1.136868e-13 0.000000e+00 -1.897774e-09 1.659484e-10 -5.380821e-12 9.298445e-08
1.136868e-13 0.000000e+00 -1.714398e-09 1.748295e-10 -7.424092e-12 1.553544e-07
3.410605e-13 0.000000e+00 -1.431658e-09 1.286043e-10 -8.114772e-12 2.248163e-07
5.684342e-13 0.000000e+00 -1.039894e-09 3.275917e-11 -6.761662e-12 3.001316e-07
4.547474e-13 0.000000e+00 -5.312586e-10 -7.536164e-11 -5.408812e-12 3.796189e-07
2.273737e-13 0.000000e+00 9.902124e-11 -1.481305e-10 -6.070205e-12 4.611328e-07
0.000000e+00 0.000000e+00 8.521965e-10 -1.684772e-10 -8.084708e-12 5.420893e-07
-2.273737e-13 0.000000e+00 1.725311e-09 -1.324479e-10 -1.148238e-11 6.194751e-07
-4.547474e-13 0.000000e+00 2.710522e-09 -4.542989e-11 -1.214430e-11 6.899057e-07
-4.547474e-13 0.000000e+00 3.794980e-09 6.275088e-11 -8.026395e-12 7.496819e-07
-2.273737e-13 0.000000e+00 4.959588e-09 1.471277e-10 -1.894768e-12 7.948915e-07
0.000000e+00 0.000000e+00 6.179675e-09 1.805210e-10 4.928316e-12 8.215438e-07
2.273737e-13 0.000000e+00 7.424319e-09 1.567742e-10 1.241279e-11 8.257112e-07
4.547474e-13 0.000000e+00 8.656912e-09 7.928300e-11 1.851410e-11 8.037058e-07
4.547474e-13 0.000000e+00 9.835503e-09 -2.476683e-11 1.920452e-11 7.522555e-07
3.410605e-13 0.000000e+00 1.091360e-08 -1.159430e-10 1.442419e-11 6.687029e-07
0.000000e+00 0.000000e+00 1.184151e-08 -1.588482e-10 6.938674e-12 5.511665e-07
-2.273737e-13 0.000000e+00 1.256706e-08 -1.418844e-10 -2.560825e-12 3.987188e-07
-4.547474e-13 0.000000e+00 1.303761e-08 -7.180923e-11 -1.142873e-11 2.115675e-07
-4.547474e-13 0.000000e+00 1.320166e-08 2.609916e-11 -1.418638e-11 -8.811016e-09
-3.410605e-13 0.000000e+00 1.301112e-08 1.123785e-10 -1.010511e-11 -2.595758e-07
-2.273737e-13 0.000000e+00 1.242290e-08 1.701103e-10 -1.927814e-12 -5.364518e-07
0.000000e+00 0.000000e+00 1.140177e-08 1.850370e-10 8.924858e-12 -8.337085e-07
2.273737e-13 0.000000e+00 9.921791e-09 1.455910e-10 1.974032e-11 -1.144196e-06
4.547474e-13 0.000000e+00 7.969106e-09 5.855160e-11 2.789619e-11 -1.459445e-06
4.547474e-13 0.000000e+00 5.543484e-09 -4.548154e-11 2.655378e-11 -1.769849e-06
2.273737e-13 0.000000e+00 2.659590e-09 -1.237151e-10 1.429936e-11 -2.064890e-06
0.000000e+00 0.000000e+00 -6.511982e-10 -1.536743e-10 -6.620600e-13 -2.333430e-06
-2.273737e-13 0.000000e+00 -4.340677e-09 -1.332555e-10 -1.766857e-11 -2.564076e-06
-4.547474e-13 0.000000e+00 -8.343477e-09 -6.865240e-11 -3.465267e-11 -2.745563e-06
-4.547474e-13 0.000000e+00 -1.257740e-08 1.155569e-11 -4.552651e-11 -2.867182e-06
-3.410605e-13 -1.136868e-13 -1.694502e-08 7.611907e-11 -3.805436e-11 -2.919224e-06
-2.273737e-13 -2.273737e-13 -2.133515e-08 1.189238e-10 -4.065392e-12 -2.893404e-06
0.000000e+00 -2.273737e-13 -2.562535e-08 1.324907e-10 4.485845e-11 -2.783301e-06
2.273737e-13 -1.136868e-13 -2.968511e-08 1.107103e-10 9.109761e-11 -2.584761e-06
3.410605e-13 0.000000e+00 -3.337971e-08 6.718055e-11 1.237980e-10 -2.296235e-06
4.547474e-13 2.273737e-13 -3.657385e-08 1.615955e-11 1.278955e-10 -1.919080e-06
4.547474e-13 4.547474e-13 -3.913692e-08 -3.415612e-11 8.907937e-11 -1.457738e-06
4.547474e-13 5.684342e-13 -4.094716e-08 -8.377673e-11 1.016978e-11 -9.198106e-07
3.410605e-13 4.547474e-13 -4.189644e-08 -1.272831e-10 -8.163100e-11 -3.160575e-07
1.136868e-13 2.273737e-13 -4.189531e-08 -1.517384e-10 -1.516711e-10 3.397744e-07
-1.136868e-13 0.000000e+00 -4.087713e-08 -1.571702e-10 -1.830145e-10 1.031273e-06
-3.410605e-13 -2.273737e-13 -3.880155e-08 -1.449529e-10 -1.687537e-10 1.739768e-06
-5.684342e-13 -4.547474e-13 -3.565776e-08 -1.082779e-10 -1.088798e-10 2.444847e-06
-6.821210e-13 -4.547474e-13 -3.146693e-08 -4.842632e-11 -2.255249e-11 3.125022e-06
-7.958079e-13 -3.410605e-13 -2.628269e-08 3.247070e-11 6.173991e-11 3.758421e-06
-6.821210e-13 -1.136868e-13 -2.019169e-08 1.235183e-10 1.160883e-10 4.323542e-06
-3.410605e-13 1.136868e-13 -1.331216e-08 1.928825e-10 1.249164e-10 4.800029e-06
0.000000e+00 3.410605e-13 -5.791662e-09 2.276181e-10 8.826866e-11 5.169434e-06
3.410605e-13 4.547474e-13 2.196089e-09 2.249961e-10 1.828464e-11 5.415973e-06
6.821210e-13 3.410605e-13 1.045623e-08 1.747286e-10 -5.582552e-11 5.527220e-06
7.958079e-13 2.273737e-13 1.877777e-08 8.904767e-11 -1.176971e-10 5.494694e-06
7.958079e-13 0.000000e+00 2.694037e-08 -1.156130e-11 -1.523348e-10 5.314344e-06
6.821210e-13 -2.273737e-13 3.472087e-08 -1.115001e-10 -1.462388e-10 4.986858e-06
4.547474e-13 -4.547474e-13 4.190088e-08 -1.890599e-10 -1.021290e-10 4.517825e-06
2.273737e-13 -5.684342e-13 4.827427e-08 -2.326261e-10 -3.284437e-11 3.917669e-06
-1.136868e-13 -4.547474e-13 5.365382e-08 -2.319915e-10 3.236542e-11 3.201417e-06
-4.547474e-13 -4.547474e-13 5.787842e-08 -1.769787e-10 8.535202e-11 2.388289e-06
-5.684342e-13 -3.410605e-13 6.081859e-08 -8.726746e-11 1.267852e-10 1.501076e-06
-5.684342e-13 -1.136868e-13 6.238156e-08 6.563416e-12 1.403526e-10 5.654011e-07
-4.547474e-13 1.136868e-13 6.251480e-08 8.338362e-11 1.220077e-10 -3.911575e-07
-3.410605e-13 3.410605e-13 6.120808e-08 1.343531e-10 8.052092e-11 -1.340017e-06
-1.136868e-13 4.547474e-13 5.849472e-08 1.534046e-10 3.014427e-11 -2.252611e-06
1.136868e-13 4.547474e-13 5.445031e-08 1.336812e-10 -1.336672e-11 -3.101436e-06
3.410605e-13 4.547474e-13 4.919048e-08 8.405861e-11 -4.391462e-11 -3.861036e-06
4.547474e-13 3.410605e-13 4.286721e-08 2.425172e-11 -5.746081e-11 -4.508946e-06
4.547474e-13 2.273737e-13 3.566356e-08 -2.331596e-11 -5.606977e-11 -5.026518e-06
4.547474e-13 1.136868e-13 2.778756e-08 -4.844372e-11 -5.132278e-11 -5.399595e-06
3.410605e-13 0.000000e+00 1.946478e-08 -4.774710e-11 -4.861668e-11 -5.619016e-06
2.273737e-13 -1.136868e-13 1.093053e-08 -2.256101e-11 -4.997996e-11 -5.680900e-06
2.273737e-13 -2.273737e-13 2.421984e-09 4.657493e-12 -5.269898e-11 -5.586720e-06
2.273737e-13 -3.410605e-13 -5.829747e-09 1.352655e-11 -4.662812e-11 -5.343193e-06
2.273737e-13 -4.547474e-13 -1.360763e-08 2.025852e-12 -2.563316e-11 -4.961945e-06
2.273737e-13 -4.547474e-13 -2.071567e-08 -2.852785e-11 8.984601e-12 -4.458965e-06
2.273737e-13 -4.547474e-13 -2.698459e-08 -7.403844e-11 5.790595e-11 -3.853937e-06
1.136868e-13 -3.410605e-13 -3.227740e-08 -1.202561e-10 1.163478e-10 -3.169420e-06
-1.136868e-13 -1.136868e-13 -3.649279e-08 -1.433773e-10 1.666596e-10 -2.429908e-06
-3.410605e-13 1.136868e-13 -3.956723e-08 -1.311675e-10 1.918342e-10 -1.660864e-06
-5.684342e-13 4.547474e-13 -4.147557e-08 -8.362154e-11 1.741787e-10 -8.877338e-07
-6.821210e-13 6.821210e-13 -4.223057e-08 -7.538588e-12 1.075369e-10 -1.350140e-07
-5.684342e-13 6.821210e-13 -4.188064e-08 7.125025e-11 1.096532e-11 5.746471e-07
-4.547474e-13 5.684342e-13 -4.050662e-08 1.324360e-10 -9.165469e-11 1.221245e-06
-2.273737e-13 3.410605e-13 -3.821697e-08 1.657382e-10 -1.786544e-10 1.788060e-06
0.000000e+00 1.136868e-13 -3.514242e-08 1.684149e-10 -2.350928e-10 2.262118e-06
2.273737e-13 -2.273737e-13 -3.143055e-08 1.479842e-10 -2.432458e-10 2.634497e-06
4.547474e-13 -5.684342e-13 -2.723891e-08 1.051400e-10 -1.902664e-10 2.900454e-06
5.684342e-13 -7.958079e-13 -2.272918e-08 4.807706e-11 -8.763773e-11 3.059337e-06
6.821210e-13 -7.958079e-13 -1.806097e-08 -1.509601e-11 3.476133e-11 3.114348e-06
6.821210e-13 -6.821210e-13 -1.338617e-08 -7.964666e-11 1.422047e-10 3.072156e-06
5.684342e-13 -3.410605e-13 -8.844495e-09 -1.373615e-10 2.067740e-10 2.942394e-06
3.410605e-13 0.000000e+00 -4.559070e-09 -1.754183e-10 2.148993e-10 2.737090e-06
1.136868e-13 3.410605e-13 -6.332357e-10 -1.856543e-10 1.673173e-10 2.469985e-06
-1.136868e-13 5.684342e-13 2.850925e-09 -1.659269e-10 7.828614e-11 2.155888e-06
-3.410605e-13 5.684342e-13 5.834409e-09 -1.122344e-10 -1.819670e-11 1.810007e-06
-4.547474e-13 4.547474e-13 8.280836e-09 -3.476316e-11 -9.160776e-11 1.447318e-06
-3.410605e-13 3.410605e-13 1.017622e-08 3.930310e-11 -1.337841e-10 1.081971e-06
-2.273737e-13 1.136868e-13 1.152671e-08 9.028052e-11 -1.406034e-10 7.267908e-07
-1.136868e-13 -1.136868e-13 1.235651e-08 1.154190e-10 -1.079754e-10 3.929007e-07
1.136868e-13 -2.273737e-13 1.270530e-08 1.004078e-10 -5.149697e-11 8.942212e-08
2.273737e-13 -3.410605e-13 1.262481e-08 4.260728e-11 1.107825e-11 -1.767115e-07
3.410605e-13 -3.410605e-13 1.217518e-08 -4.439118e-11 6.884394e-11 -4.007874e-07
1.136868e-13 -2.273737e-13 1.142234e-08 -1.293686e-10 1.082634e-10 -5.802766e-07
-1.136868e-13 -1.136868e-13 1.043429e-08 -1.783292e-10 1.259393e-10 -7.147098e-07
-3.410605e-13 1.136868e-13 9.278210e-09 -1.769729e-10 1.198412e-10 -8.054297e-07
-5.684342e-13 3.410605e-13 8.017992e-09 -1.151397e-10 8.655312e-11 -8.552930e-07
-6.821210e-13 4.547474e-13 6.712298e-09 -2.290452e-12 3.287806e-11 -8.683604e-07
-5.684342e-13 4.547474e-13 5.412971e-09 1.262118e-10 -2.827421e-11 -8.495752e-07
-2.273737e-13 4.547474e-13 4.163667e-09 2.206768e-10 -9.013957e-11 -8.044243e-07
1.136868e-13 3.410605e-13 2.999627e-09 2.519429e-10 -1.452408e-10 -7.386345e-07
4.547474e-13 1.136868e-13 1.947683e-09 2.084532e-10 -1.778898e-10 -6.579242e-07
6.821210e-13 -1.136868e-13 1.025796e-09 9.353835e-11 -1.778935e-10 -5.677591e-07
6.821210e-13 -3.410605e-13 2.443130e-10 -5.804601e-11 -1.432508e-10 -4.731525e-07
4.547474e-13 -5.684342e-13 -3.936975e-10 -1.953558e-10 -7.665868e-11 -3.785204e-07
0.000000e+00 -5.684342e-13 -8.911911e-10 -2.681306e-10 6.248841e-12 -2.875749e-07
-4.547474e-13 -4.547474e-13 -1.256353e-09 -2.449982e-10 8.304886e-11 -2.032505e-07
-7.958079e-13 -3.410605e-13 -1.501007e-09 -1.280586e-10 1.408420e-10 -1.276821e-07
-9.094947e-13 -1.136868e-13 -1.639478e-09 4.930806e-11 1.639640e-10 -6.225594e-08
-6.821210e-13 1.136868e-13 -1.687795e-09 2.307670e-10 1.422053e-10 -7.669014e-09
-2.273737e-13 3.410605e-13 -1.662443e-09 3.571933e-10 8.166462e-11 3.598898e-08
4.547474e-13 3.410605e-13 -1.579792e-09 3.823382e-10 2.086774e-12 6.912928e-08
1.023182e-12 2.273737e-13 -1.455078e-09 2.878209e-10 -6.728808e-11 9.253472e-08
1.364242e-12 1.136868e-13 -1.302169e-09 9.678866e-11 -1.088495e-10 1.072367e-07
1.250555e-12 0.000000e+00 -1.133344e-09 -1.288523e-10 -1.177480e-10 1.144285e-07
9.094947e-13 -2.273737e-13 -9.588348e-10 -3.266610e-10 -8.649420e-11 1.153772e-07
3.410605e-13 -3.410605e-13 -7.871677e-10 -4.477057e-10 -1.853575e-11 1.113556e-07
-3.410605e-13 -2.273737e-13 -6.248229e-10 -4.525204e-10 5.216820e-11 1.035976e-07
-1.023182e-12 -1.136868e-13 -4.764615e-10 -3.356391e-10 9.772408e-11 9.325487e-08
-1.364242e-12 0.000000e+00 -3.451532e-10 -1.350703e-10 1.140212e-10 8.135893e-08
-1.477929e-12 2.273737e-13 -2.324896e-10 9.339079e-11 9.357142e-11 6.879921e-08
-1.136868e-12 3.410605e-13 -1.388116e-10 2.864368e-10 4.117605e-11 5.630680e-08
-5.684342e-13 4.547474e-13 -6.355094e-11 3.876835e-10 -2.747121e-11 4.444572e-08
0.000000e+00 4.547474e-13 -5.456968e-12 3.849382e-10 -1.008180e-10 3.362158e-08
5.684342e-13 3.410605e-13 3.740297e-11 2.918098e-10 -1.598993e-10 2.408307e-08
9.094947e-13 1.136868e-13 6.696155e-11 1.381890e-10 -1.863811e-10 1.594636e-08
1.023182e-12 -1.136868e-13 8.526513e-11 -3.242556e-11 -1.748280e-10 9.235890e-09
9.094947e-13 -3.410605e-13 9.458745e-11 -1.778441e-10 -1.320196e-10 3.897287e-09
5.684342e-13 -5.684342e-13 9.686119e-11 -2.634684e-10 -6.541941e-11 -1.795243e-10
2.273737e-13 -5.684342e-13 9.401901e-11 -2.811709e-10 5.286230e-12 -3.140636e-09
-2.273737e-13 -5.684342e-13 8.753887e-11 -2.369987e-10 6.376291e-11 -5.148447e-09
-5.684342e-13 -4.547474e-13 7.867129e-11 -1.445373e-10 1.065369e-10 -6.354484e-09
-6.821210e-13 -3.410605e-13 6.843948e-11 -3.647425e-11 1.330139e-10 -6.896713e-09
-5.684342e-13 -1.136868e-13 5.786660e-11 5.117260e-11 1.438774e-10 -6.913676e-09
-4.547474e-13 1.136868e-13 4.763479e-11 1.062368e-10 1.383903e-10 -6.551381e-09
-3.410605e-13 3.410605e-13 3.819878e-11 1.361754e-10 1.186802e-10 -5.945816e-09
-1.136868e-13 5.684342e-13 2.989964e-11 1.409564e-10 8.267282e-11 -5.217320e-09
1.136868e-13 6.821210e-13 2.262368e-11 1.225957e-10 3.717583e-11 -4.449431e-09
3.410605e-13 6.821210e-13 1.648459e-11 8.183101e-11 -9.648235e-12 -3.689075e-09
4.547474e-13 6.821210e-13 1.148237e-11 2.480642e-11 -6.398281e-11 -2.974353e-09
4.547474e-13 5.684342e-13 7.617018e-12 -3.497251e-11 -1.264733e-10 -2.334395e-09
4.547474e-13 3.410605e-13 4.547474e-12 -9.546793e-11 -1.862808e-10 -1.775279e-09
3.410605e-13 1.136868e-13 2.273737e-12 -1.491697e-10 -2.304936e-10 -1.287469e-09
1.136868e-13 -2.273737e-13 6.821210e-13 -1.790935e-10 -2.407556e-10 -8.682450e-10
-1.136868e-13 -5.684342e-13 -2.273737e-13 -1.763805e-10 -2.007016e-10 -5.251293e-10
-3.410605e-13 -9.094947e-13 -7.958079e-13 -1.390130e-10 -1.007777e-10 -2.546873e-10
-5.684342e-13 -9.094947e-13 -9.094947e-13 -6.833186e-11 3.855730e-11 -5.965902e-11
-5.684342e-13 -6.821210e-13 -9.094947e-13 1.728710e-11 1.744533e-10 5.857561e-11
-4.547474e-13 -3.410605e-13 -6.821210e-13 9.812537e-11 2.763949e-10 1.135607e-10
-2.273737e-13 2.273737e-13 -5.684342e-13 1.592513e-10 3.090631e-10 1.311553e-10
0.000000e+00 6.821210e-13 -3.410605e-13 1.905464e-10 2.546898e-10 1.365460e-10
3.410605e-13 9.094947e-13 -1.136868e-13 1.804478e-10 1.302776e-10 1.392286e-10
5.684342e-13 1.023182e-12 1.136868e-13 1.240827e-10 -4.169396e-11 1.528287e-10
6.821210e-13 7.958079e-13 3.410605e-13 3.307241e-11 -2.210987e-10 1.786835e-10
5.684342e-13 3.410605e-13 5.684342e-13 -6.946776e-11 -3.549917e-10 2.086038e-10
3.410605e-13 -3.410605e-13 9.094947e-13 -1.584604e-10 -3.958326e-10 2.187970e-10
0.000000e+00 -9.094947e-13 1.250555e-12 -2.148365e-10 -3.237868e-10 1.813983e-10
-3.410605e-13 -1.250555e-12 1.477929e-12 -2.263523e-10 -1.613217e-10 8.485133e-11
-6.821210e-13 -1.364242e-12 1.477929e-12 -1.876050e-10 5.345520e-11 -6.678315e-11
-9.094947e-13 -1.023182e-12 1.250555e-12 -9.995776e-11 2.628076e-10 -2.551774e-10
-9.094947e-13 -5.684342e-13 7.958079e-13 1.761452e-11 4.116774e-10 -4.578006e-10
-7.958079e-13 1.136868e-13 0.000000e+00 1.440411e-10 4.599447e-10 -6.461059e-10
-4.547474e-13 7.958079e-13 -1.136868e-12 2.527884e-10 3.858176e-10 -7.882296e-10
0.000000e+00 1.250555e-12 -2.387424e-12 3.146612e-10 2.104092e-10 -8.759775e-10
4.547474e-13 1.477929e-12 -3.751666e-12 3.153278e-10 -2.478888e-11 -9.202030e-10
9.094947e-13 1.250555e-12 -5.115908e-12 2.513938e-10 -2.599793e-10 -9.419388e-10
1.136868e-12 7.958079e-13 -6.480150e-12 1.378574e-10 -4.319759e-10 -9.691132e-10
1.250555e-12 0.000000e+00 -7.958079e-12 -2.818370e-12 -4.911444e-10 -1.015399e-09
1.136868e-12 -6.821210e-13 -9.436008e-12 -1.455189e-10 -4.204412e-10 -1.088844e-09
7.958079e-13 -1.250555e-12 -1.114131e-11 -2.563123e-10 -2.430149e-10 -1.175881e-09
3.410605e-13 -1.477929e-12 -1.307399e-11 -3.113619e-10 -7.790551e-12 -1.232379e-09
-1.136868e-13 -1.250555e-12 -1.489298e-11 -3.086613e-10 2.131583e-10 -1.230352e-09
-5.684342e-13 -7.958079e-13 -1.671197e-11 -2.556514e-10 3.613390e-10 -1.154152e-09
-7.958079e-13 -1.136868e-13 -1.830358e-11 -1.720493e-10 4.054986e-10 -9.991289e-10
-9.094947e-13 4.547474e-13 -1.966782e-11 -8.781697e-11 3.435957e-10 -7.767886e-10
-9.094947e-13 9.094947e-13 -2.057732e-11 -2.121990e-11 1.973735e-10 -5.108838e-10
-9.094947e-13 1.136868e-12 -2.114575e-11 2.907758e-11 6.321614e-12 -2.273007e-10
-9.094947e-13 1.023182e-12 -2.125944e-11 7.731581e-11 -1.676689e-10 6.444185e-11
-7.958079e-13 6.821210e-13 -2.091838e-11 1.282879e-10 -2.716100e-10 3.595889e-10
-5.684342e-13 2.273737e-13 -2.012257e-11 1.806138e-10 -2.824247e-10 6.662909e-10
-3.410605e-13 -2.273737e-13 -1.887202e-11 2.377099e-10 -2.021942e-10 1.004958e-09
0.000000e+00 -4.547474e-13 -1.716671e-11 2.914349e-10 -6.216013e-11 1.402782e-09
4.547474e-13 -4.547474e-13 -1.466560e-11 3.152694e-10 8.402964e-11 1.870618e-09
9.094947e-13 -2.273737e-13 -1.148237e-11 2.868075e-10 1.853555e-10 2.401726e-09
1.364242e-12 0.000000e+00 -7.389644e-12 1.903409e-10 2.152669e-10 2.968886e-09
1.591616e-12 3.410605e-13 -2.501110e-12 3.063657e-11 1.636114e-10 3.531241e-09
1.477929e-12 4.547474e-13 3.296918e-12 -1.548769e-10 5.012069e-11 4.048034e-09
1.136868e-12 4.547474e-13 9.663381e-12 -3.254691e-10 -8.312574e-11 4.490720e-09
5.684342e-13 2.273737e-13 1.671197e-11 -4.458060e-10 -1.933161e-10 4.840920e-09
-2.273737e-13 -2.273737e-13 2.421530e-11 -4.777723e-10 -2.314127e-10 5.086400e-09
-9.094947e-13 -5.684342e-13 3.194600e-11 -4.050326e-10 -1.838327e-10 5.235338e-09
-1.364242e-12 -6.821210e-13 3.990408e-11 -2.432403e-10 -8.189016e-11 5.295172e-09
-1.591616e-12 -6.821210e-13 4.786216e-11 -2.569555e-11 4.180823e-11 5.272000e-09
-1.364242e-12 -4.547474e-13 5.582024e-11 1.870897e-10 1.512608e-10 5.163203e-09
-1.023182e-12 -1.136868e-13 6.343726e-11 3.474703e-10 2.104350e-10 4.958571e-09
-3.410605e-13 2.273737e-13 7.059953e-11 4.228718e-10 2.036815e-10 4.642372e-09
3.410605e-13 5.684342e-13 7.730705e-11 3.909215e-10 1.303008e-10 4.175174e-09
7.958079e-13 6.821210e-13 8.310508e-11 2.739678e-10 1.611951e-11 3.522352e-09
1.136868e-12 5.684342e-13 8.776624e-11 1.073696e-10 -9.607628e-11 2.683253e-09
1.136868e-12 3.410605e-13 9.106316e-11 -6.731847e-11 -1.729506e-10 1.674195e-09
9.094947e-13 1.136868e-13 9.276846e-11 -2.045567e-10 -1.974277e-10 5.250949e-10
4.547474e-13 -2.273737e-13 9.265477e-11 -2.704215e-10 -1.620197e-10 -7.144154e-10
0.000000e+00 -4.547474e-13 9.072210e-11 -2.601687e-10 -7.766071e-11 -1.985201e-09
-3.410605e-13 -4.547474e-13 8.685674e-11 -1.976116e-10 2.025370e-11 -3.229478e-09
-5.684342e-13 -3.410605e-13 8.105872e-11 -1.126531e-10 9.978420e-11 -4.388145e-09
-5.684342e-13 -2.273737e-13 7.366907e-11 -4.131428e-11 1.452958e-10 -5.427201e-09
-6.821210e-13 0.000000e+00 6.480150e-11 2.807904e-12 1.439052e-10 -6.345937e-09
-6.821210e-13 2.273737e-13 5.456968e-11 2.717817e-11 9.561725e-11 -7.144995e-09
-6.821210e-13 3.410605e-13 4.331469e-11 4.476963e-11 2.219781e-11 -7.830491e-09
-5.684342e-13 2.273737e-13 3.115019e-11 6.713608e-11 -4.234684e-11 -8.409947e-09
-4.547474e-13 1.136868e-13 1.818989e-11 9.765295e-11 -7.702090e-11 -8.877824e-09
-3.410605e-13 0.000000e+00 4.547474e-12 1.404624e-10 -8.586636e-11 -9.205570e-09
-1.136868e-13 -1.136868e-13 -9.436008e-12 1.832819e-10 -7.496927e-11 -9.359923e-09
1.136868e-13 -2.273737e-13 -2.341949e-11 2.029677e-10 -4.910152e-11 -9.323857e-09
4.547474e-13 -3.410605e-13 -3.728928e-11 1.716916e-10 -1.642450e-11 -9.079001e-09
6.821210e-13 -3.410605e-13 -5.070433e-11 8.131609e-11 8.745120e-12 -8.611112e-09
6.821210e-13 -3.410605e-13 -6.320988e-11 -4.370222e-11 1.758994e-11 -7.935836e-09
4.547474e-13 -3.410605e-13 -7.457857e-11 -1.653308e-10 1.620976e-11 -7.093291e-09
1.136868e-13 -3.410605e-13 -8.458301e-11 -2.414266e-10 1.551273e-11 -6.129753e-09
-2.273737e-13 -3.410605e-13 -9.299583e-11 -2.468258e-10 2.298047e-11 -5.094107e-09
-5.684342e-13 -3.410605e-13 -9.981704e-11 -1.699761e-10 4.605845e-11 -4.019029e-09
-6.821210e-13 -2.273737e-13 -1.050466e-10 -2.379026e-11 8.270539e-11 -2.910047e-09
-5.684342e-13 -1.136868e-13 -1.085709e-10 1.495813e-10 1.193775e-10 -1.768371e-09
-2.273737e-13 1.136868e-13 -1.102762e-10 3.018610e-10 1.391049e-10 -6.089981e-10
3.410605e-13 3.410605e-13 -1.102762e-10 3.840851e-10 1.261726e-10 5.496332e-10
9.094947e-13 5.684342e-13 -1.085709e-10 3.656924e-10 7.180009e-11 1.687223e-09
1.477929e-12 5.684342e-13 -1.052740e-10 2.392294e-10 -1.038724e-11 2.762255e-09
1.705303e-12 4.547474e-13 -1.003855e-10 4.003925e-11 -8.989360e-11 3.704674e-09
1.705303e-12 3.410605e-13 -9.413270e-11 -1.686585e-10 -1.511001e-10 4.432919e-09
1.364242e-12 1.136868e-13 -8.708412e-11 -3.263499e-10 -1.790201e-10 4.896007e-09
7.958079e-13 -1.136868e-13 -7.946710e-11 -3.779757e-10 -1.620133e-10 5.074861e-09
2.273737e-13 -3.410605e-13 -7.185008e-11 -3.065693e-10 -1.021114e-10 4.989860e-09
-1.136868e-13 -3.410605e-13 -6.446044e-11 -1.386565e-10 -2.318795e-11 4.703613e-09
-2.273737e-13 -2.273737e-13 -5.763923e-11 7.209665e-11 4.147379e-11 4.301827e-09
0.000000e+00 -1.136868e-13 -5.150014e-11 2.549706e-10 7.893233e-11 3.893950e-09
4.547474e-13 0.000000e+00 -4.604317e-11 3.467323e-10 8.573447e-11 3.584604e-09
1.023182e-12 1.136868e-13 -4.092726e-11 3.140969e-10 6.058475e-11 3.438386e-09
1.364242e-12 2.273737e-13 -3.581135e-11 1.679492e-10 8.250050e-12 3.462834e-09
1.477929e-12 2.273737e-13 -3.046807e-11 -4.889425e-11 -5.701121e-11 3.629419e-09
1.136868e-12 1.136868e-13 -2.478373e-11 -2.773198e-10 -1.127867e-10 3.905475e-09
5.684342e-13 0.000000e+00 -1.864464e-11 -4.642724e-10 -1.447992e-10 4.272611e-09
-2.273737e-13 -2.273737e-13 -1.193712e-11 -5.804820e-10 -1.407425e-10 4.735611e-09
-1.136868e-12 -4.547474e-13 -4.547474e-12 -6.239098e-10 -9.452616e-11 5.327155e-09
-2.046363e-12 -5.684342e-13 3.865352e-12 -6.224699e-10 -1.841304e-11 6.091452e-09
-2.955858e-12 -4.547474e-13 1.364242e-11 -6.074599e-10 6.113727e-11 7.067196e-09
-3.865352e-12 -3.410605e-13 2.501110e-11 -5.959204e-10 1.236900e-10 8.291836e-09
-4.774847e-12 -1.136868e-13 3.842615e-11 -5.939484e-10 1.576076e-10 9.779043e-09
-5.684342e-12 1.136868e-13 5.434231e-11 -5.988069e-10 1.527641e-10 1.150087e-08
-6.593837e-12 3.410605e-13 7.298695e-11 -5.975745e-10 1.119233e-10 1.340088e-08
-7.503331e-12 4.547474e-13 9.458745e-11 -5.745425e-10 4.799541e-11 1.540288e-08
-8.412826e-12 5.684342e-13 1.191438e-10 -5.175123e-10 -3.217716e-11 1.742119e-08
-9.094947e-12 4.547474e-13 1.467697e-10 -4.413934e-10 -1.123446e-10 1.936052e-08
-9.663381e-12 3.410605e-13 1.771241e-10 -3.801386e-10 -1.782884e-10 2.112643e-08
-1.023182e-11 1.136868e-13 2.100933e-10 -3.474567e-10 -2.320121e-10 2.261772e-08
-1.080025e-11 -2.273737e-13 2.449951e-10 -3.419549e-10 -2.612761e-10 2.373085e-08
-1.136868e-11 -5.684342e-13 2.812612e-10 -3.547301e-10 -2.538099e-10 2.436179e-08
-1.193712e-11 -9.094947e-13 3.179821e-10 -3.566546e-10 -2.082530e-10 2.439303e-08
-1.250555e-11 -1.250555e-12 3.543619e-10 -3.008326e-10 -1.151726e-10 2.368380e-08
-1.284661e-11 -1.364242e-12 3.890364e-10 -1.409720e-10 2.001163e-11 2.207491e-08
-1.296030e-11 -1.250555e-12 4.205276e-10 1.636624e-10 1.640490e-10 1.942426e-08
-1.239187e-11 -9.094947e-13 4.472440e-10 6.157809e-10 2.850243e-10 1.561149e-08
-1.114131e-11 -3.410605e-13 4.673666e-10 1.181460e-09 3.543573e-10 1.054555e-08
-8.867573e-12 2.273737e-13 4.788490e-10 1.811050e-09 3.563956e-10 4.195122e-09
-5.684342e-12 7.958079e-13 4.798721e-10 2.441938e-09 2.871084e-10 -3.411276e-09
-1.591616e-12 1.136868e-12 4.686171e-10 3.017728e-09 1.613607e-10 -1.220901e-08
3.410605e-12 1.250555e-12 4.432650e-10 3.490222e-09 1.111017e-11 -2.208381e-08
8.981260e-12 1.136868e-12 4.024514e-10 3.847171e-09 -1.282412e-10 -3.288209e-08
1.500666e-11 7.958079e-13 3.446985e-10 4.108317e-09 -2.172842e-10 -4.441277e-08
2.125944e-11 4.547474e-13 2.692104e-10 4.300853e-09 -2.383377e-10 -5.644730e-08
2.785328e-11 1.136868e-13 1.753051e-10 4.435587e-09 -1.941127e-10 -6.873144e-08
3.467449e-11 -1.136868e-13 6.298251e-11 4.497567e-09 -9.893048e-11 -8.098303e-08
4.138201e-11 -1.136868e-13 -6.764367e-11 4.467733e-09 1.182002e-11 -9.287557e-08
4.797585e-11 0.000000e+00 -2.156639e-10 4.315487e-09 1.015176e-10 -1.040316e-07
5.434231e-11 1.136868e-13 -3.798277e-10 3.989844e-09 1.484532e-10 -1.140263e-07
6.002665e-11 3.410605e-13 -5.577476e-10 3.458114e-09 1.349220e-10 -1.224161e-07
6.480150e-11 5.684342e-13 -7.469225e-10 2.725070e-09 5.474603e-11 -1.287495e-07
6.832579e-11 5.684342e-13 -9.439418e-10 1.817265e-09 -6.760876e-11 -1.325555e-07
7.025847e-11 3.410605e-13 -1.144599e-09 7.883898e-10 -1.906502e-10 -1.333919e-07
7.059953e-11 -1.136868e-13 -1.344119e-09 -3.030771e-10 -2.654401e-10 -1.308765e-07
6.934897e-11 -5.684342e-13 -1.537273e-09 -1.427850e-09 -2.600415e-10 -1.246994e-07
6.627943e-11 -9.094947e-13 -1.718263e-09 -2.568959e-09 -1.764490e-10 -1.146483e-07
6.150458e-11 -1.023182e-12 -1.881290e-09 -3.729124e-09 -3.912234e-11 -1.006159e-07
5.502443e-11 -1.023182e-12 -2.020215e-09 -4.941615e-09 1.199513e-10 -8.261172e-08
4.672529e-11 -6.821210e-13 -2.129127e-09 -6.239062e-09 2.538890e-10 -6.078320e-08
3.637979e-11 -2.273737e-13 -2.202569e-09 -7.619458e-09 3.150271e-10 -3.540172e-08
2.387424e-11 2.273737e-13 -2.235311e-09 -9.029082e-09 2.891394e-10 -6.868468e-09
9.322321e-12 6.821210e-13 -2.223146e-09 -1.038087e-08 1.830919e-10 2.428894e-08
-7.275958e-12 7.958079e-13 -2.162551e-09 -1.155383e-08 3.761497e-11 5.742857e-08
-2.535216e-11 6.821210e-13 -2.050911e-09 -1.242084e-08 -8.744484e-11 9.177857e-08
-4.456524e-11 4.547474e-13 -1.887202e-09 -1.287507e-08 -1.553948e-10 1.264733e-07
-6.400569e-11 2.273737e-13 -1.671424e-09 -1.284719e-08 -1.526207e-10 1.605799e-07
-8.310508e-11 0.000000e+00 -1.405397e-09 -1.232432e-08 -8.657381e-11 1.931205e-07
-1.010676e-10 0.000000e+00 -1.092076e-09 -1.133837e-08 5.942649e-12 2.230961e-07
-1.172111e-10 1.136868e-13 -7.360086e-10 -9.961440e-09 8.208716e-11 2.494997e-07
-1.309672e-10 2.273737e-13 -3.434479e-10 -8.286036e-09 1.140378e-10 2.713703e-07
-1.419949e-10 4.547474e-13 7.810286e-11 -6.392346e-09 7.933505e-11 2.878315e-07
-1.500666e-10 5.684342e-13 5.200036e-10 -4.328614e-09 -2.128575e-11 2.981121e-07
-1.549552e-10 4.547474e-13 9.723635e-10 -2.111864e-09 -1.518468e-10 3.015812e-07
-1.564331e-10 1.136868e-13 1.424723e-09 2.626754e-10 -2.600042e-10 2.977818e-07
-1.542730e-10 -3.410605e-13 1.865715e-09 2.797731e-09 -2.954180e-10 2.864704e-07
-1.481339e-10 -7.958079e-13 2.284082e-09 5.462643e-09 -2.342735e-10 2.676444e-07
-1.379021e-10 -1.023182e-12 2.668571e-09 8.179918e-09 -9.147384e-11 2.415540e-07
-1.235776e-10 -1.023182e-12 3.008722e-09 1.083600e-08 9.281068e-11 2.086970e-07
-1.053877e-10 -7.958079e-13 3.294758e-09 1.329418e-08 2.682618e-10 1.698014e-07
-8.378720e-11 -2.273737e-13 3.518153e-09 1.541643e-08 3.736680e-10 1.258256e-07
-5.923084e-11 3.410605e-13 3.672199e-09 1.707833e-08 3.716732e-10 7.791993e-08
-3.262812e-11 9.094947e-13 3.751893e-09 1.818945e-08 2.595444e-10 2.737724e-08
-4.774847e-12 1.136868e-12 3.754280e-09 1.871778e-08 6.716035e-11 -2.440234e-08
2.353318e-11 1.136868e-12 3.678679e-09 1.867157e-08 -1.476324e-10 -7.596029e-08
5.127276e-11 7.958079e-13 3.526452e-09 1.809564e-08 -3.257137e-10 -1.258230e-07
7.787548e-11 2.273737e-13 3.301238e-09 1.704778e-08 -4.113420e-10 -1.725428e-07
1.025455e-10 -3.410605e-13 3.008722e-09 1.557969e-08 -3.821071e-10 -2.147466e-07
1.247145e-10 -7.958079e-13 2.656975e-09 1.373622e-08 -2.495685e-10 -2.512057e-07
1.438138e-10 -1.023182e-12 2.255206e-09 1.154184e-08 -4.767238e-11 -2.808744e-07
1.592753e-10 -1.023182e-12 1.814328e-09 9.020362e-09 1.658248e-10 -3.029038e-07
1.707576e-10 -6.821210e-13 1.346393e-09 6.197686e-09 3.256419e-10 -3.166971e-07
1.778062e-10 -1.136868e-13 8.641337e-10 3.116630e-09 3.800472e-10 -3.219406e-07
1.800800e-10 4.547474e-13 3.805098e-10 -1.371085e-10 3.113601e-10 -3.186112e-07
1.773515e-10 7.958079e-13 -9.174528e-11 -3.428196e-09 1.522393e-10 -3.069761e-07
1.697344e-10 9.094947e-13 -5.404672e-10 -6.595562e-09 -3.477217e-11 -2.875895e-07
1.575700e-10 7.958079e-13 -9.545147e-10 -9.483479e-09 -1.925500e-10 -2.612721e-07
1.413127e-10 3.410605e-13 -1.324224e-09 -1.195595e-08 -2.652592e-10 -2.290752e-07
1.216449e-10 0.000000e+00 -1.641638e-09 -1.391503e-08 -2.339104e-10 -1.922457e-07
9.947598e-11 -2.273737e-13 -1.900958e-09 -1.532061e-08 -1.284947e-10 -1.521648e-07
7.571543e-11 -3.410605e-13 -2.098204e-09 -1.619786e-08 1.158652e-11 -1.103059e-07
5.093170e-11 -2.273737e-13 -2.231786e-09 -1.660114e-08 1.346670e-10 -6.820307e-08
2.592060e-11 1.136868e-13 -2.302727e-09 -1.659503e-08 1.843151e-10 -2.735237e-08
1.136868e-12 3.410605e-13 -2.313868e-09 -1.624351e-08 1.360380e-10 1.084812e-08
-2.285105e-11 4.547474e-13 -2.270212e-09 -1.558936e-08 1.092386e-11 4.513370e-08
-4.570211e-11 3.410605e-13 -2.178467e-09 -1.464754e-08 -1.427257e-10 7.442782e-08
-6.684786e-11 0.000000e+00 -2.046932e-09 -1.342352e-08 -2.651181e-10 9.788316e-08
-8.594725e-11 -4.547474e-13 -1.884928e-09 -1.192687e-08 -3.025512e-10 1.149169e-07
-1.025455e-10 -9.094947e-13 -1.702347e-09 -1.018403e-08 -2.318692e-10 1.252033e-07
-1.164153e-10 -1.136868e-12 -1.509420e-09 -8.247383e-09 -7.071832e-11 1.286708e-07
-1.273293e-10 -1.136868e-12 -1.316380e-09 -6.188329e-09 1.332562e-10 1.254996e-07
-1.350600e-10 -7.958079e-13 -1.132889e-09 -4.108198e-09 3.127325e-10 1.161045e-07
-1.396074e-10 -2.273737e-13 -9.680434e-10 -2.123999e-09 4.024570e-10 1.011204e-07
-1.413127e-10 3.410605e-13 -8.295729e-10 -3.281560e-10 3.725296e-10 8.136164e-08
-1.405169e-10 7.958079e-13 -7.240715e-10 1.236526e-09 2.351735e-10 5.780267e-08
-1.375611e-10 1.023182e-12 -6.562004e-10 2.569974e-09 3.597744e-11 3.154698e-08
-1.327862e-10 9.094947e-13 -6.293703e-10 3.710264e-09 -1.597807e-10 3.806171e-09
-1.264198e-10 5.684342e-13 -6.448317e-10 4.707825e-09 -2.923839e-10 -2.412800e-08
-1.186891e-10 0.000000e+00 -7.017888e-10 5.610864e-09 -3.175483e-10 -5.095967e-08
-1.095941e-10 -4.547474e-13 -7.976269e-10 6.458739e-09 -2.270870e-10 -7.543657e-08
-9.936230e-11 -6.821210e-13 -9.280257e-10 7.273997e-09 -6.120645e-11 -9.638788e-08
-8.787993e-11 -6.821210e-13 -1.086846e-09 8.058673e-09 1.209732e-10 -1.127720e-07
-7.526069e-11 -3.410605e-13 -1.266358e-09 8.795730e-09 2.522196e-10 -1.237419e-07
-6.150458e-11 1.136868e-13 -1.458034e-09 9.466794e-09 2.855732e-10 -1.286692e-07
-4.683898e-11 5.684342e-13 -1.652438e-09 1.006989e-08 2.107577e-10 -1.271433e-07
-3.126388e-11 7.958079e-13 -1.839567e-09 1.061793e-08 5.367800e-11 -1.189883e-07
-1.500666e-11 7.958079e-13 -2.009415e-09 1.114010e-08 -1.298917e-10 -1.042484e-07
2.046363e-12 4.547474e-13 -2.152206e-09 1.167178e-08 -2.726777e-10 -8.315394e-08
2.000888e-11 -1.136868e-13 -2.258730e-09 1.222451e-08 -3.107937e-10 -5.608501e-08
3.876721e-11 -5.684342e-13 -2.320348e-09 1.279152e-08 -2.244568e-10 -2.355090e-08
5.843503e-11 -7.958079e-13 -2.329330e-09 1.333072e-08 -4.561472e-11 1.380465e-08
7.878498e-11 -7.958079e-13 -2.278966e-09 1.377341e-08 1.705985e-10 5.519722e-08
9.970336e-11 -4.547474e-13 -2.163802e-09 1.403318e-08 3.562102e-10 9.970018e-08
1.208491e-10 2.273737e-13 -1.979970e-09 1.401147e-08 4.384740e-10 1.462423e-07
1.417675e-10 9.094947e-13 -1.725084e-09 1.363342e-08 3.806347e-10 1.936097e-07
1.617764e-10 1.364242e-12 -1.399030e-09 1.285755e-08 1.983681e-10 2.404916e-07
1.804210e-10 1.477929e-12 -1.003627e-09 1.166696e-08 -5.726039e-11 2.855397e-07
1.969056e-10 1.136868e-12 -5.425136e-10 1.007591e-08 -3.074510e-10 3.274005e-07
2.106617e-10 5.684342e-13 -2.148681e-11 8.127832e-09 -4.828167e-10 3.647692e-07
2.212346e-10 -2.273737e-13 5.518359e-10 5.868283e-09 -5.419111e-10 3.964374e-07
2.281695e-10 -1.023182e-12 1.167905e-09 3.329945e-09 -4.705344e-10 4.213305e-07
2.311253e-10 -1.591616e-12 1.815806e-09 5.312097e-10 -2.937410e-10 4.385353e-07
2.297611e-10 -1.932676e-12 2.483489e-09 -2.519765e-09 -5.843624e-11 4.472806e-07
2.236220e-10 -1.818989e-12 3.157652e-09 -5.807371e-09 1.700211e-10 4.469338e-07
2.123670e-10 -1.477929e-12 3.824312e-09 -9.282560e-09 3.331642e-10 4.370071e-07
1.958824e-10 -9.094947e-13 4.468689e-09 -1.287393e-08 3.990840e-10 4.171676e-07
1.738272e-10 -3.410605e-13 5.075776e-09 -1.646665e-08 3.596311e-10 3.872627e-07
1.465423e-10 1.136868e-13 5.630454e-09 -1.991109e-08 2.365442e-10 3.473346e-07
