0.000000e+00 0.000000e+00 0.000000e+00 0.000000e+00 0.000000e+00 0.000000e+00
0.000000e+00 0.000000e+00 0.000000e+00 0.000000e+00 0.000000e+00 0.000000e+00
0.000000e+00 0.000000e+00 0.000000e+00 0.000000e+00 0.000000e+00 0.000000e+00
0.000000e+00 0.000000e+00 0.000000e+00 0.000000e+00 0.000000e+00 0.000000e+00
0.000000e+00 0.000000e+00 0.000000e+00 0.000000e+00 0.000000e+00 0.000000e+00
0.000000e+00 0.000000e+00 0.000000e+00 0.000000e+00 0.000000e+00 0.000000e+00
0.000000e+00 0.000000e+00 0.000000e+00 0.000000e+00 0.000000e+00 0.000000e+00
0.000000e+00 0.000000e+00 0.000000e+00 0.000000e+00 0.000000e+00 0.000000e+00
0.000000e+00 0.000000e+00 0.000000e+00 0.000000e+00 0.000000e+00 0.000000e+00
0.000000e+00 0.000000e+00 0.000000e+00 0.000000e+00 0.000000e+00 0.000000e+00
0.000000e+00 0.000000e+00 0.000000e+00 0.000000e+00 0.000000e+00 0.000000e+00
0.000000e+00 0.000000e+00 0.000000e+00 0.000000e+00 0.000000e+00 0.000000e+00
0.000000e+00 0.000000e+00 0.000000e+00 0.000000e+00 0.000000e+00 0.000000e+00
0.000000e+00 0.000000e+00 0.000000e+00 0.000000e+00 0.000000e+00 0.000000e+00
0.000000e+00 0.000000e+00 0.000000e+00 0.000000e+00 0.000000e+00 0.000000e+00
0.000000e+00 0.000000e+00 0.000000e+00 0.000000e+00 0.000000e+00 0.000000e+00
0.000000e+00 0.000000e+00 0.000000e+00 0.000000e+00 0.000000e+00 0.000000e+00
0.000000e+00 0.000000e+00 0.000000e+00 0.000000e+00 0.000000e+00 0.000000e+00
0.000000e+00 0.000000e+00 0.000000e+00 0.000000e+00 0.000000e+00 0.000000e+00
0.000000e+00 0.000000e+00 0.000000e+00 0.000000e+00 0.000000e+00 0.000000e+00
0.000000e+00 0.000000e+00 0.000000e+00 0.000000e+00 0.000000e+00 0.000000e+00
0.000000e+00 0.000000e+00 0.000000e+00 0.000000e+00 0.000000e+00 0.000000e+00
0.000000e+00 0.000000e+00 0.000000e+00 0.000000e+00 0.000000e+00 0.000000e+00
0.000000e+00 0.000000e+00 0.000000e+00 0.000000e+00 0.000000e+00 0.000000e+00
0.000000e+00 0.000000e+00 0.000000e+00 0.000000e+00 0.000000e+00 0.000000e+00
0.000000e+00 0.000000e+00 0.000000e+00 0.000000e+00 0.000000e+00 0.000000e+00
0.000000e+00 0.000000e+00 0.000000e+00 0.000000e+00 0.000000e+00 0.000000e+00
0.000000e+00 0.000000e+00 0.000000e+00 0.000000e+00 0.000000e+00 0.000000e+00
0.000000e+00 0.000000e+00 0.000000e+00 0.000000e+00 0.000000e+00 0.000000e+00
0.000000e+00 0.000000e+00 0.000000e+00 0.000000e+00 0.000000e+00 0.000000e+00
0.000000e+00 0.000000e+00 0.000000e+00 0.000000e+00 0.000000e+00 0.000000e+00
0.000000e+00 0.000000e+00 0.000000e+00 0.000000e+00 0.000000e+00 0.000000e+00
0.000000e+00 0.000000e+00 0.000000e+00 0.000000e+00 0.000000e+00 0.000000e+00
0.000000e+00 0.000000e+00 0.000000e+00 0.000000e+00 0.000000e+00 0.000000e+00
0.000000e+00 0.000000e+00 0.000000e+00 0.000000e+00 0.000000e+00 0.000000e+00
0.000000e+00 0.000000e+00 0.000000e+00 0.000000e+00 0.000000e+00 0.000000e+00
0.000000e+00 0.000000e+00 0.000000e+00 0.000000e+00 0.000000e+00 0.000000e+00
0.000000e+00 0.000000e+00 0.000000e+00 0.000000e+00 0.000000e+00 0.000000e+00
0.000000e+00 0.000000e+00 0.000000e+00 0.000000e+00 0.000000e+00 0.000000e+00
0.000000e+00 0.000000e+00 0.000000e+00 0.000000e+00 0.000000e+00 0.000000e+00
0.000000e+00 0.000000e+00 0.000000e+00 0.000000e+00 0.000000e+00 0.000000e+00
0.000000e+00 0.000000e+00 0.000000e+00 0.000000e+00 0.000000e+00 0.000000e+00
0.000000e+00 0.000000e+00 0.000000e+00 0.000000e+00 0.000000e+00 0.000000e+00
0.000000e+00 0.000000e+00 0.000000e+00 0.000000e+00 0.000000e+00 0.000000e+00
0.000000e+00 0.000000e+00 0.000000e+00 0.000000e+00 0.000000e+00 0.000000e+00
0.000000e+00 0.000000e+00 0.000000e+00 0.000000e+00 0.000000e+00 0.000000e+00
0.000000e+00 0.000000e+00 0.000000e+00 0.000000e+00 0.000000e+00 0.000000e+00
0.000000e+00 0.000000e+00 0.000000e+00 0.000000e+00 0.000000e+00 0.000000e+00
0.000000e+00 0.000000e+00 0.000000e+00 0.000000e+00 0.000000e+00 0.000000e+00
0.000000e+00 0.000000e+00 0.000000e+00 0.000000e+00 0.000000e+00 0.000000e+00
0.000000e+00 0.000000e+00 0.000000e+00 0.000000e+00 0.000000e+00 0.000000e+00
0.000000e+00 0.000000e+00 0.000000e+00 0.000000e+00 0.000000e+00 0.000000e+00
0.000000e+00 0.000000e+00 0.000000e+00 0.000000e+00 0.000000e+00 0.000000e+00
0.000000e+00 0.000000e+00 0.000000e+00 0.000000e+00 0.000000e+00 0.000000e+00
0.000000e+00 0.000000e+00 0.000000e+00 0.000000e+00 0.000000e+00 0.000000e+00
0.000000e+00 0.000000e+00 0.000000e+00 0.000000e+00 0.000000e+00 0.000000e+00
0.000000e+00 0.000000e+00 0.000000e+00 0.000000e+00 0.000000e+00 0.000000e+00
0.000000e+00 0.000000e+00 0.000000e+00 0.000000e+00 0.000000e+00 0.000000e+00
0.000000e+00 0.000000e+00 0.000000e+00 0.000000e+00 0.000000e+00 0.000000e+00
0.000000e+00 0.000000e+00 0.000000e+00 0.000000e+00 0.000000e+00 0.000000e+00
0.000000e+00 0.000000e+00 0.000000e+00 0.000000e+00 0.000000e+00 0.000000e+00
0.000000e+00 0.000000e+00 0.000000e+00 0.000000e+00 0.000000e+00 0.000000e+00
0.000000e+00 0.000000e+00 0.000000e+00 0.000000e+00 0.000000e+00 0.000000e+00
0.000000e+00 0.000000e+00 0.000000e+00 0.000000e+00 0.000000e+00 0.000000e+00
0.000000e+00 0.000000e+00 0.000000e+00 0.000000e+00 0.000000e+00 0.000000e+00
0.000000e+00 0.000000e+00 0.000000e+00 0.000000e+00 0.000000e+00 0.000000e+00
0.000000e+00 0.000000e+00 0.000000e+00 0.000000e+00 0.000000e+00 0.000000e+00
0.000000e+00 0.000000e+00 0.000000e+00 0.000000e+00 0.000000e+00 0.000000e+00
0.000000e+00 0.000000e+00 0.000000e+00 0.000000e+00 0.000000e+00 0.000000e+00
0.000000e+00 0.000000e+00 0.000000e+00 0.000000e+00 0.000000e+00 0.000000e+00
0.000000e+00 0.000000e+00 0.000000e+00 0.000000e+00 0.000000e+00 0.000000e+00
0.000000e+00 0.000000e+00 0.000000e+00 0.000000e+00 0.000000e+00 0.000000e+00
0.000000e+00 0.000000e+00 0.000000e+00 0.000000e+00 0.000000e+00 0.000000e+00
0.000000e+00 0.000000e+00 0.000000e+00 0.000000e+00 0.000000e+00 0.000000e+00
0.000000e+00 0.000000e+00 0.000000e+00 0.000000e+00 0.000000e+00 0.000000e+00
0.000000e+00 0.000000e+00 0.000000e+00 0.000000e+00 0.000000e+00 0.000000e+00
0.000000e+00 0.000000e+00 0.000000e+00 0.000000e+00 0.000000e+00 0.000000e+00
0.000000e+00 0.000000e+00 0.000000e+00 0.000000e+00 0.000000e+00 0.000000e+00
0.000000e+00 0.000000e+00 0.000000e+00 0.000000e+00 0.000000e+00 0.000000e+00
0.000000e+00 0.000000e+00 0.000000e+00 0.000000e+00 0.000000e+00 0.000000e+00
0.000000e+00 0.000000e+00 0.000000e+00 0.000000e+00 0.000000e+00 0.000000e+00
0.000000e+00 0.000000e+00 0.000000e+00 0.000000e+00 0.000000e+00 0.000000e+00
0.000000e+00 0.000000e+00 0.000000e+00 0.000000e+00 0.000000e+00 0.000000e+00
0.000000e+00 0.000000e+00 0.000000e+00 0.000000e+00 0.000000e+00 0.000000e+00
0.000000e+00 0.000000e+00 0.000000e+00 0.000000e+00 0.000000e+00 0.000000e+00
0.000000e+00 0.000000e+00 0.000000e+00 0.000000e+00 0.000000e+00 0.000000e+00
0.000000e+00 0.000000e+00 0.000000e+00 0.000000e+00 0.000000e+00 0.000000e+00
0.000000e+00 0.000000e+00 0.000000e+00 0.000000e+00 0.000000e+00 0.000000e+00
0.000000e+00 0.000000e+00 0.000000e+00 0.000000e+00 0.000000e+00 0.000000e+00
0.000000e+00 0.000000e+00 0.000000e+00 0.000000e+00 0.000000e+00 0.000000e+00
0.000000e+00 0.000000e+00 0.000000e+00 0.000000e+00 0.000000e+00 0.000000e+00
0.000000e+00 0.000000e+00 0.000000e+00 0.000000e+00 0.000000e+00 0.000000e+00
0.000000e+00 0.000000e+00 0.000000e+00 0.000000e+00 0.000000e+00 0.000000e+00
0.000000e+00 0.000000e+00 0.000000e+00 0.000000e+00 0.000000e+00 0.000000e+00
0.000000e+00 0.000000e+00 0.000000e+00 0.000000e+00 0.000000e+00 0.000000e+00
0.000000e+00 0.000000e+00 0.000000e+00 0.000000e+00 0.000000e+00 0.000000e+00
0.000000e+00 0.000000e+00 0.000000e+00 0.000000e+00 0.000000e+00 0.000000e+00
0.000000e+00 0.000000e+00 0.000000e+00 0.000000e+00 0.000000e+00 0.000000e+00
0.000000e+00 0.000000e+00 0.000000e+00 0.000000e+00 0.000000e+00 0.000000e+00
0.000000e+00 0.000000e+00 0.000000e+00 0.000000e+00 0.000000e+00 0.000000e+00
0.000000e+00 0.000000e+00 0.000000e+00 0.000000e+00 0.000000e+00 0.000000e+00
0.000000e+00 0.000000e+00 0.000000e+00 0.000000e+00 0.000000e+00 0.000000e+00
0.000000e+00 0.000000e+00 0.000000e+00 0.000000e+00 0.000000e+00 0.000000e+00
0.000000e+00 0.000000e+00 0.000000e+00 0.000000e+00 0.000000e+00 0.000000e+00
0.000000e+00 0.000000e+00 0.000000e+00 0.000000e+00 0.000000e+00 0.000000e+00
0.000000e+00 0.000000e+00 0.000000e+00 0.000000e+00 0.000000e+00 0.000000e+00
0.000000e+00 0.000000e+00 0.000000e+00 0.000000e+00 0.000000e+00 0.000000e+00
0.000000e+00 0.000000e+00 0.000000e+00 0.000000e+00 0.000000e+00 0.000000e+00
0.000000e+00 0.000000e+00 0.000000e+00 0.000000e+00 0.000000e+00 0.000000e+00
0.000000e+00 0.000000e+00 0.000000e+00 0.000000e+00 0.000000e+00 0.000000e+00
0.000000e+00 0.000000e+00 0.000000e+00 0.000000e+00 0.000000e+00 0.000000e+00
0.000000e+00 0.000000e+00 0.000000e+00 0.000000e+00 0.000000e+00 0.000000e+00
0.000000e+00 0.000000e+00 0.000000e+00 0.000000e+00 0.000000e+00 0.000000e+00
0.000000e+00 0.000000e+00 0.000000e+00 0.000000e+00 0.000000e+00 0.000000e+00
0.000000e+00 0.000000e+00 0.000000e+00 0.000000e+00 0.000000e+00 0.000000e+00
0.000000e+00 0.000000e+00 0.000000e+00 0.000000e+00 0.000000e+00 0.000000e+00
0.000000e+00 0.000000e+00 0.000000e+00 0.000000e+00 0.000000e+00 0.000000e+00
0.000000e+00 0.000000e+00 0.000000e+00 0.000000e+00 0.000000e+00 0.000000e+00
0.000000e+00 0.000000e+00 0.000000e+00 0.000000e+00 0.000000e+00 0.000000e+00
0.000000e+00 0.000000e+00 0.000000e+00 0.000000e+00 0.000000e+00 0.000000e+00
0.000000e+00 0.000000e+00 0.000000e+00 0.000000e+00 0.000000e+00 0.000000e+00
0.000000e+00 0.000000e+00 0.000000e+00 0.000000e+00 0.000000e+00 0.000000e+00
0.000000e+00 0.000000e+00 0.000000e+00 0.000000e+00 0.000000e+00 0.000000e+00
0.000000e+00 0.000000e+00 0.000000e+00 0.000000e+00 0.000000e+00 0.000000e+00
0.000000e+00 0.000000e+00 0.000000e+00 0.000000e+00 0.000000e+00 0.000000e+00
0.000000e+00 0.000000e+00 0.000000e+00 0.000000e+00 0.000000e+00 0.000000e+00
0.000000e+00 0.000000e+00 0.000000e+00 0.000000e+00 0.000000e+00 0.000000e+00
0.000000e+00 0.000000e+00 0.000000e+00 0.000000e+00 0.000000e+00 0.000000e+00
0.000000e+00 0.000000e+00 0.000000e+00 0.000000e+00 0.000000e+00 0.000000e+00
0.000000e+00 0.000000e+00 0.000000e+00 0.000000e+00 0.000000e+00 0.000000e+00
0.000000e+00 0.000000e+00 0.000000e+00 0.000000e+00 0.000000e+00 0.000000e+00
0.000000e+00 0.000000e+00 0.000000e+00 0.000000e+00 0.000000e+00 0.000000e+00
0.000000e+00 0.000000e+00 0.000000e+00 0.000000e+00 0.000000e+00 0.000000e+00
0.000000e+00 0.000000e+00 0.000000e+00 0.000000e+00 0.000000e+00 0.000000e+00
0.000000e+00 0.000000e+00 0.000000e+00 0.000000e+00 0.000000e+00 0.000000e+00
0.000000e+00 0.000000e+00 0.000000e+00 0.000000e+00 0.000000e+00 0.000000e+00
0.000000e+00 0.000000e+00 0.000000e+00 0.000000e+00 0.000000e+00 0.000000e+00
0.000000e+00 0.000000e+00 0.000000e+00 0.000000e+00 0.000000e+00 0.000000e+00
0.000000e+00 0.000000e+00 0.000000e+00 0.000000e+00 0.000000e+00 0.000000e+00
0.000000e+00 0.000000e+00 0.000000e+00 0.000000e+00 0.000000e+00 0.000000e+00
0.000000e+00 0.000000e+00 0.000000e+00 0.000000e+00 0.000000e+00 0.000000e+00
0.000000e+00 0.000000e+00 0.000000e+00 0.000000e+00 0.000000e+00 0.000000e+00
0.000000e+00 0.000000e+00 0.000000e+00 0.000000e+00 0.000000e+00 0.000000e+00
0.000000e+00 0.000000e+00 0.000000e+00 0.000000e+00 0.000000e+00 0.000000e+00
0.000000e+00 0.000000e+00 0.000000e+00 0.000000e+00 0.000000e+00 0.000000e+00
0.000000e+00 0.000000e+00 0.000000e+00 0.000000e+00 0.000000e+00 0.000000e+00
0.000000e+00 0.000000e+00 0.000000e+00 0.000000e+00 0.000000e+00 0.000000e+00
0.000000e+00 0.000000e+00 0.000000e+00 0.000000e+00 0.000000e+00 0.000000e+00
0.000000e+00 0.000000e+00 0.000000e+00 0.000000e+00 0.000000e+00 0.000000e+00
0.000000e+00 0.000000e+00 0.000000e+00 0.000000e+00 0.000000e+00 0.000000e+00
0.000000e+00 0.000000e+00 0.000000e+00 0.000000e+00 0.000000e+00 0.000000e+00
0.000000e+00 0.000000e+00 0.000000e+00 0.000000e+00 0.000000e+00 0.000000e+00
0.000000e+00 0.000000e+00 0.000000e+00 0.000000e+00 0.000000e+00 0.000000e+00
0.000000e+00 0.000000e+00 0.000000e+00 0.000000e+00 0.000000e+00 0.000000e+00
0.000000e+00 0.000000e+00 0.000000e+00 0.000000e+00 0.000000e+00 0.000000e+00
0.000000e+00 0.000000e+00 0.000000e+00 0.000000e+00 0.000000e+00 0.000000e+00
0.000000e+00 0.000000e+00 0.000000e+00 0.000000e+00 0.000000e+00 0.000000e+00
0.000000e+00 0.000000e+00 0.000000e+00 0.000000e+00 0.000000e+00 0.000000e+00
0.000000e+00 0.000000e+00 0.000000e+00 0.000000e+00 0.000000e+00 0.000000e+00
0.000000e+00 0.000000e+00 0.000000e+00 0.000000e+00 0.000000e+00 0.000000e+00
0.000000e+00 0.000000e+00 0.000000e+00 0.000000e+00 0.000000e+00 0.000000e+00
0.000000e+00 0.000000e+00 0.000000e+00 0.000000e+00 0.000000e+00 0.000000e+00
0.000000e+00 0.000000e+00 0.000000e+00 0.000000e+00 0.000000e+00 0.000000e+00
0.000000e+00 0.000000e+00 0.000000e+00 0.000000e+00 0.000000e+00 0.000000e+00
0.000000e+00 0.000000e+00 0.000000e+00 0.000000e+00 0.000000e+00 0.000000e+00
0.000000e+00 0.000000e+00 0.000000e+00 0.000000e+00 0.000000e+00 0.000000e+00
0.000000e+00 0.000000e+00 0.000000e+00 0.000000e+00 0.000000e+00 0.000000e+00
0.000000e+00 0.000000e+00 0.000000e+00 0.000000e+00 0.000000e+00 0.000000e+00
0.000000e+00 0.000000e+00 0.000000e+00 0.000000e+00 0.000000e+00 0.000000e+00
0.000000e+00 0.000000e+00 0.000000e+00 0.000000e+00 0.000000e+00 0.000000e+00
0.000000e+00 0.000000e+00 0.000000e+00 0.000000e+00 0.000000e+00 0.000000e+00
0.000000e+00 0.000000e+00 0.000000e+00 0.000000e+00 0.000000e+00 0.000000e+00
0.000000e+00 0.000000e+00 0.000000e+00 0.000000e+00 0.000000e+00 0.000000e+00
0.000000e+00 0.000000e+00 0.000000e+00 0.000000e+00 0.000000e+00 0.000000e+00
0.000000e+00 0.000000e+00 0.000000e+00 0.000000e+00 0.000000e+00 0.000000e+00
0.000000e+00 0.000000e+00 0.000000e+00 -7.297449e-240 0.000000e+00 0.000000e+00
-2.189235e-242 0.000000e+00 0.000000e+00 2.280093e-224 0.000000e+00 0.000000e+00
6.840279e-227 0.000000e+00 0.000000e+00 -3.333470e-219 0.000000e+00 0.000000e+00
-1.000041e-221 0.000000e+00 0.000000e+00 4.876410e-214 0.000000e+00 0.000000e+00
1.462923e-216 0.000000e+00 0.000000e+00 -1.062998e-208 0.000000e+00 0.000000e+00
-3.188995e-211 0.000000e+00 0.000000e+00 -8.560470e-207 0.000000e+00 0.000000e+00
-2.568141e-209 0.000000e+00 0.000000e+00 2.565373e-203 0.000000e+00 0.000000e+00
7.696088e-206 0.000000e+00 0.000000e+00 -7.434140e-199 0.000000e+00 0.000000e+00
-2.230242e-201 0.000000e+00 0.000000e+00 -5.959238e-197 0.000000e+00 0.000000e+00
-1.787771e-199 0.000000e+00 0.000000e+00 3.303515e-193 0.000000e+00 0.000000e+00
9.910523e-196 0.000000e+00 0.000000e+00 3.240076e-191 0.000000e+00 0.000000e+00
9.720209e-194 0.000000e+00 0.000000e+00 -4.791033e-188 0.000000e+00 0.000000e+00
-1.437300e-190 0.000000e+00 0.000000e+00 -6.868642e-186 0.000000e+00 0.000000e+00
-2.060583e-188 0.000000e+00 0.000000e+00 6.859163e-183 0.000000e+00 0.000000e+00
2.057734e-185 0.000000e+00 0.000000e+00 8.093087e-181 0.000000e+00 0.000000e+00
2.427905e-183 0.000000e+00 0.000000e+00 -3.172369e-178 0.000000e+00 0.000000e+00
-9.516901e-181 0.000000e+00 0.000000e+00 -2.478570e-176 0.000000e+00 0.000000e+00
-7.435467e-179 0.000000e+00 0.000000e+00 -1.018828e-174 0.000000e+00 0.000000e+00
-3.057436e-177 0.000000e+00 0.000000e+00 1.679534e-171 0.000000e+00 0.000000e+00
5.038527e-174 0.000000e+00 0.000000e+00 -3.541296e-168 0.000000e+00 0.000000e+00
-1.062389e-170 0.000000e+00 0.000000e+00 -4.536262e-166 0.000000e+00 0.000000e+00
-1.360873e-168 0.000000e+00 0.000000e+00 5.137758e-163 0.000000e+00 0.000000e+00
1.541317e-165 0.000000e+00 0.000000e+00 3.309242e-161 0.000000e+00 0.000000e+00
9.927589e-164 0.000000e+00 0.000000e+00 1.129299e-159 0.000000e+00 0.000000e+00
3.389438e-162 0.000000e+00 0.000000e+00 -5.036455e-158 0.000000e+00 0.000000e+00
-1.509944e-160 0.000000e+00 0.000000e+00 -8.612133e-156 0.000000e+00 0.000000e+00
-2.583301e-158 0.000000e+00 0.000000e+00 1.105874e-152 0.000000e+00 0.000000e+00
3.317605e-155 0.000000e+00 0.000000e+00 6.533763e-151 0.000000e+00 0.000000e+00
1.960103e-153 0.000000e+00 0.000000e+00 2.061378e-149 0.000000e+00 0.000000e+00
6.187451e-152 0.000000e+00 0.000000e+00 -1.217083e-147 0.000000e+00 0.000000e+00
-3.649287e-150 0.000000e+00 0.000000e+00 -8.581801e-146 0.000000e+00 0.000000e+00
-2.573921e-148 0.000000e+00 0.000000e+00 -2.730324e-144 0.000000e+00 0.000000e+00
-8.194623e-147 0.000000e+00 0.000000e+00 1.855287e-142 0.000000e+00 0.000000e+00
5.563286e-145 0.000000e+00 0.000000e+00 1.222589e-140 0.000000e+00 0.000000e+00
3.666947e-143 0.000000e+00 0.000000e+00 3.493098e-139 0.000000e+00 0.000000e+00
1.048486e-141 0.000000e+00 0.000000e+00 6.594778e-138 0.000000e+00 0.000000e+00
1.982100e-140 0.000000e+00 0.000000e+00 9.418168e-137 0.000000e+00 0.000000e+00
2.835935e-139 0.000000e+00 0.000000e+00 1.204044e-135 0.000000e+00 0.000000e+00
3.631952e-138 0.000000e+00 0.000000e+00 1.698156e-134 0.000000e+00 0.000000e+00
5.122826e-137 0.000000e+00 0.000000e+00 -1.117570e-131 0.000000e+00 0.000000e+00
-3.352348e-134 0.000000e+00 0.000000e+00 -5.874572e-130 0.000000e+00 0.000000e+00
-1.762320e-132 0.000000e+00 0.000000e+00 1.658989e-126 0.000000e+00 0.000000e+00
4.976935e-129 0.000000e+00 0.000000e+00 8.049878e-125 0.000000e+00 0.000000e+00
2.414946e-127 0.000000e+00 0.000000e+00 2.139902e-123 0.000000e+00 -2.211824e-186
6.424683e-126 0.000000e+00 -6.635473e-189 -2.042884e-121 0.000000e+00 -5.105770e-171
-6.126238e-124 0.000000e+00 -1.531731e-173 -2.652123e-119 0.000000e+00 -1.885222e-162
-7.955726e-122 0.000000e+00 -5.655667e-165 3.487447e-116 0.000000e+00 6.893100e-157
1.046228e-118 0.000000e+00 2.067930e-159 1.583144e-114 0.000000e+00 -9.877577e-152
4.749353e-117 0.000000e+00 -2.963273e-154 -2.583651e-111 0.000000e+00 1.415173e-146
-7.750849e-114 0.000000e+00 4.245520e-149 -1.108008e-109 0.000000e+00 -1.155021e-141
-3.323976e-112 0.000000e+00 -3.465063e-144 -2.732358e-108 0.000000e+00 3.129130e-138
-8.204826e-111 0.000000e+00 9.387391e-141 7.180738e-106 2.200772e-182 6.104780e-136
2.153889e-108 6.602315e-185 1.831431e-138 3.056690e-104 -5.448242e-171 -8.569327e-133
9.169250e-107 -1.634473e-173 -2.570789e-135 -5.542302e-101 1.399412e-165 -6.008237e-130
-1.662669e-103 4.198236e-168 -1.802469e-132 -2.154644e-99 -1.146990e-160 1.014617e-127
-6.463841e-102 -3.440970e-163 3.043824e-130 -4.861157e-98 1.620025e-155 1.467232e-125
-1.460010e-100 4.860075e-158 4.401516e-128 1.560132e-95 -9.933371e-152 -1.858584e-122
4.679748e-98 -2.980011e-154 -5.575721e-125 8.469442e-94 1.429676e-148 -2.146898e-120
2.540687e-96 4.289028e-151 -6.440651e-123 -1.179569e-90 -6.980468e-128 1.379956e-117
-3.538662e-93 -2.094141e-130 4.139811e-120 -4.220250e-89 1.014027e-122 1.234370e-115
-1.266050e-91 3.042082e-125 3.703044e-118 8.699403e-86 -6.124789e-116 4.160909e-114
2.609785e-88 -1.837437e-118 1.248687e-116 2.885499e-84 8.519684e-111 8.727883e-113
8.656371e-87 2.555905e-113 2.622068e-115 5.665228e-83 -3.144538e-107 1.143987e-111
1.702178e-85 -9.433614e-110 3.444447e-114 -2.487532e-80 4.671752e-102 4.675306e-102
-7.461731e-83 1.401526e-104 1.402592e-104 -7.876172e-79 3.409168e-100 -6.837321e-97
-2.362681e-81 1.022750e-102 -2.051196e-99 -1.400190e-77 -2.324579e-95 -4.718120e-95
-4.208033e-80 -6.973735e-98 -1.415436e-97 3.577147e-75 9.886649e-92 1.984650e-91
1.072908e-77 2.965995e-94 5.953929e-94 1.996051e-73 -1.463087e-86 -1.457787e-86
5.987732e-76 -4.389261e-89 -4.373362e-89 -5.455472e-70 -8.925445e-85 -8.904806e-85
-1.636631e-72 -2.677633e-87 -2.671441e-87 -1.402027e-68 2.113474e-81 4.253616e-81
-4.206020e-71 6.340379e-84 1.276081e-83 -2.116789e-67 1.215200e-79 -3.128993e-76
-6.366732e-70 3.645573e-82 -9.386980e-79 7.807129e-65 -6.227670e-76 -1.658970e-74
2.341718e-67 -1.868295e-78 -4.976908e-77 1.890878e-63 4.577379e-71 9.116658e-71
5.671997e-66 1.373214e-73 2.734988e-73 2.692127e-62 2.243675e-69 5.429571e-69
8.099797e-65 6.731025e-72 1.628866e-71 -1.147835e-59 -6.657148e-66 -1.327937e-65
-3.442938e-62 -1.997131e-68 -3.983783e-68 -2.752515e-58 -3.009852e-64 9.795711e-61
-8.256735e-61 -9.029489e-67 2.938713e-63 -3.800876e-57 1.953536e-60 2.154795e-59
-1.143706e-59 5.860587e-63 6.464381e-62 1.681584e-54 5.969298e-59 -1.430949e-55
5.043926e-57 1.790780e-61 -4.292817e-58 6.453163e-53 -2.857276e-55 -2.864193e-54
1.935835e-55 -8.571771e-58 -8.592513e-57 -1.877978e-49 -7.873371e-54 2.093869e-50
-5.633883e-52 -2.361993e-56 6.281565e-53 -6.220281e-48 4.182410e-50 3.771375e-49
-1.866065e-50 1.254714e-52 1.131404e-51 1.832839e-44 1.047316e-48 -3.063818e-45
5.498461e-47 3.141925e-51 -9.191391e-48 3.122644e-43 -6.120920e-45 -4.904529e-44
9.367744e-46 -1.836263e-47 -1.471347e-46 3.237259e-42 -1.379083e-43 -5.325595e-43
9.766763e-45 -4.137217e-46 -1.606870e-45 -2.668066e-39 8.958079e-40 8.928899e-40
-8.003261e-42 2.687405e-42 2.678522e-42 -4.293282e-38 1.748689e-38 2.676177e-38
-1.287887e-40 5.246025e-41 8.028372e-41 -4.087809e-37 -1.311307e-34 -1.309743e-34
-1.234346e-39 -3.933893e-37 -3.929203e-37 3.910003e-34 -2.033922e-33 -2.163939e-33
1.172872e-36 -6.101712e-36 -6.491738e-36 9.175095e-33 9.586239e-30 1.918649e-29
2.752405e-35 2.875832e-32 5.755907e-32 -4.793746e-29 1.631486e-28 2.399421e-28
-1.438112e-31 4.894396e-31 7.198199e-31 -7.486383e-28 -1.403400e-24 -1.403065e-24
-2.245887e-30 -4.210173e-27 -4.209136e-27 5.614573e-24 -1.263442e-23 -1.263321e-23
1.684357e-26 -3.790276e-26 -3.789891e-26 5.757762e-23 2.054059e-19 2.054115e-19
1.727306e-25 6.162135e-22 6.162304e-22 -4.106945e-19 1.437980e-18 1.643507e-18
-1.232067e-21 4.313903e-21 4.930482e-21 -3.697925e-18 7.746595e-18 8.568595e-18
-1.109360e-20 2.385600e-20 2.632201e-20 6.011081e-14 -9.014770e-14 -9.014565e-14
1.803312e-16 -2.704388e-16 -2.704320e-16 2.404586e-13 -4.119199e-13 -4.119153e-13
7.213647e-16 -1.235736e-15 -1.235720e-15 5.710883e-13 -1.097925e-12 -1.046619e-12
1.893596e-15 -3.564214e-15 -3.410288e-15 1.120922e-12 -2.461107e-12 -2.277147e-12
4.084131e-15 -8.619055e-15 -8.067160e-15 2.109165e-12 -4.895728e-12 -4.579129e-12
8.221091e-15 -1.825140e-14 -1.714768e-14 3.896495e-12 -9.010027e-12 -8.560803e-12
1.577362e-14 -3.564914e-14 -3.374957e-14 6.882423e-12 -1.580654e-11 -1.522470e-11
2.886836e-14 -6.567102e-14 -6.282177e-14 1.163797e-11 -2.672458e-11 -2.591630e-11
5.068752e-14 -1.158229e-13 -1.114985e-13 1.894086e-11 -4.359248e-11 -4.231886e-11
8.569093e-14 -1.964485e-13 -1.897783e-13 3.255284e-11 -6.992038e-11 -6.786117e-11
1.483460e-13 -3.255840e-13 -3.150820e-13 5.085512e-11 -1.080656e-10 -1.047254e-10
2.382563e-13 -5.206453e-13 -5.039546e-13 7.810187e-11 -1.601185e-10 -1.548144e-10
3.826516e-13 -8.059395e-13 -7.795251e-13 1.210290e-10 -2.291280e-10 -2.210143e-10
6.013433e-13 -1.208029e-12 -1.166998e-12 1.800458e-10 -3.162634e-10 -3.042293e-10
9.227890e-13 -1.754730e-12 -1.692213e-12 2.591796e-10 -4.230195e-10 -4.043235e-10
1.378882e-12 -2.477088e-12 -2.379968e-12 3.575725e-10 -5.483323e-10 -5.200577e-10
1.995506e-12 -3.399727e-12 -3.252386e-12 4.692983e-10 -6.871837e-10 -6.478142e-10
2.786777e-12 -4.538639e-12 -4.323411e-12 5.947646e-10 -8.358924e-10 -7.841947e-10
3.779800e-12 -5.907404e-12 -5.604970e-12 7.255648e-10 -9.883300e-10 -9.231604e-10
4.963471e-12 -7.503629e-12 -7.092892e-12 8.530013e-10 -1.137431e-09 -1.057578e-09
6.338804e-12 -9.319696e-12 -8.777705e-12 9.766615e-10 -1.276193e-09 -1.180370e-09
7.893456e-12 -1.133221e-11 -1.063400e-11 1.087333e-09 -1.394810e-09 -1.281807e-09
9.600802e-12 -1.350413e-11 -1.262313e-11 1.180746e-09 -1.483111e-09 -1.352168e-09
1.143569e-11 -1.578154e-11 -1.469051e-11 1.247774e-09 -1.526183e-09 -1.378639e-09
1.334412e-11 -1.808267e-11 -1.675904e-11 1.268826e-09 -1.506110e-09 -1.344121e-09
1.524217e-11 -2.029987e-11 -1.872287e-11 1.233614e-09 -1.406617e-09 -1.231718e-09
1.704497e-11 -2.230252e-11 -2.045420e-11 1.127860e-09 -1.209471e-09 -1.024066e-09
1.862575e-11 -2.392828e-11 -2.179507e-11 9.335470e-10 -8.955834e-10 -7.043291e-10
1.984561e-11 -2.498927e-11 -2.256719e-11 6.431165e-10 -4.506028e-10 -2.586009e-10
2.055510e-11 -2.528009e-11 -2.257087e-11 2.458400e-10 1.354621e-10 3.243481e-10
2.058313e-11 -2.458289e-11 -2.159414e-11 -2.761696e-10 8.729854e-10 1.053541e-09
1.972659e-11 -2.266114e-11 -1.941025e-11 -9.263827e-10 1.765489e-09 1.932413e-09
1.780398e-11 -1.928642e-11 -1.579690e-11 -1.697834e-09 2.808225e-09 2.955679e-09
1.463309e-11 -1.423646e-11 -1.054321e-11 -2.595862e-09 3.996715e-09 4.114990e-09
1.001639e-11 -7.296276e-12 -3.451932e-12 -3.626601e-09 5.321676e-09 5.399135e-09
3.753290e-12 1.728567e-12 5.654198e-12 -4.782571e-09 6.766292e-09 6.791248e-09
-4.331319e-12 1.300260e-11 1.692181e-11 -6.040041e-09 8.307729e-09 8.264940e-09
-1.436683e-11 2.665175e-11 3.044902e-11 -7.377497e-09 9.920686e-09 9.789344e-09
-2.646381e-11 4.276466e-11 4.628984e-11 -8.777508e-09 1.157467e-08 1.133118e-08
-4.069936e-11 6.137576e-11 6.444255e-11 -1.020843e-08 1.322965e-08 1.284718e-08
-5.708910e-11 8.245362e-11 8.483138e-11 -1.163276e-08 1.483870e-08 1.428714e-08
-7.559765e-11 1.058918e-10 1.073040e-10 -1.301501e-08 1.634686e-08 1.559606e-08
-9.613414e-11 1.314942e-10 1.316196e-10 -1.430689e-08 1.768467e-08 1.670791e-08
-1.185183e-10 1.589458e-10 1.574277e-10 -1.545403e-08 1.877097e-08 1.754715e-08
-1.424962e-10 1.878071e-10 1.842610e-10 -1.639167e-08 1.951454e-08 1.802820e-08
-1.676933e-10 2.174895e-10 2.115123e-10 -1.704089e-08 1.981506e-08 1.805724e-08
-1.936189e-10 2.472523e-10 2.384327e-10 -1.732468e-08 1.956907e-08 1.753891e-08
-2.196674e-10 2.761967e-10 2.641290e-10 -1.716040e-08 1.867221e-08 1.637817e-08
-2.451001e-10 3.032689e-10 2.875672e-10 -1.645027e-08 1.702187e-08 1.448246e-08
-2.690182e-10 3.272623e-10 3.075764e-10 -1.509904e-08 1.452665e-08 1.176711e-08
-2.903972e-10 3.468488e-10 3.228686e-10 -1.302576e-08 1.111158e-08 8.162633e-09
-3.080955e-10 3.605970e-10 3.320643e-10 -1.015753e-08 6.718219e-09 3.620535e-09
-3.208698e-10 3.670035e-10 3.337302e-10 -6.438609e-09 1.315367e-09 -1.882078e-09
-3.274113e-10 3.645431e-10 3.264181e-10 -1.834675e-09 -5.098196e-09 -8.339176e-09
-3.263738e-10 3.517089e-10 3.087126e-10 3.659183e-09 -1.248931e-08 -1.570731e-08
-3.164337e-10 3.270752e-10 2.792961e-10 1.002812e-08 -2.078647e-08 -2.390159e-08
-2.962895e-10 2.893495e-10 2.370079e-10 1.722695e-08 -2.987339e-08 -3.279125e-08
-2.647529e-10 2.374550e-10 1.809224e-10 2.516669e-08 -3.958664e-08 -4.219695e-08
-2.207894e-10 1.705896e-10 1.104170e-10 3.372519e-08 -4.971702e-08 -5.189609e-08
-1.635773e-10 8.830393e-11 2.523410e-11 4.273960e-08 -6.000753e-08 -6.162185e-08
-9.257059e-11 -9.432976e-12 -7.444853e-11 5.201311e-08 -7.015854e-08 -7.106641e-08
-7.538013e-12 -1.221717e-10 -1.879651e-10 6.131639e-08 -7.982974e-08 -7.988918e-08
9.137857e-11 -2.489222e-10 -3.141161e-10 7.038427e-08 -8.864851e-08 -8.772272e-08
2.036148e-10 -3.881172e-10 -4.511333e-10 7.892284e-08 -9.622136e-08 -9.418294e-08
3.281471e-10 -5.375863e-10 -5.966649e-10 8.662236e-08 -1.021483e-07 -9.888240e-08
4.634819e-10 -6.945622e-10 -7.477805e-10 9.315763e-08 -1.060332e-07 -1.014432e-07
6.076200e-10 -8.556860e-10 -9.009945e-10 9.818652e-08 -1.074961e-07 -1.015098e-07
7.580414e-10 -1.017051e-09 -1.052310e-09 1.013753e-07 -1.061934e-07 -9.876763e-08
9.117458e-10 -1.174266e-09 -1.197297e-09 1.024181e-07 -1.018312e-07 -9.296039e-08
1.065296e-09 -1.322544e-09 -1.331191e-09 1.010361e-07 -9.418363e-08 -8.390184e-08
1.214854e-09 -1.456817e-09 -1.449003e-09 9.698224e-08 -8.310567e-08 -7.148925e-08
1.356242e-09 -1.571861e-09 -1.545659e-09 9.006361e-08 -6.854971e-08 -5.572074e-08
1.485045e-09 -1.662466e-09 -1.616165e-09 8.016189e-08 -5.058351e-08 -3.670640e-08
1.596728e-09 -1.723612e-09 -1.655778e-09 6.723031e-08 -2.939491e-08 -1.467726e-08
1.686736e-09 -1.750651e-09 -1.660197e-09 5.130198e-08 -5.300527e-09 1.000593e-08
1.750634e-09 -1.739513e-09 -1.625760e-09 3.251005e-08 2.124722e-08 3.685255e-08
1.784266e-09 -1.686909e-09 -1.549639e-09 1.108392e-08 4.966452e-08 6.524759e-08
1.783886e-09 -1.590520e-09 -1.430018e-09 -1.265493e-08 7.924554e-08 9.446332e-08
1.746301e-09 -1.449173e-09 -1.266249e-09 -3.827459e-08 1.091735e-07 1.236681e-07
1.669062e-09 -1.262999e-09 -1.059013e-09 -6.525774e-08 1.385465e-07 1.519524e-07
1.550528e-09 -1.033533e-09 -8.103922e-10 -9.301699e-08 1.664039e-07 1.783560e-07
1.390011e-09 -7.637876e-10 -5.239453e-10 -1.208924e-07 1.917543e-07 2.018957e-07
1.187851e-09 -4.582702e-10 -2.047050e-10 -1.481774e-07 2.136128e-07 2.216044e-07
9.454790e-10 -1.229491e-10 1.408679e-10 -1.741311e-07 2.310355e-07 2.365651e-07
6.654575e-10 2.348362e-10 5.049903e-10 -1.980053e-07 2.431578e-07 2.459536e-07
3.514630e-10 6.065242e-10 8.787287e-10 -2.190602e-07 2.492309e-07 2.490745e-07
8.276838e-12 9.825289e-10 1.252214e-09 -2.365904e-07 2.486570e-07 2.453964e-07
-3.583081e-10 1.352495e-09 1.614918e-09 -2.499626e-07 2.410264e-07 2.345879e-07
-7.416111e-10 1.705608e-09 1.955977e-09 -2.586274e-07 2.261464e-07 2.165416e-07
-1.134190e-09 2.030935e-09 2.264543e-09 -2.621431e-07 2.040619e-07 1.913934e-07
-1.528040e-09 2.317794e-09 2.530158e-09 -2.601880e-07 1.750690e-07 1.595336e-07
-1.914754e-09 2.556141e-09 2.743144e-09 -2.525703e-07 1.397238e-07 1.216082e-07
-2.285751e-09 2.736965e-09 2.894982e-09 -2.392467e-07 9.884100e-08 7.851514e-08
-2.632494e-09 2.852664e-09 2.978689e-09 -2.203278e-07 5.347670e-08 3.138502e-08
-2.946734e-09 2.897396e-09 2.989137e-09 -1.960771e-07 4.901362e-09 -1.844789e-08
-3.220726e-09 2.867368e-09 2.923345e-09 -1.669039e-07 -4.543591e-08 -6.948464e-08
-3.447446e-09 2.761088e-09 2.780683e-09 -1.333549e-07 -9.595292e-08 -1.201129e-07
-3.620790e-09 2.579510e-09 2.563006e-09 -9.610427e-08 -1.449922e-07 -1.686600e-07
-3.735759e-09 2.326111e-09 2.274703e-09 -5.592958e-08 -1.908783e-07 -2.134531e-07
-3.788579e-09 2.006875e-09 1.922647e-09 -1.369126e-08 -2.319791e-07 -2.528836e-07
-3.776833e-09 1.630174e-09 1.516053e-09 2.969479e-08 -2.667732e-07 -2.854708e-07
-3.699495e-09 1.206555e-09 1.066235e-09 7.328230e-08 -2.939105e-07 -3.099216e-07
-3.556986e-09 7.484423e-10 5.862879e-10 1.161152e-07 -3.122679e-07 -3.251837e-07
-3.351149e-09 2.697515e-10 9.068386e-11 1.572726e-07 -3.210028e-07 -3.304995e-07
-3.085168e-09 -2.145662e-10 -4.052105e-10 1.958757e-07 -3.195905e-07 -3.254435e-07
-2.763522e-09 -6.890201e-10 -8.856467e-10 2.311085e-07 -3.078551e-07 -3.099498e-07
-2.391842e-09 -1.138131e-09 -1.335060e-09 2.622523e-07 -2.859917e-07 -2.843284e-07
-1.976765e-09 -1.546995e-09 -1.738632e-09 2.886906e-07 -2.545691e-07 -2.492654e-07
-1.525771e-09 -1.901839e-09 -2.082856e-09 3.099117e-07 -2.145180e-07 -2.058073e-07
-1.047030e-09 -2.190549e-09 -2.356054e-09 3.255223e-07 -1.671067e-07 -1.553330e-07
-5.492037e-10 -2.403159e-09 -2.548855e-09 3.352508e-07 -1.138982e-07 -9.950755e-08
-4.127733e-11 -2.532244e-09 -2.654576e-09 3.389589e-07 -5.669817e-08 -4.022372e-08
4.676730e-10 -2.573253e-09 -2.669526e-09 3.366294e-07 2.512725e-09 2.046699e-08
9.686108e-10 -2.524706e-09 -2.593176e-09 3.283629e-07 6.165562e-08 8.043557e-08
1.452762e-09 -2.388286e-09 -2.428220e-09 3.143859e-07 1.186332e-07 1.375559e-07
1.911768e-09 -2.168806e-09 -2.180508e-09 2.950211e-07 1.714157e-07 1.897948e-07
2.337825e-09 -1.874039e-09 -1.858835e-09 2.706826e-07 2.181214e-07 2.352933e-07
2.723816e-09 -1.514442e-09 -1.474628e-09 2.418682e-07 2.570896e-07 2.724393e-07
3.063430e-09 -1.102771e-09 -1.041517e-09 2.091258e-07 2.869510e-07 2.999369e-07
3.351194e-09 -6.535887e-10 -5.748173e-10 1.730482e-07 3.066840e-07 3.168519e-07
3.582574e-09 -1.827185e-10 -9.096152e-11 1.342867e-07 3.156471e-07 3.226441e-07
3.754054e-09 2.933525e-10 3.931151e-10 9.351232e-08 3.136065e-07 3.171940e-07
3.863111e-09 7.581009e-10 8.606204e-10 5.142855e-08 3.007390e-07 3.007981e-07
3.908339e-09 1.195570e-09 1.295509e-09 8.773577e-09 2.776211e-07 2.741542e-07
3.889432e-09 1.590964e-09 1.683083e-09 -3.371358e-08 2.452072e-07 2.383378e-07
3.807198e-09 1.931191e-09 2.010523e-09 -7.528141e-08 2.047875e-07 1.947529e-07
3.663588e-09 2.205327e-09 2.267342e-09 -1.151838e-07 1.579352e-07 1.450763e-07
3.461647e-09 2.404997e-09 2.445752e-09 -1.526904e-07 1.064388e-07 9.118958e-08
3.205517e-09 2.524643e-09 2.540910e-09 -1.871019e-07 5.223309e-08 3.510327e-08
2.900341e-09 2.561696e-09 2.551062e-09 -2.177641e-07 -2.676690e-09 -2.112367e-08
2.552224e-09 2.516613e-09 2.477539e-09 -2.440761e-07 -5.629799e-08 -7.546776e-08
2.168113e-09 2.392802e-09 2.324658e-09 -2.655101e-07 -1.067298e-07 -1.260203e-07
1.755694e-09 2.196424e-09 2.099478e-09 -2.816344e-07 -1.522365e-07 -1.710565e-07
1.323210e-09 1.936093e-09 1.811489e-09 -2.921145e-07 -1.913184e-07 -2.091046e-07
8.793505e-10 1.622468e-09 1.472165e-09 -2.967148e-07 -2.227664e-07 -2.390043e-07
4.330653e-10 1.267793e-09 1.094476e-09 -2.953400e-07 -2.456974e-07 -2.599396e-07
-6.669472e-12 8.853763e-10 6.923459e-10 -2.880252e-07 -2.595845e-07 -2.714623e-07
-4.310103e-10 4.890399e-10 2.800889e-10 -2.749272e-07 -2.642704e-07 -2.735029e-07
-8.314511e-10 9.256500e-11 -1.281627e-10 -2.563550e-07 -2.599543e-07 -2.663568e-07
-1.200075e-09 -2.908231e-10 -5.189815e-10 -2.327636e-07 -2.471691e-07 -2.506547e-07
-1.529742e-09 -6.489422e-10 -8.801267e-10 -2.047383e-07 -2.267480e-07 -2.273275e-07
-1.814290e-09 -9.710672e-10 -1.200964e-09 -1.729978e-07 -1.997746e-07 -1.975549e-07
-2.048735e-09 -1.248266e-09 -1.472791e-09 -1.383722e-07 -1.675292e-07 -1.627040e-07
-2.229407e-09 -1.473655e-09 -1.689076e-09 -1.017708e-07 -1.314305e-07 -1.242687e-07
-2.354048e-09 -1.642558e-09 -1.845597e-09 -6.416822e-08 -9.296754e-08 -8.380043e-08
-2.421911e-09 -1.752557e-09 -1.940477e-09 -2.656277e-08 -5.363963e-08 -4.284599e-08
-2.433736e-09 -1.803476e-09 -1.974135e-09 1.005696e-08 -1.489733e-08 -2.888489e-09
-2.391741e-09 -1.797249e-09 -1.949143e-09 4.473794e-08 2.191531e-08 3.471111e-08
-2.299522e-09 -1.737731e-09 -1.870002e-09 7.660542e-08 5.560571e-08 6.876176e-08
-2.161924e-09 -1.630432e-09 -1.742858e-09 1.048929e-07 8.517240e-08 9.827977e-08
-1.984844e-09 -1.482213e-09 -1.575163e-09 1.289612e-07 1.098366e-07 1.225170e-07
-1.775041e-09 -1.300923e-09 -1.375307e-09 1.483199e-07 1.290590e-07 1.409767e-07
-1.539884e-09 -1.095036e-09 -1.152233e-09 1.626383e-07 1.425472e-07 1.534195e-07
-1.287126e-09 -8.732808e-10 -9.150480e-10 1.717551e-07 1.502513e-07 1.598551e-07
-1.024619e-09 -6.442822e-10 -6.726672e-10 1.756783e-07 1.523500e-07 1.605249e-07
-7.600909e-10 -4.162309e-10 -4.334734e-10 1.745841e-07 1.492267e-07 1.558728e-07
-5.008665e-10 -1.966022e-10 -2.050489e-10 1.688059e-07 1.414363e-07 1.465125e-07
-2.536731e-10 8.077942e-12 6.064058e-12 1.588113e-07 1.296716e-07 1.331899e-07
-2.443250e-11 1.924127e-10 1.945207e-10 1.451780e-07 1.147237e-07 1.167394e-07
1.818611e-10 3.522491e-10 3.562823e-10 1.285845e-07 9.743357e-08 9.804135e-08
3.613211e-10 4.847134e-10 4.886447e-10 1.097810e-07 7.865535e-08 7.798142e-08
5.112041e-10 5.882151e-10 5.902265e-10 8.953876e-08 5.922424e-08 5.741497e-08
6.299374e-10 6.623862e-10 6.608897e-10 6.863286e-08 3.992045e-08 3.713549e-08
7.171027e-10 7.079765e-10 7.016330e-10 4.780129e-08 2.144400e-08 1.785166e-08
7.733413e-10 7.267182e-10 7.144446e-10 2.772062e-08 4.393036e-09 1.626703e-10
8.002645e-10 7.211556e-10 7.021210e-10 8.980988e-09 -1.074958e-08 -1.545165e-08
8.002843e-10 6.944694e-10 6.680897e-10 -7.924990e-09 -2.362710e-08 -2.864110e-08
7.764895e-10 6.502743e-10 6.161977e-10 -2.261438e-08 -3.401162e-08 -3.918906e-08
7.324411e-10 5.924346e-10 5.505225e-10 -3.482615e-08 -4.179950e-08 -4.700750e-08
6.720111e-10 5.248758e-10 4.751752e-10 -4.442023e-08 -4.700661e-08 -5.212897e-08
5.991804e-10 4.514147e-10 3.941356e-10 -5.136157e-08 -4.975725e-08 -5.469643e-08
5.179264e-10 3.756040e-10 3.110859e-10 -5.571159e-08 -5.026508e-08 -5.494359e-08
4.320457e-10 3.006195e-10 2.293048e-10 -5.762181e-08 -4.881209e-08 -5.317413e-08
3.450609e-10 2.291678e-10 1.515635e-10 -5.731843e-08 -4.572591e-08 -4.974280e-08
2.600904e-10 1.634418e-10 8.007643e-11 -5.508294e-08 -4.136093e-08 -4.502767e-08
1.798121e-10 1.050850e-10 1.648048e-11 -5.124162e-08 -3.607687e-08 -3.940784e-08
1.063655e-10 5.521117e-11 -3.814710e-11 -4.615253e-08 -3.021917e-08 -3.324579e-08
4.135451e-11 1.442747e-11 -8.325688e-11 -4.017226e-08 -2.410921e-08 -2.687316e-08
-1.415125e-11 -1.711645e-11 -1.187666e-10 -3.365763e-08 -1.802952e-08 -2.057624e-08
-5.961837e-11 -3.966109e-11 -1.449856e-10 -2.694365e-08 -1.221676e-08 -1.459259e-08
-9.498220e-11 -5.376673e-11 -1.625444e-10 -2.032534e-08 -6.863413e-09 -9.111234e-09
-1.205944e-10 -6.025133e-11 -1.723193e-10 -1.406085e-08 -2.116619e-09 -4.267787e-09
-1.371648e-10 -6.011658e-11 -1.753477e-10 -8.352503e-09 1.917952e-09 -1.480409e-10
-1.456519e-10 -5.449747e-11 -1.727634e-10 -3.342202e-09 5.172985e-09 3.206390e-09
-1.471914e-10 -4.459763e-11 -1.657285e-10 8.733787e-10 7.623112e-09 5.797022e-09
-1.430318e-10 -3.162814e-11 -1.553724e-10 4.260684e-09 9.275249e-09 7.658838e-09
-1.344093e-10 -1.677188e-11 -1.427520e-10 6.834629e-09 1.016498e-08 8.857026e-09
-1.225279e-10 -1.133196e-12 -1.288013e-10 8.638747e-09 1.035623e-08 9.483735e-09
-1.084931e-10 1.429681e-11 -1.143008e-10 9.742396e-09 9.934129e-09 9.652985e-09
-9.330070e-11 2.866919e-11 -9.984233e-11 1.023434e-08 9.000732e-09 9.492890e-09
-7.779005e-11 4.129901e-11 -8.582215e-11 1.021576e-08 7.665969e-09 9.135665e-09
-6.265343e-11 5.166710e-11 -7.243533e-11 9.784830e-09 6.038255e-09 8.710385e-09
-4.843556e-11 5.941378e-11 -5.969100e-11 9.027333e-09 4.220154e-09 8.335443e-09
-3.557143e-11 6.432756e-11 -4.742901e-11 8.024950e-09 2.298971e-09 8.108880e-09
-2.436071e-11 6.631069e-11 -3.536436e-11 6.867732e-09 3.385601e-10 8.101266e-09
-1.496823e-11 6.534324e-11 -2.312521e-11 5.632874e-09 -1.616792e-09 8.358072e-09
-7.462084e-12 6.146031e-11 -1.029014e-11 4.378870e-09 -3.540661e-09 8.900794e-09
-1.831619e-12 5.472126e-11 3.577175e-12 3.154859e-09 -5.421371e-09 9.728213e-09
2.002494e-12 4.519620e-11 1.889450e-11 2.005330e-09 -7.252746e-09 1.082215e-08
4.184370e-12 3.296302e-11 3.604364e-11 9.741713e-10 -9.030017e-09 1.215256e-08
4.925008e-12 1.810615e-11 5.535217e-11 8.691367e-11 -1.073976e-08 1.368447e-08
4.445111e-12 7.437346e-13 7.709703e-11 -6.438298e-10 -1.235858e-08 1.537713e-08
2.993519e-12 -1.896958e-11 1.014836e-10 -1.198736e-09 -1.385790e-08 1.717938e-08
8.489027e-13 -4.082996e-11 1.286352e-10 -1.571726e-09 -1.519703e-08 1.903266e-08
-1.721661e-12 -6.456068e-11 1.585815e-10 -1.761910e-09 -1.633127e-08 2.086513e-08
-4.436826e-12 -8.982376e-11 1.912306e-10 -1.777251e-09 -1.721322e-08 2.258947e-08
-7.053413e-12 -1.162003e-10 2.263499e-10 -1.646147e-09 -1.779077e-08 2.410641e-08
-9.375268e-12 -1.431961e-10 2.635498e-10 -1.391746e-09 -1.801399e-08 2.530340e-08
-1.122865e-11 -1.702423e-10 3.022601e-10 -1.025620e-09 -1.783524e-08 2.605557e-08
-1.245213e-11 -1.967018e-10 3.417165e-10 -5.571406e-10 -1.720672e-08 2.623127e-08
-1.290007e-11 -2.218625e-10 3.809539e-10 6.399213e-12 -1.607544e-08 2.569930e-08
-1.243293e-11 -2.449281e-10 4.188144e-10 6.626666e-10 -1.438330e-08 2.433576e-08
-1.091207e-11 -2.650124e-10 4.539612e-10 1.413918e-09 -1.206750e-08 2.202773e-08
-8.191177e-12 -2.811306e-10 4.848976e-10 2.267484e-09 -9.065917e-09 1.867687e-08
-4.109619e-12 -2.922101e-10 5.099918e-10 3.227325e-09 -5.319970e-09 1.420241e-08
1.490798e-12 -2.970905e-10 5.275049e-10 4.292821e-09 -7.805075e-10 8.541009e-09
8.768844e-12 -2.945516e-10 5.356148e-10 5.464152e-09 4.582965e-09 1.649492e-09
1.788325e-11 -2.833416e-10 5.324534e-10 6.733979e-09 1.077775e-08 -6.492901e-09
2.897078e-11 -2.622184e-10 5.161361e-10 8.092424e-09 1.778017e-08 -1.588320e-08
4.216053e-11 -2.300011e-10 4.848038e-10 9.514838e-09 2.553655e-08 -2.648294e-08
5.751529e-11 -1.856087e-10 4.366873e-10 1.095952e-08 3.395983e-08 -3.821239e-08
7.503909e-11 -1.281216e-10 3.701666e-10 1.238383e-08 4.292590e-08 -5.095251e-08
9.466677e-11 -5.683102e-11 2.838298e-10 1.374014e-08 5.227818e-08 -6.453748e-08
1.162595e-10 2.871290e-11 1.765542e-10 1.496959e-08 6.182918e-08 -7.874730e-08
1.395755e-10 1.286565e-10 4.758786e-11 1.600214e-08 7.136321e-08 -9.331103e-08
1.642660e-10 2.428025e-10 -1.033789e-10 1.676486e-08 8.063614e-08 -1.079092e-07
1.898701e-10 3.705649e-10 -2.761399e-10 1.716802e-08 8.938038e-08 -1.221765e-07
2.157700e-10 5.109437e-10 -4.699083e-10 1.711259e-08 9.730619e-08 -1.357102e-07
2.412079e-10 6.624835e-10 -6.832705e-10 1.650009e-08 1.041033e-07 -1.480810e-07
2.652703e-10 8.232535e-10 -9.141513e-10 1.523170e-08 1.094486e-07 -1.588381e-07
2.869030e-10 9.908293e-10 -1.159785e-09 1.321303e-08 1.130135e-07 -1.675181e-07
