0.000000e+00 0.000000e+00 0.000000e+00 0.000000e+00 0.000000e+00 0.000000e+00
0.000000e+00 0.000000e+00 0.000000e+00 0.000000e+00 0.000000e+00 0.000000e+00
0.000000e+00 0.000000e+00 0.000000e+00 0.000000e+00 0.000000e+00 0.000000e+00
0.000000e+00 0.000000e+00 0.000000e+00 0.000000e+00 0.000000e+00 0.000000e+00
0.000000e+00 0.000000e+00 0.000000e+00 0.000000e+00 0.000000e+00 0.000000e+00
0.000000e+00 0.000000e+00 0.000000e+00 0.000000e+00 0.000000e+00 0.000000e+00
0.000000e+00 0.000000e+00 0.000000e+00 0.000000e+00 0.000000e+00 0.000000e+00
0.000000e+00 0.000000e+00 0.000000e+00 0.000000e+00 0.000000e+00 0.000000e+00
0.000000e+00 0.000000e+00 0.000000e+00 0.000000e+00 0.000000e+00 0.000000e+00
0.000000e+00 0.000000e+00 0.000000e+00 0.000000e+00 0.000000e+00 0.000000e+00
0.000000e+00 0.000000e+00 0.000000e+00 0.000000e+00 0.000000e+00 0.000000e+00
0.000000e+00 0.000000e+00 0.000000e+00 0.000000e+00 0.000000e+00 0.000000e+00
0.000000e+00 0.000000e+00 0.000000e+00 0.000000e+00 0.000000e+00 0.000000e+00
0.000000e+00 0.000000e+00 0.000000e+00 0.000000e+00 0.000000e+00 0.000000e+00
0.000000e+00 0.000000e+00 0.000000e+00 0.000000e+00 0.000000e+00 0.000000e+00
0.000000e+00 0.000000e+00 0.000000e+00 0.000000e+00 0.000000e+00 0.000000e+00
0.000000e+00 0.000000e+00 0.000000e+00 0.000000e+00 0.000000e+00 0.000000e+00
0.000000e+00 0.000000e+00 0.000000e+00 0.000000e+00 0.000000e+00 0.000000e+00
0.000000e+00 0.000000e+00 0.000000e+00 0.000000e+00 0.000000e+00 0.000000e+00
0.000000e+00 0.000000e+00 0.000000e+00 0.000000e+00 0.000000e+00 0.000000e+00
0.000000e+00 0.000000e+00 0.000000e+00 0.000000e+00 0.000000e+00 0.000000e+00
0.000000e+00 0.000000e+00 0.000000e+00 0.000000e+00 0.000000e+00 0.000000e+00
0.000000e+00 0.000000e+00 0.000000e+00 0.000000e+00 0.000000e+00 0.000000e+00
0.000000e+00 0.000000e+00 0.000000e+00 0.000000e+00 0.000000e+00 0.000000e+00
0.000000e+00 0.000000e+00 0.000000e+00 0.000000e+00 0.000000e+00 0.000000e+00
0.000000e+00 0.000000e+00 0.000000e+00 0.000000e+00 0.000000e+00 0.000000e+00
0.000000e+00 0.000000e+00 0.000000e+00 0.000000e+00 0.000000e+00 0.000000e+00
0.000000e+00 0.000000e+00 0.000000e+00 0.000000e+00 0.000000e+00 0.000000e+00
0.000000e+00 0.000000e+00 0.000000e+00 0.000000e+00 0.000000e+00 0.000000e+00
0.000000e+00 0.000000e+00 0.000000e+00 0.000000e+00 0.000000e+00 0.000000e+00
0.000000e+00 0.000000e+00 0.000000e+00 0.000000e+00 0.000000e+00 0.000000e+00
0.000000e+00 0.000000e+00 0.000000e+00 0.000000e+00 0.000000e+00 0.000000e+00
0.000000e+00 0.000000e+00 0.000000e+00 0.000000e+00 0.000000e+00 0.000000e+00
0.000000e+00 0.000000e+00 0.000000e+00 0.000000e+00 0.000000e+00 0.000000e+00
0.000000e+00 0.000000e+00 0.000000e+00 0.000000e+00 0.000000e+00 0.000000e+00
0.000000e+00 0.000000e+00 0.000000e+00 0.000000e+00 0.000000e+00 0.000000e+00
0.000000e+00 0.000000e+00 0.000000e+00 0.000000e+00 0.000000e+00 0.000000e+00
0.000000e+00 0.000000e+00 0.000000e+00 0.000000e+00 0.000000e+00 0.000000e+00
0.000000e+00 0.000000e+00 0.000000e+00 0.000000e+00 0.000000e+00 0.000000e+00
0.000000e+00 0.000000e+00 0.000000e+00 0.000000e+00 0.000000e+00 0.000000e+00
0.000000e+00 0.000000e+00 0.000000e+00 0.000000e+00 0.000000e+00 0.000000e+00
0.000000e+00 0.000000e+00 0.000000e+00 0.000000e+00 0.000000e+00 0.000000e+00
0.000000e+00 0.000000e+00 0.000000e+00 0.000000e+00 0.000000e+00 0.000000e+00
0.000000e+00 0.000000e+00 0.000000e+00 0.000000e+00 0.000000e+00 0.000000e+00
0.000000e+00 0.000000e+00 0.000000e+00 0.000000e+00 0.000000e+00 0.000000e+00
0.000000e+00 0.000000e+00 0.000000e+00 0.000000e+00 0.000000e+00 0.000000e+00
0.000000e+00 0.000000e+00 0.000000e+00 0.000000e+00 0.000000e+00 0.000000e+00
0.000000e+00 0.000000e+00 0.000000e+00 0.000000e+00 0.000000e+00 0.000000e+00
0.000000e+00 0.000000e+00 0.000000e+00 0.000000e+00 0.000000e+00 0.000000e+00
0.000000e+00 0.000000e+00 0.000000e+00 0.000000e+00 0.000000e+00 0.000000e+00
0.000000e+00 0.000000e+00 0.000000e+00 0.000000e+00 0.000000e+00 0.000000e+00
0.000000e+00 0.000000e+00 0.000000e+00 0.000000e+00 0.000000e+00 0.000000e+00
0.000000e+00 0.000000e+00 0.000000e+00 0.000000e+00 0.000000e+00 0.000000e+00
0.000000e+00 0.000000e+00 0.000000e+00 0.000000e+00 0.000000e+00 0.000000e+00
0.000000e+00 0.000000e+00 0.000000e+00 0.000000e+00 0.000000e+00 0.000000e+00
0.000000e+00 0.000000e+00 0.000000e+00 0.000000e+00 0.000000e+00 0.000000e+00
0.000000e+00 0.000000e+00 0.000000e+00 0.000000e+00 0.000000e+00 0.000000e+00
0.000000e+00 0.000000e+00 0.000000e+00 0.000000e+00 0.000000e+00 0.000000e+00
0.000000e+00 0.000000e+00 0.000000e+00 0.000000e+00 0.000000e+00 0.000000e+00
0.000000e+00 0.000000e+00 0.000000e+00 0.000000e+00 0.000000e+00 0.000000e+00
0.000000e+00 0.000000e+00 0.000000e+00 0.000000e+00 0.000000e+00 0.000000e+00
0.000000e+00 0.000000e+00 0.000000e+00 0.000000e+00 0.000000e+00 0.000000e+00
0.000000e+00 0.000000e+00 0.000000e+00 0.000000e+00 0.000000e+00 0.000000e+00
0.000000e+00 0.000000e+00 0.000000e+00 0.000000e+00 0.000000e+00 0.000000e+00
0.000000e+00 0.000000e+00 0.000000e+00 0.000000e+00 0.000000e+00 0.000000e+00
0.000000e+00 0.000000e+00 0.000000e+00 0.000000e+00 0.000000e+00 0.000000e+00
0.000000e+00 0.000000e+00 0.000000e+00 0.000000e+00 0.000000e+00 0.000000e+00
0.000000e+00 0.000000e+00 0.000000e+00 0.000000e+00 0.000000e+00 0.000000e+00
0.000000e+00 0.000000e+00 0.000000e+00 0.000000e+00 0.000000e+00 0.000000e+00
0.000000e+00 0.000000e+00 0.000000e+00 0.000000e+00 0.000000e+00 0.000000e+00
0.000000e+00 0.000000e+00 0.000000e+00 0.000000e+00 0.000000e+00 0.000000e+00
0.000000e+00 0.000000e+00 0.000000e+00 0.000000e+00 0.000000e+00 0.000000e+00
0.000000e+00 0.000000e+00 0.000000e+00 0.000000e+00 0.000000e+00 0.000000e+00
0.000000e+00 0.000000e+00 0.000000e+00 0.000000e+00 0.000000e+00 0.000000e+00
0.000000e+00 0.000000e+00 0.000000e+00 0.000000e+00 0.000000e+00 0.000000e+00
0.000000e+00 0.000000e+00 0.000000e+00 0.000000e+00 0.000000e+00 0.000000e+00
0.000000e+00 0.000000e+00 0.000000e+00 0.000000e+00 0.000000e+00 0.000000e+00
0.000000e+00 0.000000e+00 0.000000e+00 0.000000e+00 0.000000e+00 0.000000e+00
0.000000e+00 0.000000e+00 0.000000e+00 0.000000e+00 0.000000e+00 0.000000e+00
0.000000e+00 0.000000e+00 0.000000e+00 0.000000e+00 0.000000e+00 0.000000e+00
0.000000e+00 0.000000e+00 0.000000e+00 0.000000e+00 0.000000e+00 0.000000e+00
0.000000e+00 0.000000e+00 0.000000e+00 0.000000e+00 0.000000e+00 0.000000e+00
0.000000e+00 0.000000e+00 0.000000e+00 0.000000e+00 0.000000e+00 0.000000e+00
0.000000e+00 0.000000e+00 0.000000e+00 0.000000e+00 0.000000e+00 0.000000e+00
0.000000e+00 0.000000e+00 0.000000e+00 0.000000e+00 0.000000e+00 0.000000e+00
0.000000e+00 0.000000e+00 0.000000e+00 0.000000e+00 0.000000e+00 0.000000e+00
0.000000e+00 0.000000e+00 0.000000e+00 0.000000e+00 0.000000e+00 0.000000e+00
0.000000e+00 0.000000e+00 0.000000e+00 0.000000e+00 0.000000e+00 0.000000e+00
0.000000e+00 0.000000e+00 0.000000e+00 -3.606306e-13 0.000000e+00 3.607601e-13
0.000000e+00 0.000000e+00 0.000000e+00 -1.412459e-12 0.000000e+00 1.412977e-12
0.000000e+00 0.000000e+00 0.000000e+00 -2.794855e-12 0.000000e+00 2.795891e-12
0.000000e+00 0.000000e+00 0.000000e+00 -3.486053e-12 0.000000e+00 3.487348e-12
0.000000e+00 0.000000e+00 0.000000e+00 -3.185549e-12 0.000000e+00 2.465194e-12
0.000000e+00 0.000000e+00 0.000000e+00 -2.223910e-12 0.000000e+00 -6.012669e-13
0.000000e+00 0.000000e+00 0.000000e+00 -5.710740e-13 0.000000e+00 -7.724725e-12
0.000000e+00 0.000000e+00 0.000000e+00 1.742897e-12 0.000000e+00 -2.097800e-11
0.000000e+00 0.000000e+00 0.000000e+00 4.056868e-12 0.000000e+00 -3.969969e-11
0.000000e+00 0.000000e+00 -1.136868e-13 5.739249e-12 0.000000e+00 -5.434958e-11
0.000000e+00 0.000000e+00 -2.273737e-13 6.759719e-12 0.000000e+00 -6.015071e-11
0.000000e+00 0.000000e+00 -3.410605e-13 6.727842e-12 0.000000e+00 -6.015272e-11
0.000000e+00 0.000000e+00 -4.547474e-13 5.674459e-12 0.000000e+00 -5.300276e-11
0.000000e+00 0.000000e+00 -5.684342e-13 3.299585e-12 0.000000e+00 -3.906030e-11
0.000000e+00 0.000000e+00 -6.821210e-13 2.640935e-13 0.000000e+00 -2.040685e-11
0.000000e+00 0.000000e+00 -6.821210e-13 -1.448351e-12 0.000000e+00 -7.154353e-12
0.000000e+00 0.000000e+00 -6.821210e-13 -2.168058e-12 0.000000e+00 -9.166070e-12
0.000000e+00 0.000000e+00 -6.821210e-13 -3.217555e-12 0.000000e+00 -2.854669e-11
0.000000e+00 0.000000e+00 -6.821210e-13 -4.236989e-12 0.000000e+00 -6.219203e-11
0.000000e+00 0.000000e+00 -7.958079e-13 -4.565743e-12 0.000000e+00 -9.038162e-11
0.000000e+00 0.000000e+00 -9.094947e-13 -4.234139e-12 0.000000e+00 -9.346329e-11
0.000000e+00 0.000000e+00 -1.023182e-12 -3.242696e-12 0.000000e+00 -6.260257e-11
0.000000e+00 0.000000e+00 -1.136868e-12 -1.591932e-12 0.000000e+00 9.770291e-12
0.000000e+00 0.000000e+00 -1.023182e-12 7.785382e-13 -7.940934e-29 1.107026e-10
0.000000e+00 0.000000e+00 -7.958079e-13 3.870529e-12 -1.588187e-28 2.204354e-10
0.000000e+00 0.000000e+00 -3.410605e-13 6.603444e-12 -1.588187e-28 3.285198e-10
0.000000e+00 0.000000e+00 2.273737e-13 6.963556e-12 -1.588187e-28 4.322015e-10
0.000000e+00 0.000000e+00 1.023182e-12 5.281952e-12 -1.588187e-28 5.345329e-10
0.000000e+00 0.000000e+00 1.932676e-12 1.889716e-12 -1.588187e-28 6.433744e-10
0.000000e+00 0.000000e+00 2.955858e-12 -3.153542e-12 -3.176374e-28 7.729010e-10
0.000000e+00 0.000000e+00 4.206413e-12 -1.022887e-11 -4.764560e-28 9.309398e-10
0.000000e+00 0.000000e+00 5.684342e-12 -1.968725e-11 -9.194113e-28 1.115897e-09
-5.684342e-14 0.000000e+00 7.503331e-12 -2.578372e-11 -1.605558e-27 1.315820e-09
-1.136868e-13 0.000000e+00 9.549694e-12 -2.206247e-11 -1.567249e-27 1.517404e-09
-1.705303e-13 0.000000e+00 1.193712e-11 -5.719956e-12 -2.998633e-27 1.701061e-09
-1.705303e-13 0.000000e+00 1.455192e-11 2.049335e-11 -3.956818e-27 1.843607e-09
-1.136868e-13 0.000000e+00 1.739409e-11 4.832082e-11 -3.788074e-27 1.927244e-09
-5.684342e-14 0.000000e+00 2.023626e-11 7.171543e-11 -5.044975e-27 1.947273e-09
5.684342e-14 0.000000e+00 2.319211e-11 8.395041e-11 -6.373530e-27 1.895574e-09
1.705303e-13 0.000000e+00 2.592060e-11 7.611661e-11 -5.160987e-27 1.767390e-09
2.842171e-13 0.000000e+00 2.842171e-11 4.447943e-11 -3.898502e-27 1.567744e-09
2.842171e-13 0.000000e+00 3.058176e-11 -2.125129e-12 -5.049627e-27 1.289229e-09
2.273737e-13 0.000000e+00 3.228706e-11 -5.007643e-11 -8.591098e-27 9.114785e-10
1.136868e-13 0.000000e+00 3.331024e-11 -8.713011e-11 -1.194831e-26 4.085569e-10
0.000000e+00 0.000000e+00 3.342393e-11 -1.035119e-10 -1.224052e-26 -2.408469e-10
-1.705303e-13 0.000000e+00 3.251444e-11 -9.474596e-11 -1.245943e-26 -1.071069e-09
-3.410605e-13 0.000000e+00 3.024070e-11 -5.735914e-11 -1.245393e-26 -2.110117e-09
-3.979039e-13 0.000000e+00 2.614797e-11 -8.901605e-13 -1.237235e-26 -3.352474e-09
-3.410605e-13 0.000000e+00 2.012257e-11 5.383193e-11 -1.308843e-26 -4.785537e-09
-2.273737e-13 0.000000e+00 1.182343e-11 8.947712e-11 -1.477991e-26 -6.394033e-09
-1.136868e-13 0.000000e+00 1.023182e-12 1.000250e-10 -1.387818e-26 -8.151375e-09
5.684342e-14 0.000000e+00 -1.261924e-11 8.371206e-11 -1.364181e-26 -1.001510e-08
1.705303e-13 0.000000e+00 -2.910383e-11 4.498274e-11 3.306968e-13 -1.193021e-08
1.705303e-13 0.000000e+00 -4.843059e-11 3.608700e-12 1.022413e-12 -1.384906e-08
1.705303e-13 0.000000e+00 -7.071321e-11 -2.694860e-11 1.052994e-12 -1.571074e-08
1.136868e-13 0.000000e+00 -9.561063e-11 -4.125473e-11 6.924932e-13 -1.745103e-08
5.684342e-14 0.000000e+00 -1.230092e-10 -3.477062e-11 6.922341e-13 -1.900635e-08
0.000000e+00 0.000000e+00 -1.526814e-10 -1.130772e-11 -6.608755e-13 -2.029434e-08
0.000000e+00 0.000000e+00 -1.839453e-10 1.616212e-11 -3.065684e-12 -2.124125e-08
0.000000e+00 0.000000e+00 -2.163461e-10 3.581767e-11 -6.101305e-12 -2.177641e-08
5.684342e-14 0.000000e+00 -2.492015e-10 3.988124e-11 -1.048926e-11 -2.182399e-08
1.136868e-13 0.000000e+00 -2.818297e-10 2.697486e-11 -1.421582e-11 -2.130847e-08
1.705303e-13 0.000000e+00 -3.132072e-10 1.835067e-12 -1.418549e-11 -2.015943e-08
1.705303e-13 0.000000e+00 -3.423111e-10 -2.637159e-11 -1.072873e-11 -1.832522e-08
1.136868e-13 0.000000e+00 -3.682317e-10 -4.298481e-11 -4.927539e-12 -1.575692e-08
5.684342e-14 0.000000e+00 -3.897185e-10 -4.293562e-11 2.586484e-12 -1.241474e-08
0.000000e+00 0.000000e+00 -4.055210e-10 -3.034413e-11 1.013031e-11 -8.283421e-09
-5.684342e-14 0.000000e+00 -4.145022e-10 -1.064865e-11 1.629148e-11 -3.371188e-09
-5.684342e-14 0.000000e+00 -4.155254e-10 6.322895e-12 1.938697e-11 2.294020e-09
-5.684342e-14 0.000000e+00 -4.075673e-10 1.145630e-11 1.770317e-11 8.663310e-09
-5.684342e-14 0.000000e+00 -3.896048e-10 9.230316e-13 1.087905e-11 1.566048e-08
-5.684342e-14 0.000000e+00 -3.606146e-10 -2.429053e-11 1.380064e-12 2.317049e-08
-1.136868e-13 0.000000e+00 -3.200284e-10 -5.189802e-11 -7.727834e-12 3.104955e-08
-1.705303e-13 0.000000e+00 -2.673914e-10 -6.828354e-11 -1.385972e-11 3.915000e-08
-2.842171e-13 0.000000e+00 -2.024763e-10 -6.155688e-11 -1.461027e-11 4.732280e-08
-3.979039e-13 0.000000e+00 -1.253966e-10 -2.351510e-11 -8.146130e-12 5.543360e-08
-3.979039e-13 0.000000e+00 -3.626610e-11 3.632680e-11 2.796409e-12 6.335862e-08
-2.842171e-13 0.000000e+00 6.457412e-11 9.713313e-11 1.609077e-11 7.097302e-08
-5.684342e-14 0.000000e+00 1.765557e-10 1.358598e-10 3.003127e-11 7.815594e-08
1.705303e-13 0.000000e+00 2.989964e-10 1.358612e-10 4.091271e-11 8.478831e-08
3.979039e-13 1.136868e-13 4.309868e-10 9.368830e-11 3.921857e-11 9.076200e-08
4.547474e-13 2.273737e-13 5.713900e-10 2.671305e-11 1.371897e-11 9.598450e-08
4.547474e-13 2.273737e-13 7.189556e-10 -4.232819e-11 -2.978139e-11 1.003953e-07
3.410605e-13 2.273737e-13 8.725465e-10 -9.775540e-11 -7.976705e-11 1.039556e-07
1.136868e-13 1.136868e-13 1.030912e-09 -1.208112e-10 -1.212589e-10 1.066297e-07
-5.684342e-14 -1.136868e-13 1.192575e-09 -1.058233e-10 -1.314966e-10 1.084117e-07
-2.273737e-13 -3.410605e-13 1.356170e-09 -6.126676e-11 -9.994096e-11 1.093226e-07
-2.842171e-13 -4.547474e-13 1.520448e-09 -4.787463e-12 -3.673107e-11 1.093857e-07
-2.273737e-13 -4.547474e-13 1.684271e-09 3.980678e-11 3.665776e-11 1.086051e-07
-1.705303e-13 -4.547474e-13 1.846274e-09 6.024262e-11 1.086574e-10 1.069570e-07
-5.684342e-14 -3.410605e-13 2.005095e-09 5.277141e-11 1.691276e-10 1.043818e-07
0.000000e+00 -1.136868e-13 2.159368e-09 2.250392e-11 1.979823e-10 1.007567e-07
0.000000e+00 2.273737e-13 2.307274e-09 -1.525165e-11 1.775560e-10 9.589944e-08
0.000000e+00 4.547474e-13 2.446995e-09 -4.518006e-11 1.132969e-10 8.956142e-08
-5.684342e-14 4.547474e-13 2.576030e-09 -5.301026e-11 4.016415e-11 8.141229e-08
-1.136868e-13 5.684342e-13 2.691309e-09 -3.230715e-11 -3.162640e-11 7.107279e-08
-1.705303e-13 4.547474e-13 2.789307e-09 1.044757e-11 -9.657862e-11 5.812633e-08
-1.136868e-13 3.410605e-13 2.865704e-09 5.665810e-11 -1.366368e-10 4.212130e-08
0.000000e+00 1.136868e-13 2.915726e-09 8.320237e-11 -1.447280e-10 2.257035e-08
1.136868e-13 -1.136868e-13 2.933461e-09 7.811338e-11 -1.236147e-10 -1.016588e-09
2.273737e-13 -3.410605e-13 2.912657e-09 4.142383e-11 -8.144161e-11 -2.910355e-08
2.273737e-13 -4.547474e-13 2.846150e-09 -1.399098e-11 -2.261591e-11 -6.211283e-08
1.705303e-13 -4.547474e-13 2.726210e-09 -6.903887e-11 3.791881e-11 -1.003679e-07
0.000000e+00 -3.410605e-13 2.544994e-09 -1.043557e-10 8.653433e-11 -1.440824e-07
-1.705303e-13 -2.273737e-13 2.293973e-09 -1.046517e-10 1.178333e-10 -1.933080e-07
-3.410605e-13 0.000000e+00 1.964963e-09 -6.687135e-11 1.230126e-10 -2.478657e-07
-3.979039e-13 2.273737e-13 1.550347e-09 -5.009576e-12 9.519228e-11 -3.073354e-07
-3.410605e-13 3.410605e-13 1.042963e-09 5.210870e-11 4.252095e-11 -3.710022e-07
-2.273737e-13 4.547474e-13 4.373533e-10 8.369645e-11 -2.848535e-11 -4.378351e-07
-1.136868e-13 3.410605e-13 -2.704610e-10 8.262306e-11 -9.946391e-11 -5.064796e-07
0.000000e+00 2.273737e-13 -1.082071e-09 5.164953e-11 -1.510948e-10 -5.752430e-07
0.000000e+00 0.000000e+00 -1.996227e-09 1.016005e-11 -1.725678e-10 -6.421223e-07
-5.684342e-14 -2.273737e-13 -3.008381e-09 -1.839392e-11 -1.522018e-10 -7.048370e-07
-5.684342e-14 -4.547474e-13 -4.110689e-09 -2.588850e-11 -9.334016e-11 -7.608515e-07
-1.136868e-13 -4.547474e-13 -5.290985e-09 -1.029903e-11 -1.545209e-11 -8.074294e-07
-1.136868e-13 -3.410605e-13 -6.533014e-09 2.295949e-11 5.525705e-11 -8.417221e-07
0.000000e+00 -2.273737e-13 -7.816197e-09 5.254355e-11 1.051806e-10 -8.608519e-07
5.684342e-14 -1.136868e-13 -9.115524e-09 6.485219e-11 1.319939e-10 -8.620258e-07
1.705303e-13 1.136868e-13 -1.040223e-08 4.998767e-11 1.244897e-10 -8.426307e-07
2.273737e-13 3.410605e-13 -1.164346e-08 2.136846e-12 7.414449e-11 -8.003597e-07
1.705303e-13 4.547474e-13 -1.280330e-08 -6.106631e-11 -2.371018e-12 -7.333630e-07
0.000000e+00 3.410605e-13 -1.384353e-08 -1.100283e-10 -7.207318e-11 -6.403563e-07
-1.705303e-13 2.273737e-13 -1.472438e-08 -1.260735e-10 -1.125295e-10 -5.207453e-07
-3.410605e-13 1.136868e-13 -1.540582e-08 -1.040305e-10 -1.196043e-10 -3.747322e-07
-4.547474e-13 -1.136868e-13 -1.584863e-08 -4.523351e-11 -8.591461e-11 -2.034026e-07
-4.547474e-13 -2.273737e-13 -1.601609e-08 3.499823e-11 -1.729117e-11 -8.783316e-09
-3.410605e-13 -1.136868e-13 -1.587500e-08 1.098373e-10 5.036758e-11 2.061330e-07
-1.136868e-13 0.000000e+00 -1.539763e-08 1.537076e-10 8.710129e-11 4.373907e-07
1.136868e-13 1.136868e-13 -1.456283e-08 1.519921e-10 8.409927e-11 6.801225e-07
3.410605e-13 2.273737e-13 -1.335729e-08 1.006807e-10 3.996966e-11 9.286202e-07
4.547474e-13 3.410605e-13 -1.177705e-08 1.226935e-11 -3.752562e-11 1.176454e-06
3.979039e-13 2.273737e-13 -9.828000e-09 -8.366789e-11 -1.207957e-10 1.416619e-06
2.273737e-13 0.000000e+00 -7.527206e-09 -1.543769e-10 -1.738346e-10 1.641729e-06
-5.684342e-14 -2.273737e-13 -4.902859e-09 -1.723285e-10 -1.779547e-10 1.844251e-06
-3.410605e-13 -4.547474e-13 -1.994522e-09 -1.294386e-10 -1.301416e-10 2.016755e-06
-4.547474e-13 -6.821210e-13 1.147328e-09 -4.683946e-11 -3.403990e-11 2.152184e-06
-4.547474e-13 -5.684342e-13 4.461981e-09 4.459194e-11 7.780991e-11 2.244115e-06
-3.410605e-13 -3.410605e-13 7.879635e-09 1.176989e-10 1.604654e-10 2.287036e-06
-1.136868e-13 -1.136868e-13 1.132298e-08 1.462535e-10 1.951718e-10 2.276603e-06
1.136868e-13 2.273737e-13 1.470937e-08 1.200603e-10 1.716881e-10 2.209862e-06
2.273737e-13 4.547474e-13 1.795252e-08 5.373220e-11 9.688140e-11 2.085452e-06
2.273737e-13 4.547474e-13 2.096567e-08 -2.414534e-11 5.463472e-12 1.903748e-06
1.136868e-13 3.410605e-13 2.366369e-08 -8.365713e-11 -6.891858e-11 1.666951e-06
-5.684342e-14 2.273737e-13 2.596641e-08 -1.051110e-10 -1.093725e-10 1.379117e-06
-2.273737e-13 1.136868e-13 2.780098e-08 -8.302188e-11 -1.118140e-10 1.046106e-06
-2.842171e-13 0.000000e+00 2.910463e-08 -3.029817e-11 -7.916635e-11 6.754903e-07
-2.842171e-13 -1.136868e-13 2.982745e-08 3.159850e-11 -2.170983e-11 2.763476e-07
-1.705303e-13 -1.136868e-13 2.993374e-08 8.055358e-11 3.402516e-11 -1.409667e-07
-5.684342e-14 -1.136868e-13 2.940453e-08 1.006286e-10 6.764703e-11 -5.651144e-07
1.136868e-13 0.000000e+00 2.823845e-08 8.703258e-11 6.827666e-11 -9.841592e-07
2.273737e-13 1.136868e-13 2.645208e-08 4.725652e-11 2.537330e-11 -1.385951e-06
2.273737e-13 1.136868e-13 2.408058e-08 2.398380e-12 -4.706020e-11 -1.758551e-06
1.705303e-13 -1.136868e-13 2.117645e-08 -2.988695e-11 -1.082476e-10 -2.090664e-06
1.136868e-13 -2.273737e-13 1.780859e-08 -4.110970e-11 -1.354981e-10 -2.372037e-06
5.684342e-14 -4.547474e-13 1.406033e-08 -3.060470e-11 -1.212423e-10 -2.593865e-06
0.000000e+00 -6.821210e-13 1.002695e-08 -3.780101e-12 -5.427933e-11 -2.749122e-06
0.000000e+00 -6.821210e-13 5.812922e-09 2.682204e-11 4.528302e-11 -2.832840e-06
5.684342e-14 -4.547474e-13 1.528406e-09 4.521355e-11 1.360192e-10 -2.842325e-06
1.136868e-13 -1.136868e-13 -2.714046e-09 4.150670e-11 1.829011e-10 -2.777285e-06
1.705303e-13 1.136868e-13 -6.803475e-09 1.260503e-11 1.770594e-10 -2.639869e-06
1.136868e-13 3.410605e-13 -1.063370e-08 -2.956178e-11 1.249875e-10 -2.434618e-06
0.000000e+00 5.684342e-13 -1.410740e-08 -6.663217e-11 3.419142e-11 -2.168309e-06
-1.136868e-13 4.547474e-13 -1.713875e-08 -8.840891e-11 -5.928058e-11 -1.849718e-06
-2.273737e-13 2.273737e-13 -1.965657e-08 -8.976581e-11 -1.126422e-10 -1.489313e-06
-3.410605e-13 1.136868e-13 -2.160664e-08 -6.769289e-11 -1.218789e-10 -1.098858e-06
-4.547474e-13 -1.136868e-13 -2.295303e-08 -1.940710e-11 -9.100280e-11 -6.909711e-07
-4.547474e-13 -2.273737e-13 -2.367949e-08 4.387904e-11 -2.945189e-11 -2.786369e-07
-3.410605e-13 -2.273737e-13 -2.378897e-08 9.890765e-11 3.581508e-11 1.252639e-07
-1.136868e-13 -2.273737e-13 -2.330364e-08 1.267154e-10 8.989490e-11 5.084103e-07
5.684342e-14 -1.136868e-13 -2.226363e-08 1.223183e-10 1.201753e-10 8.595143e-07
2.273737e-13 1.136868e-13 -2.072500e-08 9.041850e-11 1.078571e-10 1.168727e-06
2.842171e-13 2.273737e-13 -1.875742e-08 4.287382e-11 5.751791e-11 1.427970e-06
2.842171e-13 3.410605e-13 -1.644105e-08 -2.613532e-12 -1.484050e-11 1.631180e-06
2.273737e-13 2.273737e-13 -1.386377e-08 -3.449365e-11 -8.415356e-11 1.774490e-06
1.705303e-13 1.136868e-13 -1.111755e-08 -5.113116e-11 -1.239427e-10 1.856324e-06
1.136868e-13 -1.136868e-13 -8.294819e-09 -5.588663e-11 -1.229424e-10 1.877360e-06
5.684342e-14 -3.410605e-13 -5.485504e-09 -5.348845e-11 -7.670438e-11 1.840428e-06
0.000000e+00 -4.547474e-13 -2.773504e-09 -5.179796e-11 -1.546945e-12 1.750309e-06
-5.684342e-14 -3.410605e-13 -2.345359e-10 -5.451284e-11 7.020236e-11 1.613465e-06
-1.136868e-13 -2.273737e-13 2.066827e-09 -5.959895e-11 1.171309e-10 1.437712e-06
-2.273737e-13 0.000000e+00 4.078515e-09 -5.931271e-11 1.327829e-10 1.231824e-06
-3.410605e-13 2.273737e-13 5.762217e-09 -4.747281e-11 1.116714e-10 1.005139e-06
-3.979039e-13 3.410605e-13 7.093945e-09 -2.438952e-11 6.607924e-11 7.671562e-07
-4.547474e-13 4.547474e-13 8.063694e-09 1.264236e-11 1.133164e-11 5.271533e-07
-3.979039e-13 4.547474e-13 8.675329e-09 6.228212e-11 -4.342428e-11 2.938264e-07
-2.273737e-13 3.410605e-13 8.945108e-09 1.119728e-10 -8.320008e-11 7.496137e-08
0.000000e+00 2.273737e-13 8.900201e-09 1.477497e-10 -1.015557e-10 -1.228272e-07
2.273737e-13 1.136868e-13 8.576649e-09 1.631007e-10 -1.019275e-10 -2.943009e-07
4.547474e-13 0.000000e+00 8.017309e-09 1.525782e-10 -8.938126e-11 -4.357188e-07
6.821210e-13 -1.136868e-13 7.269477e-09 1.090774e-10 -6.834187e-11 -5.448815e-07
7.958079e-13 -2.273737e-13 6.382720e-09 3.873211e-11 -4.218019e-11 -6.211091e-07
7.958079e-13 -3.410605e-13 5.406264e-09 -4.725886e-11 -1.052520e-11 -6.651374e-07
6.821210e-13 -3.410605e-13 4.387289e-09 -1.373305e-10 2.005413e-11 -6.789388e-07
3.979039e-13 -3.410605e-13 3.369337e-09 -2.069931e-10 4.515108e-11 -6.655365e-07
5.684342e-14 -2.273737e-13 2.390607e-09 -2.334947e-10 6.144067e-11 -6.287810e-07
-2.842171e-13 -1.136868e-13 1.483045e-09 -2.083324e-10 6.686087e-11 -5.730886e-07
-5.115908e-13 0.000000e+00 6.714345e-10 -1.379474e-10 6.924114e-11 -5.031722e-07
-6.821210e-13 1.136868e-13 -2.648903e-11 -3.528966e-11 7.130776e-11 -4.237915e-07
-6.252776e-13 2.273737e-13 -6.000391e-10 8.095317e-11 7.034627e-11 -3.395470e-07
-3.979039e-13 3.410605e-13 -1.045237e-09 1.809035e-10 5.749785e-11 -2.546948e-07
-5.684342e-14 4.547474e-13 -1.364128e-09 2.373573e-10 2.728558e-11 -1.729961e-07
2.842171e-13 4.547474e-13 -1.564217e-09 2.353560e-10 -1.145228e-11 -9.757239e-08
6.252776e-13 4.547474e-13 -1.656872e-09 1.704609e-10 -5.290467e-11 -3.083499e-08
7.958079e-13 3.410605e-13 -1.656758e-09 5.587514e-11 -9.679646e-11 2.553705e-08
7.389644e-13 2.273737e-13 -1.580247e-09 -7.633764e-11 -1.386370e-10 7.059551e-08
5.115908e-13 0.000000e+00 -1.444960e-09 -1.942312e-10 -1.654679e-10 1.040842e-07
1.705303e-13 -2.273737e-13 -1.268063e-09 -2.744213e-10 -1.664508e-10 1.263590e-07
-2.842171e-13 -4.547474e-13 -1.065928e-09 -2.944790e-10 -1.425941e-10 1.382708e-07
-7.389644e-13 -6.821210e-13 -8.533334e-10 -2.397595e-10 -8.917844e-11 1.410567e-07
-1.023182e-12 -7.958079e-13 -6.427854e-10 -1.201314e-10 -6.252651e-12 1.362073e-07
-1.080025e-12 -6.821210e-13 -4.447429e-10 3.347135e-11 8.544677e-11 1.253567e-07
-9.094947e-13 -4.547474e-13 -2.668230e-10 1.813714e-10 1.615404e-10 1.101747e-07
-5.115908e-13 -2.273737e-13 -1.142553e-10 2.833712e-10 2.165622e-10 9.226146e-08
-5.684342e-14 1.136868e-13 9.890755e-12 3.129432e-10 2.440929e-10 7.308375e-08
3.979039e-13 4.547474e-13 1.049330e-10 2.640338e-10 2.301912e-10 5.390988e-08
7.389644e-13 7.958079e-13 1.715534e-10 1.474983e-10 1.679758e-10 3.577669e-08
8.526513e-13 9.094947e-13 2.121396e-10 -6.058071e-12 6.974852e-11 1.946629e-08
7.389644e-13 9.094947e-13 2.298748e-10 -1.535240e-10 -3.933526e-11 5.496885e-09
3.979039e-13 6.821210e-13 2.286242e-10 -2.527764e-10 -1.344818e-10 -5.860082e-09
-5.684342e-14 3.410605e-13 2.123670e-10 -2.745165e-10 -1.942810e-10 -1.454650e-08
-4.547474e-13 0.000000e+00 1.849685e-10 -2.156980e-10 -2.085346e-10 -2.067011e-08
-7.389644e-13 -3.410605e-13 1.502940e-10 -9.367697e-11 -1.744867e-10 -2.447649e-08
-7.389644e-13 -5.684342e-13 1.115268e-10 5.317945e-11 -1.023611e-10 -2.629551e-08
-5.684342e-13 -5.684342e-13 7.139533e-11 1.782950e-10 -2.038562e-11 -2.648937e-08
-2.273737e-13 -4.547474e-13 3.194600e-11 2.466324e-10 4.183540e-11 -2.540870e-08
1.705303e-13 -3.410605e-13 -4.888534e-12 2.384514e-10 7.478309e-11 -2.339112e-08
4.547474e-13 -2.273737e-13 -3.819878e-11 1.629518e-10 8.018663e-11 -2.074310e-08
6.252776e-13 -1.136868e-13 -6.718892e-11 4.772254e-11 6.183356e-11 -1.771477e-08
5.684342e-13 0.000000e+00 -9.140422e-11 -7.192108e-11 2.516642e-11 -1.451947e-08
3.979039e-13 0.000000e+00 -1.108447e-10 -1.629874e-10 -1.595887e-11 -1.132367e-08
1.136868e-13 0.000000e+00 -1.253966e-10 -2.003191e-10 -4.591450e-11 -8.265999e-09
-1.705303e-13 -1.136868e-13 -1.356284e-10 -1.741354e-10 -5.204917e-11 -5.438272e-09
-3.979039e-13 -2.273737e-13 -1.417675e-10 -9.836364e-11 -2.546244e-11 -2.880366e-09
-5.115908e-13 -2.273737e-13 -1.442686e-10 8.593773e-13 2.154037e-11 -6.130417e-10
-4.547474e-13 -2.273737e-13 -1.435865e-10 9.294647e-11 7.491765e-11 1.374992e-09
-2.842171e-13 -1.136868e-13 -1.401759e-10 1.489986e-10 1.221671e-10 3.122447e-09
-5.684342e-14 1.136868e-13 -1.342642e-10 1.551022e-10 1.405785e-10 4.661862e-09
1.705303e-13 3.410605e-13 -1.261924e-10 1.143242e-10 1.185307e-10 6.010586e-09
2.842171e-13 5.684342e-13 -1.163016e-10 4.700601e-11 5.774326e-11 7.182472e-09
2.842171e-13 5.684342e-13 -1.047056e-10 -1.525240e-11 -2.480211e-11 8.165589e-09
2.273737e-13 4.547474e-13 -9.174528e-11 -5.065969e-11 -9.856987e-11 8.921960e-09
1.705303e-13 3.410605e-13 -7.787548e-11 -5.410448e-11 -1.482178e-10 9.420297e-09
1.136868e-13 1.136868e-13 -6.355094e-11 -3.305077e-11 -1.662356e-10 9.649679e-09
5.684342e-14 -1.136868e-13 -4.899903e-11 2.629127e-12 -1.468638e-10 9.600605e-09
1.136868e-13 -3.410605e-13 -3.467449e-11 3.320436e-11 -9.624045e-11 9.268394e-09
1.705303e-13 -4.547474e-13 -2.114575e-11 4.172877e-11 -3.201360e-11 8.682930e-09
2.273737e-13 -4.547474e-13 -8.640200e-12 2.749623e-11 2.271779e-11 7.895881e-09
2.842171e-13 -4.547474e-13 2.501110e-12 -4.802999e-12 6.048201e-11 6.964405e-09
2.273737e-13 -3.410605e-13 1.216449e-11 -3.916978e-11 7.951836e-11 5.942165e-09
1.705303e-13 -2.273737e-13 2.023626e-11 -6.058888e-11 8.014053e-11 4.870981e-09
5.684342e-14 -1.136868e-13 2.671641e-11 -5.849979e-11 7.534990e-11 3.778360e-09
-5.684342e-14 0.000000e+00 3.160494e-11 -2.850910e-11 7.805767e-11 2.684365e-09
-5.684342e-14 1.136868e-13 3.478817e-11 1.399718e-11 9.132954e-11 1.622337e-09
0.000000e+00 2.273737e-13 3.637979e-11 4.896801e-11 1.093915e-10 6.330324e-10
5.684342e-14 3.410605e-13 3.660716e-11 6.459919e-11 1.219904e-10 -2.526335e-10
1.705303e-13 5.684342e-13 3.569767e-11 5.270259e-11 1.087335e-10 -1.018318e-09
2.273737e-13 6.821210e-13 3.365130e-11 1.596306e-11 5.639333e-11 -1.645980e-09
1.705303e-13 7.958079e-13 3.069545e-11 -2.586057e-11 -3.604234e-11 -2.114899e-09
5.684342e-14 6.821210e-13 2.717115e-11 -5.337098e-11 -1.546123e-10 -2.431146e-09
0.000000e+00 3.410605e-13 2.330580e-11 -6.045354e-11 -2.626613e-10 -2.625312e-09
-1.136868e-13 -1.136868e-13 1.921308e-11 -4.271643e-11 -3.211473e-10 -2.731431e-09
-1.705303e-13 -5.684342e-13 1.512035e-11 -1.564406e-12 -3.086099e-10 -2.788581e-09
-1.136868e-13 -1.023182e-12 1.091394e-11 4.637639e-11 -2.148259e-10 -2.824319e-09
0.000000e+00 -1.250555e-12 6.707523e-12 8.174134e-11 -5.070479e-11 -2.846428e-09
1.136868e-13 -1.250555e-12 2.387424e-12 9.264289e-11 1.484449e-10 -2.850463e-09
2.273737e-13 -9.094947e-13 -1.932676e-12 7.362896e-11 3.316292e-10 -2.820830e-09
3.410605e-13 -3.410605e-13 -6.139089e-12 2.125258e-11 4.444798e-10 -2.743246e-09
3.410605e-13 3.410605e-13 -1.011813e-11 -5.831663e-11 4.539975e-10 -2.614687e-09
1.705303e-13 1.023182e-12 -1.386979e-11 -1.429206e-10 3.472674e-10 -2.440930e-09
-1.136868e-13 1.477929e-12 -1.739409e-11 -2.074788e-10 1.419461e-10 -2.232137e-09
-4.547474e-13 1.477929e-12 -2.057732e-11 -2.394274e-10 -1.045464e-10 -2.009446e-09
-7.958079e-13 1.136868e-12 -2.353318e-11 -2.325867e-10 -3.220947e-10 -1.793280e-09
-1.136868e-12 5.684342e-13 -2.614797e-11 -1.877125e-10 -4.556325e-10 -1.603306e-09
-1.364242e-12 -2.273737e-13 -2.842171e-11 -1.176939e-10 -4.640972e-10 -1.466291e-09
-1.477929e-12 -9.094947e-13 -3.046807e-11 -3.913498e-11 -3.433996e-10 -1.396868e-09
-1.477929e-12 -1.364242e-12 -3.251444e-11 3.123647e-11 -1.275288e-10 -1.386608e-09
-1.364242e-12 -1.364242e-12 -3.456080e-11 7.845994e-11 1.178532e-10 -1.412089e-09
-1.250555e-12 -9.094947e-13 -3.672085e-11 1.028819e-10 3.085396e-10 -1.436911e-09
-1.080025e-12 -3.410605e-13 -3.888090e-11 1.069479e-10 3.948784e-10 -1.415845e-09
-9.094947e-13 2.273737e-13 -4.104095e-11 8.830034e-11 3.710710e-10 -1.302708e-09
-7.958079e-13 6.821210e-13 -4.285994e-11 5.333980e-11 2.534449e-10 -1.073310e-09
-7.958079e-13 9.094947e-13 -4.422418e-11 1.464333e-11 7.565161e-11 -7.249210e-10
-7.958079e-13 9.094947e-13 -4.501999e-11 -1.520378e-11 -1.166629e-10 -2.497044e-10
-7.958079e-13 5.684342e-13 -4.490630e-11 -2.534493e-11 -2.722526e-10 3.505954e-10
-8.526513e-13 0.000000e+00 -4.388312e-11 5.588766e-12 -3.466662e-10 1.077958e-09
-7.958079e-13 -5.684342e-13 -4.172307e-11 9.626167e-11 -3.242201e-10 1.955228e-09
-5.115908e-13 -1.023182e-12 -3.808509e-11 2.487921e-10 -2.205608e-10 3.001426e-09
0.000000e+00 -1.250555e-12 -3.274181e-11 4.595178e-10 -6.763802e-11 4.232513e-09
8.526513e-13 -1.250555e-12 -2.535216e-11 7.205593e-10 9.751250e-11 5.668214e-09
2.160050e-12 -1.023182e-12 -1.568878e-11 1.003679e-09 2.375253e-10 7.332686e-09
3.865352e-12 -5.684342e-13 -3.296918e-12 1.264752e-09 3.207465e-10 9.244620e-09
5.911716e-12 -1.136868e-13 1.205080e-11 1.462979e-09 3.393516e-10 1.140914e-08
8.242296e-12 3.410605e-13 3.092282e-11 1.559260e-09 3.029038e-10 1.380143e-08
1.057288e-11 7.958079e-13 5.343281e-11 1.536938e-09 2.192303e-10 1.637928e-08
1.284661e-11 1.023182e-12 8.003553e-11 1.405122e-09 1.076960e-10 1.908484e-08
1.483613e-11 1.023182e-12 1.107310e-10 1.192719e-09 2.316563e-12 2.183829e-08
1.642775e-11 9.094947e-13 1.455192e-10 9.537254e-10 -8.226166e-11 2.456283e-08
1.767830e-11 6.821210e-13 1.844001e-10 7.391823e-10 -1.465020e-10 2.716766e-08
1.864464e-11 4.547474e-13 2.270326e-10 5.858087e-10 -1.906659e-10 2.956410e-08
1.938361e-11 1.136868e-13 2.730758e-10 5.102303e-10 -2.106564e-10 3.166073e-08
2.012257e-11 -2.273737e-13 3.220748e-10 4.853371e-10 -1.977555e-10 3.333511e-08
2.086153e-11 -5.684342e-13 3.731202e-10 4.492069e-10 -1.498893e-10 3.445747e-08
2.148681e-11 -7.958079e-13 4.254161e-10 3.362421e-10 -6.974276e-11 3.488462e-08
2.188472e-11 -7.958079e-13 4.777121e-10 8.492249e-11 2.299545e-11 3.445640e-08
2.177103e-11 -6.821210e-13 5.287575e-10 -3.509923e-10 1.065479e-10 3.299687e-08
2.086153e-11 -4.547474e-13 5.767333e-10 -9.802997e-10 1.646038e-10 3.032656e-08
1.881517e-11 -2.273737e-13 6.197070e-10 -1.774442e-09 1.859707e-10 2.629826e-08
1.551825e-11 0.000000e+00 6.556320e-10 -2.681803e-09 1.713703e-10 2.079779e-08
1.074341e-11 2.273737e-13 6.821210e-10 -3.630007e-09 1.248172e-10 1.375687e-08
4.604317e-12 4.547474e-13 6.969003e-10 -4.547303e-09 4.900203e-11 5.152722e-09
-2.899014e-12 4.547474e-13 6.975824e-10 -5.374241e-09 -3.734934e-11 -4.999689e-09
-1.153921e-11 3.410605e-13 6.818937e-10 -6.062795e-09 -1.067480e-10 -1.665474e-08
-2.108891e-11 2.273737e-13 6.475602e-10 -6.591154e-09 -1.485978e-10 -2.973653e-08
-3.132072e-11 0.000000e+00 5.926495e-10 -6.961769e-09 -1.536712e-10 -4.414642e-08
-4.200729e-11 -2.273737e-13 5.152287e-10 -7.189620e-09 -1.175737e-10 -5.976437e-08
-5.292122e-11 -4.547474e-13 4.133653e-10 -7.294078e-09 -4.548568e-11 -7.640543e-08
-6.389200e-11 -4.547474e-13 2.859224e-10 -7.289010e-09 4.054737e-11 -9.382680e-08
-7.474910e-11 -2.273737e-13 1.318767e-10 -7.170008e-09 1.000948e-10 -1.117307e-07
-8.537882e-11 -1.136868e-13 -4.922640e-11 -6.907583e-09 1.214949e-10 -1.297386e-07
-9.544010e-11 1.136868e-13 -2.572733e-10 -6.450971e-09 1.051884e-10 -1.473945e-07
-1.047056e-10 2.273737e-13 -4.913545e-10 -5.736590e-09 5.289862e-11 -1.641708e-07
-1.126637e-10 3.410605e-13 -7.497647e-10 -4.705309e-09 -2.525682e-11 -1.794840e-07
-1.188027e-10 2.273737e-13 -1.029775e-09 -3.325884e-09 -1.071584e-10 -1.927303e-07
-1.226113e-10 1.136868e-13 -1.327976e-09 -1.603441e-09 -1.676134e-10 -2.033096e-07
-1.235776e-10 -1.136868e-13 -1.639705e-09 4.271156e-10 -1.937416e-10 -2.106629e-07
-1.213039e-10 -4.547474e-13 -1.959961e-09 2.709215e-09 -1.662293e-10 -2.142868e-07
-1.154490e-10 -6.821210e-13 -2.282604e-09 5.162204e-09 -7.987912e-11 -2.137415e-07
-1.058424e-10 -6.821210e-13 -2.601155e-09 7.694090e-09 4.423694e-11 -2.086606e-07
-9.237056e-11 -4.547474e-13 -2.908564e-09 1.020902e-08 1.669357e-10 -1.987467e-07
-7.520384e-11 -1.136868e-13 -3.197329e-09 1.261820e-08 2.563432e-10 -1.837882e-07
-5.451284e-11 2.273737e-13 -3.459832e-09 1.484277e-08 3.005950e-10 -1.636620e-07
-3.063860e-11 6.821210e-13 -3.688228e-09 1.680625e-08 2.860288e-10 -1.383449e-07
-4.092726e-12 1.136868e-12 -3.874788e-09 1.844474e-08 2.000345e-10 -1.079301e-07
2.467004e-11 1.364242e-12 -4.012009e-09 1.969570e-08 5.525136e-11 -7.264106e-08
5.502443e-11 1.364242e-12 -4.092726e-09 2.048835e-08 -1.156602e-10 -3.285416e-08
8.617462e-11 1.023182e-12 -4.110461e-09 2.075703e-08 -2.678802e-10 1.088673e-08
1.173248e-10 4.547474e-13 -4.059871e-09 2.044840e-08 -3.586100e-10 5.788622e-08
1.475655e-10 -1.136868e-13 -3.936634e-09 1.952431e-08 -3.701730e-10 1.073242e-07
1.759304e-10 -6.821210e-13 -3.737796e-09 1.797188e-08 -3.028852e-10 1.582743e-07
2.014531e-10 -1.023182e-12 -3.461878e-09 1.581184e-08 -1.784825e-10 2.097330e-07
2.233378e-10 -1.136868e-12 -3.108767e-09 1.308327e-08 -3.402850e-11 2.606405e-07
2.406750e-10 -1.023182e-12 -2.680054e-09 9.843335e-09 9.953058e-11 3.098957e-07
2.528395e-10 -7.958079e-13 -2.179036e-09 6.167910e-09 2.021104e-10 3.563954e-07
2.592060e-10 -3.410605e-13 -1.610829e-09 2.136521e-09 2.533478e-10 3.990751e-07
2.592628e-10 0.000000e+00 -9.819132e-10 -2.157040e-09 2.506494e-10 4.369249e-07
2.527258e-10 3.410605e-13 -3.001333e-10 -6.598824e-09 2.058451e-10 4.689763e-07
2.394813e-10 6.821210e-13 4.250751e-10 -1.105855e-08 1.178209e-10 4.943275e-07
2.195293e-10 7.958079e-13 1.182912e-09 -1.538120e-08 5.644345e-12 5.121955e-07
1.932676e-10 6.821210e-13 1.961666e-09 -1.939587e-08 -9.463091e-11 5.219231e-07
1.613216e-10 4.547474e-13 2.748607e-09 -2.293386e-08 -1.619521e-10 5.229917e-07
1.244871e-10 2.273737e-13 3.530545e-09 -2.583195e-08 -1.915312e-10 5.150471e-07
8.384404e-11 -1.136868e-13 4.293724e-09 -2.794909e-08 -1.782413e-10 4.979189e-07
4.064304e-11 -3.410605e-13 5.024390e-09 -2.917678e-08 -1.268924e-10 4.716287e-07
-3.694822e-12 -5.684342e-13 5.708785e-09 -2.944500e-08 -4.704399e-11 4.363882e-07
-4.769163e-11 -5.684342e-13 6.333721e-09 -2.873166e-08 4.638497e-11 3.925954e-07
-8.986945e-11 -3.410605e-13 6.886694e-09 -2.706087e-08 1.221630e-10 3.408199e-07
-1.288640e-10 -1.136868e-13 7.356221e-09 -2.448947e-08 1.653024e-10 2.817839e-07
-1.633111e-10 1.136868e-13 7.732069e-09 -2.110276e-08 1.785331e-10 2.163266e-07
-1.921308e-10 3.410605e-13 8.005145e-09 -1.701054e-08 1.622262e-10 1.453912e-07
-2.143565e-10 5.684342e-13 8.168172e-09 -1.233700e-08 1.163448e-10 7.000564e-08
-2.291927e-10 7.958079e-13 8.215238e-09 -7.229267e-09 3.815150e-11 -8.731209e-09
-2.360707e-10 7.958079e-13 8.142024e-09 -1.863094e-09 -6.210756e-11 -8.963416e-08
-2.347633e-10 5.684342e-13 7.946255e-09 3.560860e-09 -1.551983e-10 -1.714418e-07
-2.253842e-10 2.273737e-13 7.627591e-09 8.825390e-09 -2.180576e-10 -2.528349e-07
-2.082743e-10 -1.136868e-13 7.187737e-09 1.370097e-08 -2.398534e-10 -3.324575e-07
-1.842295e-10 -4.547474e-13 6.630330e-09 1.796523e-08 -2.198269e-10 -4.089212e-07
-1.543299e-10 -7.958079e-13 5.961056e-09 2.143223e-08 -1.538592e-10 -4.808099e-07
-1.198828e-10 -9.094947e-13 5.187871e-09 2.396358e-08 -5.292656e-11 -5.467215e-07
-8.242296e-11 -9.094947e-13 4.320782e-09 2.547866e-08 5.550418e-11 -6.052998e-07
-4.348522e-11 -6.821210e-13 3.371952e-09 2.594924e-08 1.432287e-10 -6.552681e-07
-4.604317e-12 -4.547474e-13 2.355023e-09 2.538175e-08 1.921440e-10 -6.954344e-07
3.268497e-11 -1.136868e-13 1.285571e-09 2.381022e-08 1.948068e-10 -7.246982e-07
6.684786e-11 2.273737e-13 1.808758e-10 2.129523e-08 1.471829e-10 -7.421030e-07
9.657697e-11 4.547474e-13 -9.406449e-10 1.791083e-08 5.913857e-11 -7.468522e-07
1.206217e-10 4.547474e-13 -2.059551e-09 1.374782e-08 -4.046876e-11 -7.383183e-07
1.378453e-10 2.273737e-13 -3.155492e-09 8.930334e-09 -1.084710e-10 -7.160775e-07
1.474518e-10 1.136868e-13 -4.207777e-09 3.615232e-09 -1.302553e-10 -6.799415e-07
1.487024e-10 -1.136868e-13 -5.195375e-09 -1.989498e-09 -1.041211e-10 -6.300043e-07
1.414833e-10 -2.273737e-13 -6.097707e-09 -7.632437e-09 -2.936727e-11 -5.666789e-07
1.258513e-10 -1.136868e-13 -6.895334e-09 -1.303742e-08 6.548003e-11 -4.906960e-07
1.023750e-10 1.136868e-13 -7.569724e-09 -1.791667e-08 1.430189e-10 -4.031319e-07
7.207746e-11 3.410605e-13 -8.104621e-09 -2.200985e-08 1.811453e-10 -3.054113e-07
3.632294e-11 5.684342e-13 -8.485927e-09 -2.511028e-08 1.702554e-10 -1.992938e-07
-3.296918e-12 7.958079e-13 -8.702500e-09 -2.708096e-08 1.069617e-10 -8.686711e-08
-4.496314e-11 7.958079e-13 -8.746497e-09 -2.786605e-08 9.382938e-12 2.948999e-08
-8.685674e-11 6.821210e-13 -8.614052e-09 -2.748286e-08 -9.151752e-11 1.471734e-07
-1.273293e-10 4.547474e-13 -8.305051e-09 -2.599706e-08 -1.706262e-10 2.634036e-07
-1.647891e-10 2.273737e-13 -7.823928e-09 -2.349705e-08 -2.116923e-10 3.752937e-07
-1.978151e-10 -1.136868e-13 -7.179210e-09 -2.007698e-08 -2.031625e-10 4.799350e-07
-2.250431e-10 -4.547474e-13 -6.384084e-09 -1.583787e-08 -1.423149e-10 5.744869e-07
-2.453362e-10 -5.684342e-13 -5.455718e-09 -1.089296e-08 -5.497029e-11 6.562803e-07
-2.576712e-10 -5.684342e-13 -4.415256e-09 -5.380882e-09 2.656921e-11 7.229032e-07
-2.614229e-10 -5.684342e-13 -3.287028e-09 5.320498e-10 9.080612e-11 7.722847e-07
-2.560796e-10 -4.547474e-13 -2.098318e-09 6.652071e-09 1.322992e-10 8.027665e-07
-2.414708e-10 -2.273737e-13 -8.786856e-10 1.274631e-08 1.401008e-10 8.131853e-07
-2.178808e-10 0.000000e+00 3.411742e-10 1.855793e-08 1.169913e-10 8.029234e-07
-1.858211e-10 2.273737e-13 1.530111e-09 2.382279e-08 7.927331e-11 7.719337e-07
-1.463718e-10 3.410605e-13 2.657089e-09 2.829175e-08 4.763373e-11 7.207879e-07
-1.008971e-10 4.547474e-13 3.692548e-09 3.176315e-08 3.232767e-11 6.507048e-07
-5.104539e-11 4.547474e-13 4.609205e-09 3.410026e-08 3.541031e-11 5.635382e-07
1.421085e-12 4.547474e-13 5.383072e-09 3.522872e-08 5.211215e-11 4.617401e-07
5.468337e-11 5.684342e-13 5.994366e-09 3.512918e-08 5.591532e-11 3.482872e-07
1.068656e-10 6.821210e-13 6.427854e-09 3.383281e-08 2.330850e-11 2.266038e-07
1.562057e-10 6.821210e-13 6.674099e-09 3.140524e-08 -4.709478e-11 1.004437e-07
2.011120e-10 4.547474e-13 6.729124e-09 2.793355e-08 -1.290144e-10 -2.625152e-08
2.400498e-10 1.136868e-13 6.595315e-09 2.353370e-08 -1.905099e-10 -1.495024e-07
2.717115e-10 -2.273737e-13 6.280629e-09 1.835214e-08 -2.146650e-10 -2.654430e-07
2.950742e-10 -5.684342e-13 5.798938e-09 1.255853e-08 -1.912242e-10 -3.704711e-07
3.093419e-10 -9.094947e-13 5.169227e-09 6.350392e-09 -1.126826e-10 -4.613987e-07
3.141167e-10 -9.094947e-13 4.414801e-09 -4.818115e-11 -7.947245e-12 -5.355510e-07
3.092282e-10 -7.958079e-13 3.562604e-09 -6.392379e-09 7.706950e-11 -5.908479e-07
2.949037e-10 -6.821210e-13 2.642196e-09 -1.242455e-08 1.253925e-10 -6.258680e-07
2.718821e-10 -4.547474e-13 1.684953e-09 -1.790258e-08 1.220523e-10 -6.399109e-07
