0.000000e+00 0.000000e+00 0.000000e+00 0.000000e+00 0.000000e+00 0.000000e+00
0.000000e+00 0.000000e+00 0.000000e+00 0.000000e+00 0.000000e+00 0.000000e+00
0.000000e+00 0.000000e+00 0.000000e+00 0.000000e+00 0.000000e+00 0.000000e+00
0.000000e+00 0.000000e+00 0.000000e+00 0.000000e+00 0.000000e+00 0.000000e+00
0.000000e+00 0.000000e+00 0.000000e+00 0.000000e+00 0.000000e+00 0.000000e+00
0.000000e+00 0.000000e+00 0.000000e+00 0.000000e+00 0.000000e+00 0.000000e+00
0.000000e+00 0.000000e+00 0.000000e+00 0.000000e+00 0.000000e+00 0.000000e+00
0.000000e+00 0.000000e+00 0.000000e+00 0.000000e+00 0.000000e+00 0.000000e+00
0.000000e+00 0.000000e+00 0.000000e+00 0.000000e+00 0.000000e+00 0.000000e+00
0.000000e+00 0.000000e+00 0.000000e+00 0.000000e+00 0.000000e+00 0.000000e+00
0.000000e+00 0.000000e+00 0.000000e+00 0.000000e+00 0.000000e+00 0.000000e+00
0.000000e+00 0.000000e+00 0.000000e+00 0.000000e+00 0.000000e+00 0.000000e+00
0.000000e+00 0.000000e+00 0.000000e+00 0.000000e+00 0.000000e+00 0.000000e+00
0.000000e+00 0.000000e+00 0.000000e+00 0.000000e+00 0.000000e+00 0.000000e+00
0.000000e+00 0.000000e+00 0.000000e+00 0.000000e+00 0.000000e+00 0.000000e+00
0.000000e+00 0.000000e+00 0.000000e+00 0.000000e+00 0.000000e+00 0.000000e+00
0.000000e+00 0.000000e+00 0.000000e+00 0.000000e+00 0.000000e+00 0.000000e+00
0.000000e+00 0.000000e+00 0.000000e+00 0.000000e+00 0.000000e+00 0.000000e+00
0.000000e+00 0.000000e+00 0.000000e+00 0.000000e+00 0.000000e+00 0.000000e+00
0.000000e+00 0.000000e+00 0.000000e+00 0.000000e+00 0.000000e+00 0.000000e+00
0.000000e+00 0.000000e+00 0.000000e+00 0.000000e+00 0.000000e+00 0.000000e+00
0.000000e+00 0.000000e+00 0.000000e+00 0.000000e+00 0.000000e+00 0.000000e+00
0.000000e+00 0.000000e+00 0.000000e+00 0.000000e+00 0.000000e+00 0.000000e+00
0.000000e+00 0.000000e+00 0.000000e+00 0.000000e+00 0.000000e+00 0.000000e+00
0.000000e+00 0.000000e+00 0.000000e+00 0.000000e+00 0.000000e+00 0.000000e+00
0.000000e+00 0.000000e+00 0.000000e+00 0.000000e+00 0.000000e+00 0.000000e+00
0.000000e+00 0.000000e+00 0.000000e+00 0.000000e+00 0.000000e+00 0.000000e+00
0.000000e+00 0.000000e+00 0.000000e+00 0.000000e+00 0.000000e+00 0.000000e+00
0.000000e+00 0.000000e+00 0.000000e+00 0.000000e+00 0.000000e+00 0.000000e+00
0.000000e+00 0.000000e+00 0.000000e+00 0.000000e+00 0.000000e+00 0.000000e+00
0.000000e+00 0.000000e+00 0.000000e+00 0.000000e+00 0.000000e+00 0.000000e+00
0.000000e+00 0.000000e+00 0.000000e+00 0.000000e+00 0.000000e+00 0.000000e+00
0.000000e+00 0.000000e+00 0.000000e+00 0.000000e+00 0.000000e+00 0.000000e+00
0.000000e+00 0.000000e+00 0.000000e+00 0.000000e+00 0.000000e+00 0.000000e+00
0.000000e+00 0.000000e+00 0.000000e+00 0.000000e+00 0.000000e+00 0.000000e+00
0.000000e+00 0.000000e+00 0.000000e+00 0.000000e+00 0.000000e+00 0.000000e+00
0.000000e+00 0.000000e+00 0.000000e+00 0.000000e+00 0.000000e+00 0.000000e+00
0.000000e+00 0.000000e+00 0.000000e+00 0.000000e+00 0.000000e+00 0.000000e+00
0.000000e+00 0.000000e+00 0.000000e+00 0.000000e+00 0.000000e+00 0.000000e+00
0.000000e+00 0.000000e+00 0.000000e+00 0.000000e+00 0.000000e+00 0.000000e+00
0.000000e+00 0.000000e+00 0.000000e+00 0.000000e+00 0.000000e+00 0.000000e+00
0.000000e+00 0.000000e+00 0.000000e+00 0.000000e+00 0.000000e+00 0.000000e+00
0.000000e+00 0.000000e+00 0.000000e+00 0.000000e+00 0.000000e+00 0.000000e+00
0.000000e+00 0.000000e+00 0.000000e+00 0.000000e+00 0.000000e+00 0.000000e+00
0.000000e+00 0.000000e+00 0.000000e+00 0.000000e+00 0.000000e+00 0.000000e+00
0.000000e+00 0.000000e+00 0.000000e+00 0.000000e+00 0.000000e+00 0.000000e+00
0.000000e+00 0.000000e+00 0.000000e+00 0.000000e+00 0.000000e+00 0.000000e+00
0.000000e+00 0.000000e+00 0.000000e+00 0.000000e+00 0.000000e+00 0.000000e+00
0.000000e+00 0.000000e+00 0.000000e+00 0.000000e+00 0.000000e+00 0.000000e+00
0.000000e+00 0.000000e+00 0.000000e+00 0.000000e+00 0.000000e+00 0.000000e+00
0.000000e+00 0.000000e+00 0.000000e+00 0.000000e+00 0.000000e+00 0.000000e+00
0.000000e+00 0.000000e+00 0.000000e+00 0.000000e+00 0.000000e+00 0.000000e+00
0.000000e+00 0.000000e+00 0.000000e+00 0.000000e+00 0.000000e+00 0.000000e+00
0.000000e+00 0.000000e+00 0.000000e+00 0.000000e+00 0.000000e+00 0.000000e+00
0.000000e+00 0.000000e+00 0.000000e+00 0.000000e+00 0.000000e+00 0.000000e+00
0.000000e+00 0.000000e+00 0.000000e+00 0.000000e+00 0.000000e+00 0.000000e+00
0.000000e+00 0.000000e+00 0.000000e+00 0.000000e+00 0.000000e+00 0.000000e+00
0.000000e+00 0.000000e+00 0.000000e+00 0.000000e+00 0.000000e+00 0.000000e+00
0.000000e+00 0.000000e+00 0.000000e+00 0.000000e+00 0.000000e+00 0.000000e+00
0.000000e+00 0.000000e+00 0.000000e+00 0.000000e+00 0.000000e+00 0.000000e+00
0.000000e+00 0.000000e+00 0.000000e+00 0.000000e+00 0.000000e+00 0.000000e+00
0.000000e+00 0.000000e+00 0.000000e+00 0.000000e+00 0.000000e+00 0.000000e+00
0.000000e+00 0.000000e+00 0.000000e+00 0.000000e+00 0.000000e+00 0.000000e+00
0.000000e+00 0.000000e+00 0.000000e+00 0.000000e+00 0.000000e+00 0.000000e+00
0.000000e+00 0.000000e+00 0.000000e+00 0.000000e+00 0.000000e+00 0.000000e+00
0.000000e+00 0.000000e+00 0.000000e+00 0.000000e+00 0.000000e+00 0.000000e+00
0.000000e+00 0.000000e+00 0.000000e+00 0.000000e+00 0.000000e+00 0.000000e+00
0.000000e+00 0.000000e+00 0.000000e+00 0.000000e+00 0.000000e+00 0.000000e+00
0.000000e+00 0.000000e+00 0.000000e+00 0.000000e+00 0.000000e+00 0.000000e+00
0.000000e+00 0.000000e+00 0.000000e+00 0.000000e+00 0.000000e+00 0.000000e+00
0.000000e+00 0.000000e+00 0.000000e+00 0.000000e+00 0.000000e+00 0.000000e+00
0.000000e+00 0.000000e+00 0.000000e+00 0.000000e+00 0.000000e+00 0.000000e+00
0.000000e+00 0.000000e+00 0.000000e+00 0.000000e+00 0.000000e+00 0.000000e+00
0.000000e+00 0.000000e+00 0.000000e+00 0.000000e+00 0.000000e+00 0.000000e+00
0.000000e+00 0.000000e+00 0.000000e+00 0.000000e+00 0.000000e+00 0.000000e+00
0.000000e+00 0.000000e+00 0.000000e+00 0.000000e+00 0.000000e+00 0.000000e+00
0.000000e+00 0.000000e+00 0.000000e+00 0.000000e+00 0.000000e+00 0.000000e+00
0.000000e+00 0.000000e+00 0.000000e+00 0.000000e+00 0.000000e+00 0.000000e+00
0.000000e+00 0.000000e+00 0.000000e+00 0.000000e+00 0.000000e+00 0.000000e+00
0.000000e+00 0.000000e+00 0.000000e+00 0.000000e+00 0.000000e+00 0.000000e+00
0.000000e+00 0.000000e+00 0.000000e+00 0.000000e+00 0.000000e+00 0.000000e+00
0.000000e+00 0.000000e+00 0.000000e+00 0.000000e+00 0.000000e+00 0.000000e+00
0.000000e+00 0.000000e+00 0.000000e+00 0.000000e+00 0.000000e+00 0.000000e+00
0.000000e+00 0.000000e+00 0.000000e+00 0.000000e+00 0.000000e+00 0.000000e+00
0.000000e+00 0.000000e+00 0.000000e+00 0.000000e+00 0.000000e+00 0.000000e+00
0.000000e+00 0.000000e+00 0.000000e+00 0.000000e+00 0.000000e+00 0.000000e+00
0.000000e+00 0.000000e+00 0.000000e+00 0.000000e+00 0.000000e+00 0.000000e+00
0.000000e+00 0.000000e+00 0.000000e+00 0.000000e+00 0.000000e+00 0.000000e+00
0.000000e+00 0.000000e+00 0.000000e+00 0.000000e+00 0.000000e+00 0.000000e+00
0.000000e+00 0.000000e+00 0.000000e+00 0.000000e+00 0.000000e+00 0.000000e+00
0.000000e+00 0.000000e+00 0.000000e+00 0.000000e+00 0.000000e+00 0.000000e+00
0.000000e+00 0.000000e+00 0.000000e+00 0.000000e+00 0.000000e+00 0.000000e+00
0.000000e+00 0.000000e+00 0.000000e+00 0.000000e+00 0.000000e+00 0.000000e+00
0.000000e+00 0.000000e+00 0.000000e+00 0.000000e+00 0.000000e+00 0.000000e+00
0.000000e+00 0.000000e+00 0.000000e+00 0.000000e+00 0.000000e+00 0.000000e+00
0.000000e+00 0.000000e+00 0.000000e+00 3.006335e-14 0.000000e+00 -4.056997e-12
0.000000e+00 0.000000e+00 0.000000e+00 9.019004e-14 0.000000e+00 -1.625805e-11
0.000000e+00 0.000000e+00 0.000000e+00 1.503167e-13 0.000000e+00 -3.663271e-11
0.000000e+00 0.000000e+00 0.000000e+00 1.592839e-12 0.000000e+00 -6.653941e-11
0.000000e+00 0.000000e+00 -1.136868e-13 4.357631e-12 0.000000e+00 -1.018916e-10
0.000000e+00 0.000000e+00 -2.273737e-13 5.709963e-12 0.000000e+00 -1.358915e-10
0.000000e+00 0.000000e+00 -4.547474e-13 5.709963e-12 0.000000e+00 -1.563247e-10
0.000000e+00 0.000000e+00 -6.821210e-13 3.666174e-12 0.000000e+00 -1.543499e-10
0.000000e+00 0.000000e+00 -9.094947e-13 -1.773737e-12 0.000000e+00 -1.299137e-10
0.000000e+00 0.000000e+00 -1.136868e-12 -7.874524e-12 0.000000e+00 -7.889981e-11
0.000000e+00 0.000000e+00 -1.250555e-12 -1.192945e-11 0.000000e+00 -1.084196e-11
0.000000e+00 0.000000e+00 -1.250555e-12 -1.327764e-11 0.000000e+00 5.449695e-11
0.000000e+00 0.000000e+00 -1.136868e-12 -1.327349e-11 0.000000e+00 1.007483e-10
0.000000e+00 0.000000e+00 -1.023182e-12 -1.191805e-11 0.000000e+00 1.224797e-10
0.000000e+00 0.000000e+00 -7.958079e-13 -7.169596e-12 0.000000e+00 1.204147e-10
0.000000e+00 0.000000e+00 -5.684342e-13 -3.794246e-13 0.000000e+00 1.014382e-10
0.000000e+00 0.000000e+00 -4.547474e-13 5.058414e-12 0.000000e+00 9.196836e-11
0.000000e+00 0.000000e+00 -3.410605e-13 7.098058e-12 0.000000e+00 1.144095e-10
0.000000e+00 0.000000e+00 -1.136868e-13 5.048051e-12 0.000000e+00 1.777116e-10
0.000000e+00 0.000000e+00 2.273737e-13 2.617619e-13 0.000000e+00 2.858949e-10
0.000000e+00 0.000000e+00 7.958079e-13 -5.905887e-12 0.000000e+00 4.348403e-10
0.000000e+00 0.000000e+00 1.591616e-12 -9.996575e-12 -7.940934e-29 6.103195e-10
0.000000e+00 0.000000e+00 2.614797e-12 -9.306672e-12 -1.271015e-28 7.945838e-10
0.000000e+00 0.000000e+00 3.865352e-12 -2.514428e-12 -2.838263e-29 9.821975e-10
0.000000e+00 0.000000e+00 5.456968e-12 9.718244e-12 3.091071e-28 1.165755e-09
0.000000e+00 0.000000e+00 7.275958e-12 2.195144e-11 8.556666e-28 1.342508e-09
0.000000e+00 0.000000e+00 9.436008e-12 3.214187e-11 1.418977e-27 1.513125e-09
0.000000e+00 0.000000e+00 1.182343e-11 3.824629e-11 1.369036e-27 1.668793e-09
0.000000e+00 0.000000e+00 1.443823e-11 3.758852e-11 7.056885e-28 1.805474e-09
0.000000e+00 0.000000e+00 1.728040e-11 3.082789e-11 6.436499e-29 1.914312e-09
0.000000e+00 0.000000e+00 2.023626e-11 1.859522e-11 -6.559025e-28 1.975503e-09
0.000000e+00 0.000000e+00 2.319211e-11 2.273415e-12 -1.549258e-27 1.966000e-09
0.000000e+00 0.000000e+00 2.614797e-11 -1.404787e-11 -2.601431e-27 1.864105e-09
0.000000e+00 0.000000e+00 2.887646e-11 -2.426526e-11 -3.810252e-27 1.651276e-09
0.000000e+00 0.000000e+00 3.115019e-11 -2.495258e-11 -5.126090e-27 1.320107e-09
0.000000e+00 0.000000e+00 3.274181e-11 -1.812457e-11 -6.427348e-27 8.768339e-10
0.000000e+00 0.000000e+00 3.376499e-11 -7.208985e-12 -7.610579e-27 3.043901e-10
0.000000e+00 0.000000e+00 3.376499e-11 4.367475e-12 -7.887426e-27 -4.183926e-10
0.000000e+00 0.000000e+00 3.251444e-11 1.455999e-11 -7.462074e-27 -1.290883e-09
0.000000e+00 0.000000e+00 2.989964e-11 2.204369e-11 -7.025478e-27 -2.318470e-09
0.000000e+00 0.000000e+00 2.557954e-11 2.477531e-11 -7.216789e-27 -3.503031e-09
0.000000e+00 0.000000e+00 1.944045e-11 2.137504e-11 -8.866394e-27 -4.848728e-09
0.000000e+00 0.000000e+00 1.114131e-11 1.391777e-11 6.911979e-13 -6.361102e-09
0.000000e+00 0.000000e+00 3.410605e-13 6.491610e-12 1.382396e-12 -8.029817e-09
0.000000e+00 0.000000e+00 -1.296030e-11 4.193324e-13 1.382396e-12 -9.839256e-09
0.000000e+00 0.000000e+00 -2.910383e-11 -3.609674e-12 1.382396e-12 -1.175540e-08
0.000000e+00 0.000000e+00 -4.820322e-11 -6.287384e-12 6.911979e-13 -1.371292e-08
0.000000e+00 0.000000e+00 -7.025847e-11 -6.921823e-12 -6.611345e-13 -1.563102e-08
0.000000e+00 0.000000e+00 -9.504220e-11 -5.482410e-12 -2.013467e-12 -1.743289e-08
0.000000e+00 0.000000e+00 -1.224407e-10 -2.689627e-12 -3.365799e-12 -1.904291e-08
0.000000e+00 0.000000e+00 -1.521130e-10 2.149017e-12 -2.644020e-12 -2.037268e-08
0.000000e+00 0.000000e+00 -1.836042e-10 5.667983e-12 1.218078e-13 -2.133322e-08
0.000000e+00 0.000000e+00 -2.161187e-10 6.453775e-12 2.827509e-12 -2.185991e-08
0.000000e+00 0.000000e+00 -2.490879e-10 7.180476e-12 5.502888e-12 -2.189692e-08
0.000000e+00 0.000000e+00 -2.818297e-10 7.215203e-12 7.516614e-12 -2.137353e-08
0.000000e+00 0.000000e+00 -3.133209e-10 8.600189e-12 8.177489e-12 -2.021904e-08
0.000000e+00 0.000000e+00 -3.425384e-10 1.136498e-11 6.854184e-12 -1.837165e-08
0.000000e+00 0.000000e+00 -3.683454e-10 1.415673e-11 4.207573e-12 -1.578844e-08
0.000000e+00 0.000000e+00 -3.897185e-10 1.899123e-11 8.091197e-13 -1.244220e-08
0.000000e+00 0.000000e+00 -4.055210e-10 2.448816e-11 -3.310336e-12 -8.312572e-09
0.000000e+00 0.000000e+00 -4.146159e-10 2.926615e-11 -6.768139e-12 -3.392819e-09
0.000000e+00 0.000000e+00 -4.157528e-10 2.929777e-11 -9.571691e-12 2.296639e-09
0.000000e+00 0.000000e+00 -4.077947e-10 2.323171e-11 -1.096915e-11 8.695226e-09
0.000000e+00 0.000000e+00 -3.897185e-10 1.245141e-11 -9.630326e-12 1.570630e-08
0.000000e+00 0.000000e+00 -3.607283e-10 -3.105345e-12 -6.246677e-12 2.322036e-08
0.000000e+00 0.000000e+00 -3.201421e-10 -2.007404e-11 -8.416410e-13 3.110483e-08
0.000000e+00 0.000000e+00 -2.675051e-10 -4.111712e-11 5.238816e-12 3.920729e-08
0.000000e+00 0.000000e+00 -2.025899e-10 -6.895562e-11 1.001051e-11 4.738284e-08
0.000000e+00 0.000000e+00 -1.253966e-10 -9.338844e-11 1.136953e-11 5.549002e-08
-2.273737e-13 0.000000e+00 -3.615241e-11 -9.267993e-11 9.308734e-12 6.339810e-08
-4.547474e-13 0.000000e+00 6.468781e-11 -4.710509e-11 4.534832e-12 7.099278e-08
-4.547474e-13 0.000000e+00 1.767830e-10 2.837693e-11 -2.267600e-12 7.815635e-08
-4.547474e-13 0.000000e+00 2.992238e-10 1.147214e-10 -6.979884e-12 8.477174e-08
-2.273737e-13 0.000000e+00 4.311005e-10 1.935615e-10 -9.698317e-12 9.074029e-08
0.000000e+00 0.000000e+00 5.713900e-10 2.472333e-10 -9.730923e-12 9.597433e-08
4.547474e-13 0.000000e+00 7.189556e-10 2.580735e-10 -4.929956e-12 1.003943e-07
9.094947e-13 0.000000e+00 8.725465e-10 2.016708e-10 1.254185e-12 1.039397e-07
1.136868e-12 0.000000e+00 1.030685e-09 8.620437e-11 6.752975e-12 1.065935e-07
1.364242e-12 0.000000e+00 1.192234e-09 -7.342788e-11 1.018935e-11 1.083611e-07
1.136868e-12 0.000000e+00 1.355829e-09 -2.392042e-10 9.549839e-12 1.092571e-07
6.821210e-13 0.000000e+00 1.520107e-09 -3.527057e-10 2.789880e-12 1.093134e-07
2.273737e-13 0.000000e+00 1.683816e-09 -3.927988e-10 -1.150403e-11 1.085528e-07
-4.547474e-13 0.000000e+00 1.845706e-09 -3.472278e-10 -2.921190e-11 1.069686e-07
-9.094947e-13 0.000000e+00 2.004640e-09 -2.207873e-10 -4.348541e-11 1.044967e-07
-9.094947e-13 -1.136868e-13 2.159254e-09 -6.378388e-11 -3.935768e-11 1.009838e-07
-6.821210e-13 -2.273737e-13 2.307615e-09 6.331711e-11 -5.348642e-12 9.620852e-08
-6.821210e-13 -2.273737e-13 2.447791e-09 1.557968e-10 4.560742e-11 8.988984e-08
-4.547474e-13 -1.136868e-13 2.577281e-09 2.183741e-10 9.115654e-11 8.168286e-08
-2.273737e-13 0.000000e+00 2.692900e-09 2.366754e-10 1.169781e-10 7.121288e-08
2.273737e-13 2.273737e-13 2.791012e-09 2.086832e-10 1.088325e-10 5.807782e-08
4.547474e-13 3.410605e-13 2.867182e-09 1.508570e-10 6.469459e-11 4.186002e-08
6.821210e-13 4.547474e-13 2.916522e-09 8.902629e-11 -3.298942e-12 2.213852e-08
9.094947e-13 3.410605e-13 2.933575e-09 2.520632e-11 -7.267336e-11 -1.535086e-09
9.094947e-13 2.273737e-13 2.911975e-09 -3.448189e-11 -1.215990e-10 -2.960847e-08
9.094947e-13 0.000000e+00 2.844786e-09 -9.419544e-11 -1.392506e-10 -6.249470e-08
6.821210e-13 -2.273737e-13 2.724505e-09 -1.525919e-10 -1.202350e-10 -1.005567e-07
4.547474e-13 -4.547474e-13 2.543061e-09 -2.001225e-10 -6.379920e-11 -1.440466e-07
2.273737e-13 -4.547474e-13 2.292268e-09 -2.422436e-10 1.030261e-11 -1.930564e-07
-2.273737e-13 -4.547474e-13 1.963826e-09 -2.626436e-10 8.167852e-11 -2.474626e-07
-6.821210e-13 -3.410605e-13 1.549893e-09 -2.326994e-10 1.401884e-10 -3.068705e-07
-1.136868e-12 -1.136868e-13 1.043190e-09 -1.415907e-10 1.674298e-10 -3.705650e-07
-1.364242e-12 1.136868e-13 4.381491e-10 4.398353e-13 1.572295e-10 -4.375012e-07
-1.136868e-12 3.410605e-13 -2.692104e-10 1.492473e-10 1.157330e-10 -5.063054e-07
-9.094947e-13 5.684342e-13 -1.080707e-09 2.688381e-10 5.044800e-11 -5.752467e-07
-4.547474e-13 5.684342e-13 -1.994977e-09 3.354285e-10 -1.826116e-11 -6.422779e-07
0.000000e+00 5.684342e-13 -3.007472e-09 3.218236e-10 -6.860305e-11 -7.050918e-07
4.547474e-13 4.547474e-13 -4.110120e-09 2.273020e-10 -9.853808e-11 -7.611514e-07
6.821210e-13 3.410605e-13 -5.290872e-09 8.311450e-11 -1.087326e-10 -8.077289e-07
6.821210e-13 2.273737e-13 -6.533242e-09 -5.625806e-11 -1.053271e-10 -8.419862e-07
6.821210e-13 1.136868e-13 -7.816766e-09 -1.616181e-10 -9.857262e-11 -8.610576e-07
4.547474e-13 0.000000e+00 -9.116434e-09 -2.112524e-10 -9.451141e-11 -8.621455e-07
2.273737e-13 -1.136868e-13 -1.040314e-08 -1.860821e-10 -9.585495e-11 -8.426532e-07
0.000000e+00 -2.273737e-13 -1.164426e-08 -9.428540e-11 -1.006182e-10 -8.002983e-07
-2.273737e-13 -3.410605e-13 -1.280398e-08 4.781153e-11 -1.053658e-10 -7.332318e-07
0.000000e+00 -4.547474e-13 -1.384387e-08 1.817886e-10 -9.988541e-11 -6.401812e-07
2.273737e-13 -5.684342e-13 -1.472449e-08 2.464320e-10 -7.606176e-11 -5.205525e-07
6.821210e-13 -6.821210e-13 -1.540559e-08 2.015445e-10 -3.326988e-11 -3.745399e-07
9.094947e-13 -6.821210e-13 -1.584817e-08 4.649681e-11 2.037162e-11 -2.032340e-07
6.821210e-13 -6.821210e-13 -1.601529e-08 -1.425211e-10 8.158330e-11 -8.669731e-09
2.273737e-13 -5.684342e-13 -1.587409e-08 -2.818937e-10 1.462139e-10 2.061626e-07
-2.273737e-13 -3.410605e-13 -1.539684e-08 -3.240406e-10 1.971760e-10 4.373309e-07
-6.821210e-13 0.000000e+00 -1.456215e-08 -2.601459e-10 2.168778e-10 6.799791e-07
-1.136868e-12 3.410605e-13 -1.335684e-08 -9.969284e-11 1.910517e-10 9.284070e-07
-1.136868e-12 6.821210e-13 -1.177682e-08 1.117305e-10 1.176303e-10 1.176193e-06
-6.821210e-13 7.958079e-13 -9.828227e-09 2.823416e-10 1.298292e-11 1.416350e-06
-2.273737e-13 6.821210e-13 -7.527774e-09 3.551327e-10 -9.167192e-11 1.641507e-06
2.273737e-13 4.547474e-13 -4.903768e-09 3.191400e-10 -1.684830e-10 1.844122e-06
6.821210e-13 2.273737e-13 -1.995431e-09 1.797681e-10 -2.045142e-10 2.016736e-06
6.821210e-13 -1.136868e-13 1.146532e-09 -5.825134e-12 -1.916138e-10 2.152257e-06
4.547474e-13 -4.547474e-13 4.461299e-09 -1.574624e-10 -1.250044e-10 2.244253e-06
2.273737e-13 -5.684342e-13 7.879180e-09 -2.356521e-10 -2.778277e-11 2.287210e-06
-2.273737e-13 -4.547474e-13 1.132287e-08 -2.098485e-10 6.058824e-11 2.276773e-06
-4.547474e-13 -3.410605e-13 1.470949e-08 -8.138798e-11 1.216920e-10 2.209993e-06
-4.547474e-13 -1.136868e-13 1.795286e-08 8.998884e-11 1.488146e-10 2.085527e-06
0.000000e+00 1.136868e-13 2.096613e-08 2.185181e-10 1.345059e-10 1.903764e-06
2.273737e-13 3.410605e-13 2.366426e-08 2.600195e-10 8.622024e-11 1.666917e-06
6.821210e-13 4.547474e-13 2.596698e-08 2.015942e-10 2.296448e-11 1.379045e-06
9.094947e-13 4.547474e-13 2.780143e-08 4.660907e-11 -3.686706e-11 1.046021e-06
6.821210e-13 4.547474e-13 2.910497e-08 -1.362750e-10 -8.102157e-11 6.754214e-07
2.273737e-13 3.410605e-13 2.982767e-08 -2.668359e-10 -9.934250e-11 2.763123e-07
-2.273737e-13 2.273737e-13 2.993397e-08 -3.056082e-10 -8.978177e-11 -1.409721e-07
-6.821210e-13 1.136868e-13 2.940476e-08 -2.390191e-10 -5.914797e-11 -5.651089e-07
-1.136868e-12 0.000000e+00 2.823867e-08 -6.091151e-11 -1.833781e-11 -9.841699e-07
-9.094947e-13 0.000000e+00 2.645231e-08 1.634340e-10 8.147915e-12 -1.386009e-06
-4.547474e-13 0.000000e+00 2.408069e-08 3.422667e-10 2.735698e-12 -1.758670e-06
0.000000e+00 0.000000e+00 2.117633e-08 4.354327e-10 -3.526266e-11 -2.090831e-06
6.821210e-13 0.000000e+00 1.780813e-08 4.102486e-10 -9.982434e-11 -2.372211e-06
1.364242e-12 -1.136868e-13 1.405965e-08 2.423003e-10 -1.712427e-10 -2.593987e-06
1.591616e-12 -3.410605e-13 1.002627e-08 -2.285781e-11 -2.134850e-10 -2.749148e-06
1.364242e-12 -6.821210e-13 5.812240e-09 -2.880151e-10 -1.897375e-10 -2.832745e-06
6.821210e-13 -1.023182e-12 1.527951e-09 -4.641075e-10 -8.442449e-11 -2.842112e-06
0.000000e+00 -1.023182e-12 -2.714160e-09 -5.014609e-10 7.661994e-11 -2.777002e-06
-6.821210e-13 -7.958079e-13 -6.803020e-09 -3.946485e-10 2.432163e-10 -2.639599e-06
-1.136868e-12 -3.410605e-13 -1.063290e-08 -1.797216e-10 3.710704e-10 -2.434443e-06
-1.136868e-12 3.410605e-13 -1.410626e-08 5.895048e-11 4.152552e-10 -2.168294e-06
-9.094947e-13 9.094947e-13 -1.713772e-08 2.397203e-10 3.527184e-10 -1.849888e-06
-4.547474e-13 1.364242e-12 -1.965600e-08 3.110839e-10 1.930076e-10 -1.489625e-06
0.000000e+00 1.591616e-12 -2.160664e-08 2.546829e-10 -3.332193e-11 -1.099224e-06
4.547474e-13 1.364242e-12 -2.295360e-08 8.943766e-11 -2.657998e-10 -6.912912e-07
4.547474e-13 7.958079e-13 -2.368040e-08 -1.132148e-10 -4.350555e-10 -2.788309e-07
0.000000e+00 0.000000e+00 -2.379011e-08 -2.424206e-10 -4.908390e-10 1.252459e-07
-4.547474e-13 -6.821210e-13 -2.330466e-08 -2.417308e-10 -4.256401e-10 5.085769e-07
-9.094947e-13 -1.250555e-12 -2.226432e-08 -1.044118e-10 -2.658632e-10 8.598209e-07
-9.094947e-13 -1.591616e-12 -2.072511e-08 1.172051e-10 -4.834414e-11 1.169089e-06
-4.547474e-13 -1.477929e-12 -1.875696e-08 3.164295e-10 1.643715e-10 1.428288e-06
2.273737e-13 -1.136868e-12 -1.644025e-08 4.109872e-10 3.159069e-10 1.631376e-06
9.094947e-13 -5.684342e-13 -1.386275e-08 3.620951e-10 3.763820e-10 1.774526e-06
1.364242e-12 0.000000e+00 -1.111664e-08 1.839861e-10 3.410277e-10 1.856212e-06
1.364242e-12 3.410605e-13 -8.294137e-09 -5.604865e-11 2.478440e-10 1.877157e-06
1.136868e-12 5.684342e-13 -5.485163e-09 -2.777127e-10 1.431534e-10 1.840204e-06
4.547474e-13 6.821210e-13 -2.773504e-09 -4.069172e-10 5.412688e-11 1.750127e-06
-2.273737e-13 6.821210e-13 -2.347633e-10 -4.021630e-10 -4.277965e-12 1.613364e-06
-9.094947e-13 6.821210e-13 2.066599e-09 -2.654628e-10 -3.348213e-11 1.437687e-06
-1.136868e-12 6.821210e-13 4.078288e-09 -4.444351e-11 -5.323757e-11 1.231848e-06
-9.094947e-13 5.684342e-13 5.762104e-09 1.629791e-10 -7.907823e-11 1.005178e-06
-4.547474e-13 4.547474e-13 7.093831e-09 2.731113e-10 -1.191942e-10 7.671836e-07
0.000000e+00 2.273737e-13 8.063580e-09 2.553712e-10 -1.715677e-10 5.271590e-07
4.547474e-13 0.000000e+00 8.675215e-09 1.172995e-10 -2.232598e-10 2.938155e-07
4.547474e-13 -3.410605e-13 8.944994e-09 -7.720165e-11 -2.519072e-10 7.495145e-08
0.000000e+00 -6.821210e-13 8.900088e-09 -2.200599e-10 -2.262347e-10 -1.228211e-07
-2.273737e-13 -1.023182e-12 8.576535e-09 -2.649853e-10 -1.250471e-10 -2.942641e-07
-6.821210e-13 -1.136868e-12 8.017196e-09 -1.956330e-10 4.146901e-11 -4.356385e-07
-9.094947e-13 -9.094947e-13 7.269477e-09 -8.647546e-12 2.290837e-10 -5.447700e-07
-6.821210e-13 -4.547474e-13 6.382834e-09 2.265949e-10 3.834357e-10 -6.210009e-07
-2.273737e-13 2.273737e-13 5.406491e-09 4.142640e-10 4.507660e-10 -6.650653e-07
4.547474e-13 9.094947e-13 4.387630e-09 4.816178e-10 3.977459e-10 -6.789281e-07
1.136868e-12 1.364242e-12 3.369678e-09 3.919270e-10 2.325779e-10 -6.655983e-07
1.591616e-12 1.591616e-12 2.390834e-09 1.526624e-10 -7.393614e-12 -6.288985e-07
1.591616e-12 1.364242e-12 1.482931e-09 -1.776982e-10 -2.616214e-10 -5.732108e-07
1.136868e-12 7.958079e-13 6.710934e-10 -5.006473e-10 -4.587268e-10 -5.032374e-07
2.273737e-13 0.000000e+00 -2.683009e-11 -7.114951e-10 -5.423197e-10 -4.237676e-07
-9.094947e-13 -7.958079e-13 -6.001528e-10 -7.319642e-10 -4.866048e-10 -3.394487e-07
-2.046363e-12 -1.364242e-12 -1.045123e-09 -5.362883e-10 -3.085128e-10 -2.545633e-07
-2.728484e-12 -1.591616e-12 -1.363901e-09 -1.645598e-10 -5.765639e-11 -1.728636e-07
-2.728484e-12 -1.477929e-12 -1.563762e-09 2.874868e-10 1.992549e-10 -9.747178e-08
-1.818989e-12 -9.094947e-13 -1.656304e-09 6.736229e-10 3.875144e-10 -3.080067e-08
-6.821210e-13 -2.273737e-13 -1.656076e-09 8.809368e-10 4.574841e-10 2.548429e-08
6.821210e-13 4.547474e-13 -1.579792e-09 8.653070e-10 4.037543e-10 7.046389e-08
2.046363e-12 9.094947e-13 -1.444619e-09 6.118190e-10 2.514559e-10 1.038982e-07
2.728484e-12 1.136868e-12 -1.267949e-09 1.938470e-10 4.949241e-11 1.261392e-07
2.501110e-12 1.136868e-12 -1.066155e-09 -2.398401e-10 -1.483138e-10 1.380487e-07
1.818989e-12 7.958079e-13 -8.539018e-10 -5.606486e-10 -2.889871e-10 1.408721e-07
6.821210e-13 2.273737e-13 -6.435812e-10 -6.890369e-10 -3.345221e-10 1.360994e-07
-4.547474e-13 -2.273737e-13 -4.455387e-10 -6.033245e-10 -2.842069e-10 1.253500e-07
-1.136868e-12 -5.684342e-13 -2.675051e-10 -3.619304e-10 -1.638185e-10 1.102750e-07
-1.364242e-12 -6.821210e-13 -1.147100e-10 -6.754390e-11 -1.962072e-11 9.245834e-08
-1.136868e-12 -5.684342e-13 9.890755e-12 1.860128e-10 9.798903e-11 7.334182e-08
-6.821210e-13 -3.410605e-13 1.053877e-10 3.368769e-10 1.523325e-10 5.417372e-08
-2.273737e-13 -1.136868e-13 1.724629e-10 3.701055e-10 1.305375e-10 3.598071e-08
2.273737e-13 1.136868e-13 2.133902e-10 3.013336e-10 4.753239e-11 1.954627e-08
6.821210e-13 1.136868e-13 2.311253e-10 1.564331e-10 -5.587600e-11 5.418131e-09
6.821210e-13 -1.136868e-13 2.295337e-10 -2.671686e-12 -1.252918e-10 -6.083689e-09
6.821210e-13 -3.410605e-13 2.128218e-10 -1.202368e-10 -1.253533e-10 -1.487080e-08
4.547474e-13 -5.684342e-13 1.849685e-10 -1.684390e-10 -4.377541e-11 -2.104029e-08
2.273737e-13 -5.684342e-13 1.497256e-10 -1.370976e-10 9.630849e-11 -2.482116e-08
0.000000e+00 -3.410605e-13 1.105036e-10 -5.069699e-11 2.411379e-10 -2.653891e-08
0.000000e+00 1.136868e-13 7.014478e-11 4.115675e-11 3.417493e-10 -2.657872e-08
0.000000e+00 6.821210e-13 3.080913e-11 9.562038e-11 3.574495e-10 -2.534223e-08
2.273737e-13 1.250555e-12 -5.798029e-12 8.818671e-11 2.657982e-10 -2.321481e-08
4.547474e-13 1.591616e-12 -3.876721e-11 -2.928372e-12 7.826466e-11 -2.052739e-08
4.547474e-13 1.477929e-12 -6.741629e-11 -1.532239e-10 -1.514816e-10 -1.753337e-08
0.000000e+00 1.023182e-12 -9.140422e-11 -2.865305e-10 -3.492835e-10 -1.442776e-08
-4.547474e-13 3.410605e-13 -1.106173e-10 -3.477677e-10 -4.580365e-10 -1.134990e-08
-9.094947e-13 -3.410605e-13 -1.253966e-10 -3.213052e-10 -4.539664e-10 -8.382740e-09
-1.364242e-12 -1.023182e-12 -1.358558e-10 -2.003490e-10 -3.363914e-10 -5.571811e-09
-1.364242e-12 -1.364242e-12 -1.422222e-10 -1.752574e-11 -1.372229e-10 -2.954437e-09
-1.136868e-12 -1.477929e-12 -1.447233e-10 1.728144e-10 8.914543e-11 -5.768698e-10
-6.821210e-13 -1.136868e-12 -1.439275e-10 3.210224e-10 2.780823e-10 1.522702e-09
-2.273737e-13 -5.684342e-13 -1.401759e-10 3.957755e-10 3.705175e-10 3.330014e-09
4.547474e-13 0.000000e+00 -1.339231e-10 3.760901e-10 3.541571e-10 4.852484e-09
9.094947e-13 5.684342e-13 -1.256240e-10 2.605732e-10 2.480808e-10 6.117168e-09
1.136868e-12 7.958079e-13 -1.155058e-10 9.201126e-11 9.513246e-11 7.154045e-09
1.136868e-12 7.958079e-13 -1.041371e-10 -7.922243e-11 -5.170638e-11 8.003958e-09
6.821210e-13 5.684342e-13 -9.151790e-11 -2.001073e-10 -1.468447e-10 8.697410e-09
4.547474e-13 3.410605e-13 -7.798917e-11 -2.577937e-10 -1.726623e-10 9.226973e-09
0.000000e+00 1.136868e-13 -6.377832e-11 -2.556810e-10 -1.427742e-10 9.563480e-09
-4.547474e-13 -1.136868e-13 -4.922640e-11 -1.849881e-10 -6.866072e-11 9.655174e-09
-6.821210e-13 -1.136868e-13 -3.478817e-11 -7.558584e-11 2.387394e-11 9.454493e-09
-6.821210e-13 0.000000e+00 -2.080469e-11 1.824385e-11 9.259533e-11 8.935651e-09
-6.821210e-13 1.136868e-13 -7.958079e-12 7.193878e-11 1.157288e-10 8.114980e-09
-6.821210e-13 3.410605e-13 3.524292e-12 9.839613e-11 8.375539e-11 7.054295e-09
-4.547474e-13 4.547474e-13 1.318767e-11 9.836668e-11 3.473083e-12 5.843993e-09
-2.273737e-13 3.410605e-13 2.103206e-11 7.114339e-11 -9.578036e-11 4.587482e-09
-2.273737e-13 1.136868e-13 2.705747e-11 5.137753e-11 -1.780678e-10 3.378560e-09
-2.273737e-13 -1.136868e-13 3.126388e-11 6.290013e-11 -2.209623e-10 2.292016e-09
-2.273737e-13 -4.547474e-13 3.387868e-11 1.009765e-10 -2.074240e-10 1.360467e-09
0.000000e+00 -7.958079e-13 3.524292e-11 1.369966e-10 -1.232312e-10 5.723305e-10
2.273737e-13 -9.094947e-13 3.558398e-11 1.383821e-10 1.267744e-11 -1.131222e-10
4.547474e-13 -7.958079e-13 3.501555e-11 9.427761e-11 1.568062e-10 -7.502548e-10
6.821210e-13 -4.547474e-13 3.342393e-11 -5.600208e-12 2.601474e-10 -1.365621e-09
6.821210e-13 -1.136868e-13 3.092282e-11 -1.490738e-10 2.996020e-10 -1.948376e-09
2.273737e-13 3.410605e-13 2.751221e-11 -2.776047e-10 2.663064e-10 -2.459797e-09
-2.273737e-13 7.958079e-13 2.353318e-11 -3.435536e-10 1.534718e-10 -2.850898e-09
-6.821210e-13 9.094947e-13 1.898570e-11 -3.320543e-10 -5.538423e-12 -3.076011e-09
-1.136868e-12 7.958079e-13 1.421085e-11 -2.335624e-10 -1.618598e-10 -3.103930e-09
-1.591616e-12 4.547474e-13 9.549694e-12 -4.730767e-11 -2.727321e-10 -2.953716e-09
-1.364242e-12 -1.136868e-13 5.229595e-12 1.702729e-10 -2.965538e-10 -2.694641e-09
-9.094947e-13 -5.684342e-13 1.364242e-12 3.395597e-10 -2.264912e-10 -2.418560e-09
-4.547474e-13 -7.958079e-13 -2.046363e-12 4.394745e-10 -9.526258e-11 -2.210427e-09
2.273737e-13 -7.958079e-13 -5.229595e-12 4.516889e-10 5.293534e-11 -2.127370e-09
9.094947e-13 -5.684342e-13 -8.412826e-12 3.558175e-10 1.711642e-10 -2.175606e-09
1.364242e-12 -2.273737e-13 -1.182343e-11 1.824362e-10 2.234696e-10 -2.302014e-09
1.364242e-12 1.136868e-13 -1.534772e-11 8.943045e-13 1.989936e-10 -2.433166e-09
1.136868e-12 4.547474e-13 -1.909939e-11 -1.256062e-10 1.085887e-10 -2.493583e-09
9.094947e-13 4.547474e-13 -2.285105e-11 -1.725339e-10 -6.292683e-12 -2.422842e-09
6.821210e-13 3.410605e-13 -2.637535e-11 -1.384835e-10 -1.042039e-10 -2.210733e-09
4.547474e-13 1.136868e-13 -2.944489e-11 -3.174187e-11 -1.646718e-10 -1.897966e-09
4.547474e-13 -1.136868e-13 -3.205969e-11 1.089230e-10 -1.734122e-10 -1.552631e-09
6.821210e-13 -3.410605e-13 -3.410605e-11 2.237741e-10 -1.291652e-10 -1.250852e-09
9.094947e-13 -5.684342e-13 -3.581135e-11 2.829443e-10 -4.280620e-11 -1.057843e-09
1.364242e-12 -5.684342e-13 -3.728928e-11 2.707271e-10 5.511204e-11 -9.980710e-10
1.818989e-12 -3.410605e-13 -3.876721e-11 1.795783e-10 1.217071e-10 -1.044299e-09
2.046363e-12 -1.136868e-13 -4.047251e-11 3.809644e-11 1.345956e-10 -1.114320e-09
1.818989e-12 1.136868e-13 -4.217782e-11 -9.789335e-11 9.174285e-11 -1.112398e-09
1.591616e-12 2.273737e-13 -4.388312e-11 -1.957777e-10 5.370467e-12 -9.473210e-10
1.364242e-12 1.136868e-13 -4.501999e-11 -2.638037e-10 -8.643500e-11 -5.632902e-10
9.094947e-13 -1.136868e-13 -4.547474e-11 -3.019343e-10 -1.429116e-10 5.192651e-11
4.547474e-13 -3.410605e-13 -4.479261e-11 -3.202876e-10 -1.442859e-10 8.888642e-10
0.000000e+00 -5.684342e-13 -4.274625e-11 -3.434005e-10 -8.446449e-11 1.915506e-09
-4.547474e-13 -5.684342e-13 -3.910827e-11 -3.903651e-10 1.815828e-11 3.103858e-09
-1.136868e-12 -4.547474e-13 -3.353762e-11 -4.617893e-10 1.303288e-10 4.438984e-09
-1.818989e-12 -1.136868e-13 -2.580691e-11 -5.528701e-10 2.180418e-10 5.922997e-09
-2.728484e-12 2.273737e-13 -1.580247e-11 -6.602640e-10 2.554487e-10 7.575584e-09
-3.637979e-12 5.684342e-13 -3.069545e-12 -7.887768e-10 2.330504e-10 9.417805e-09
-4.774847e-12 9.094947e-13 1.250555e-11 -9.484907e-10 1.447147e-10 1.147826e-08
-6.366463e-12 1.023182e-12 3.126388e-11 -1.123824e-09 7.431173e-12 1.378551e-08
-8.185452e-12 9.094947e-13 5.377387e-11 -1.296507e-09 -1.380463e-10 1.631983e-08
-1.045919e-11 5.684342e-13 8.014922e-11 -1.436535e-09 -2.495053e-10 1.903223e-08
-1.250555e-11 1.136868e-13 1.107310e-10 -1.539177e-09 -2.950071e-10 2.184926e-08
-1.477929e-11 -3.410605e-13 1.456328e-10 -1.599015e-09 -2.623682e-10 2.465674e-08
-1.728040e-11 -6.821210e-13 1.846274e-10 -1.565073e-09 -1.596926e-10 2.733300e-08
-1.955414e-11 -7.958079e-13 2.276010e-10 -1.403972e-09 -1.488891e-11 2.975294e-08
-2.137313e-11 -6.821210e-13 2.739853e-10 -1.121194e-09 1.298695e-10 3.179008e-08
-2.273737e-11 -3.410605e-13 3.229843e-10 -7.357620e-10 2.325298e-10 3.334655e-08
-2.364686e-11 0.000000e+00 3.740297e-10 -2.652523e-10 2.692997e-10 3.432237e-08
-2.364686e-11 4.547474e-13 4.259846e-10 2.446808e-10 2.285394e-10 3.460472e-08
-2.273737e-11 6.821210e-13 4.778258e-10 7.342470e-10 1.238101e-10 3.407260e-08
-2.114575e-11 7.958079e-13 5.283027e-10 1.175631e-09 -1.354239e-11 3.257572e-08
-1.909939e-11 6.821210e-13 5.757101e-10 1.587810e-09 -1.522051e-10 2.995909e-08
-1.659828e-11 3.410605e-13 6.182290e-10 2.026493e-09 -2.534788e-10 2.607661e-08
-1.318767e-11 0.000000e+00 6.539267e-10 2.531114e-09 -2.996593e-10 2.079232e-08
-8.867573e-12 -4.547474e-13 6.805294e-10 3.107781e-09 -2.826341e-10 1.398999e-08
-3.637979e-12 -9.094947e-13 6.958771e-10 3.770129e-09 -1.990605e-10 5.575138e-09
2.501110e-12 -1.136868e-12 6.973551e-10 4.533791e-09 -7.264078e-11 -4.495715e-09
1.000444e-11 -1.136868e-12 6.824621e-10 5.360644e-09 6.127033e-11 -1.619664e-08
1.864464e-11 -9.094947e-13 6.488108e-10 6.190846e-09 1.679144e-10 -2.943987e-08
2.864908e-11 -5.684342e-13 5.942411e-10 6.956407e-09 2.214987e-10 -4.408529e-08
3.956302e-11 -2.273737e-13 5.165930e-10 7.580519e-09 2.159939e-10 -5.993572e-08
5.138645e-11 1.136868e-13 4.143885e-10 7.985728e-09 1.615271e-10 -7.674430e-08
6.366463e-11 3.410605e-13 2.862635e-10 8.092489e-09 7.785453e-11 -9.423096e-08
7.571543e-11 3.410605e-13 1.316494e-10 7.885106e-09 -2.316211e-12 -1.120849e-07
8.731149e-11 3.410605e-13 -4.990852e-11 7.377198e-09 -5.869876e-11 -1.299580e-07
9.799805e-11 2.273737e-13 -2.581828e-10 6.570157e-09 -8.581553e-11 -1.474341e-07
1.070930e-10 1.136868e-13 -4.921503e-10 5.493171e-09 -7.761909e-11 -1.640386e-07
1.143690e-10 0.000000e+00 -7.502194e-10 4.189718e-09 -3.887312e-11 -1.792434e-07
1.195986e-10 -1.136868e-13 -1.029889e-09 2.677496e-09 1.758125e-11 -1.924700e-07
1.225544e-10 -1.136868e-13 -1.327635e-09 9.496720e-10 6.926105e-11 -2.031181e-07
1.225544e-10 0.000000e+00 -1.639251e-09 -9.720489e-10 8.971531e-11 -2.105887e-07
1.195986e-10 1.136868e-13 -1.959506e-09 -3.043412e-09 6.800759e-11 -2.143183e-07
1.134595e-10 2.273737e-13 -2.282263e-09 -5.236512e-09 1.088998e-11 -2.138237e-07
1.039098e-10 2.273737e-13 -2.600927e-09 -7.513296e-09 -6.455399e-11 -2.087209e-07
9.072210e-11 0.000000e+00 -2.908450e-09 -9.813824e-09 -1.223599e-10 -1.987227e-07
7.412382e-11 -2.273737e-13 -3.197215e-09 -1.207421e-08 -1.285065e-10 -1.836510e-07
5.434231e-11 -4.547474e-13 -3.459490e-09 -1.424889e-08 -7.615397e-11 -1.634414e-07
3.137757e-11 -4.547474e-13 -3.687546e-09 -1.627733e-08 1.430436e-11 -1.381223e-07
5.684342e-12 -3.410605e-13 -3.873765e-09 -1.808205e-08 1.129564e-10 -1.078081e-07
-2.273737e-11 -1.136868e-13 -4.010872e-09 -1.956169e-08 1.959707e-10 -7.270443e-08
-5.297807e-11 2.273737e-13 -4.091817e-09 -2.059655e-08 2.320242e-10 -3.313109e-08
-8.458301e-11 5.684342e-13 -4.110234e-09 -2.106906e-08 2.014150e-10 1.044936e-08
-1.164153e-10 9.094947e-13 -4.060439e-09 -2.087791e-08 1.082908e-10 5.740911e-08
-1.473381e-10 9.094947e-13 -3.937998e-09 -1.997955e-08 -1.610738e-11 1.069511e-07
-1.764420e-10 7.958079e-13 -3.739615e-09 -1.837135e-08 -1.275933e-10 1.581240e-07
-2.025899e-10 4.547474e-13 -3.463697e-09 -1.608932e-08 -1.887479e-10 2.098603e-07
-2.246452e-10 2.273737e-13 -3.110131e-09 -1.322252e-08 -1.866721e-10 2.610139e-07
-2.421530e-10 0.000000e+00 -2.680622e-09 -9.859382e-09 -1.377428e-10 3.104018e-07
-2.542038e-10 -2.273737e-13 -2.178922e-09 -6.077371e-09 -5.551779e-11 3.568871e-07
-2.603429e-10 -2.273737e-13 -1.610033e-09 -1.971661e-09 2.608129e-11 3.994070e-07
-2.601155e-10 -2.273737e-13 -9.806627e-10 2.365235e-09 7.301355e-11 4.369786e-07
-2.530669e-10 -1.136868e-13 -2.989964e-10 6.825235e-09 7.095170e-11 4.687212e-07
-2.394245e-10 0.000000e+00 4.255298e-10 1.129409e-08 1.649597e-11 4.938503e-07
-2.189608e-10 -1.136868e-13 1.182570e-09 1.562224e-08 -5.500237e-11 5.116496e-07
-1.923581e-10 -2.273737e-13 1.960530e-09 1.962477e-08 -1.047112e-10 5.214761e-07
-1.600711e-10 -3.410605e-13 2.747015e-09 2.313022e-08 -1.128772e-10 5.227820e-07
-1.227818e-10 -4.547474e-13 3.528953e-09 2.595155e-08 -6.731083e-11 5.151362e-07
-8.208190e-11 -5.684342e-13 4.292474e-09 2.793992e-08 2.994802e-11 4.982787e-07
-3.910827e-11 -4.547474e-13 5.023708e-09 2.901641e-08 1.502889e-10 4.721585e-07
4.774847e-12 -1.136868e-13 5.708898e-09 2.914089e-08 2.386497e-10 4.369396e-07
4.820322e-11 2.273737e-13 6.334517e-09 2.831817e-08 2.563404e-10 3.930173e-07
8.981260e-11 5.684342e-13 6.887944e-09 2.659984e-08 1.917390e-10 3.410090e-07
1.280114e-10 7.958079e-13 7.357471e-09 2.407091e-08 5.910206e-11 2.817188e-07
1.618901e-10 7.958079e-13 7.732979e-09 2.082459e-08 -9.660858e-11 2.160739e-07
1.903118e-10 5.684342e-13 8.005713e-09 1.694920e-08 -2.203712e-10 1.450624e-07
2.125944e-10 1.136868e-13 8.168286e-09 1.251275e-08 -2.632479e-10 6.972073e-08
2.278284e-10 -2.273737e-13 8.214897e-09 7.597656e-09 -2.115896e-10 -8.862704e-09
2.353318e-10 -4.547474e-13 8.141683e-09 2.340561e-09 -8.383079e-11 -8.956642e-08
2.346496e-10 -4.547474e-13 7.946142e-09 -3.068184e-09 8.130618e-11 -1.712113e-07
2.260094e-10 -2.273737e-13 7.627932e-09 -8.406852e-09 2.260666e-10 -2.525367e-07
2.096385e-10 2.273737e-13 7.188532e-09 -1.344151e-08 2.940090e-10 -3.322145e-07
1.857643e-10 6.821210e-13 6.631353e-09 -1.789876e-08 2.511957e-10 -4.088328e-07
1.557510e-10 9.094947e-13 5.962079e-09 -2.152780e-08 1.057463e-10 -4.809266e-07
1.211902e-10 9.094947e-13 5.188667e-09 -2.417430e-08 -1.056416e-10 -5.470361e-07
8.344614e-11 5.684342e-13 4.321009e-09 -2.575522e-08 -3.218355e-10 -6.057405e-07
4.411049e-11 0.000000e+00 3.371383e-09 -2.624549e-08 -4.673938e-10 -6.557089e-07
4.774847e-12 -7.958079e-13 2.353772e-09 -2.566545e-08 -4.824070e-10 -6.957395e-07
-3.274181e-11 -1.477929e-12 1.284093e-09 -2.407559e-08 -3.498690e-10 -7.247870e-07
-6.730261e-11 -1.932676e-12 1.793978e-10 -2.154468e-08 -9.968264e-11 -7.419670e-07
-9.731593e-11 -1.818989e-12 -9.418955e-10 -1.813187e-08 1.953632e-10 -7.465344e-07
-1.216449e-10 -1.250555e-12 -2.060233e-09 -1.390784e-08 4.461753e-10 -7.379119e-07
-1.391527e-10 -4.547474e-13 -3.155606e-09 -8.968425e-09 5.875532e-10 -7.156933e-07
-1.487024e-10 4.547474e-13 -4.207322e-09 -3.483007e-09 5.841378e-10 -6.796719e-07
-1.496119e-10 1.250555e-12 -5.194693e-09 2.285293e-09 4.420544e-10 -6.298905e-07
-1.418812e-10 1.818989e-12 -6.097025e-09 8.033267e-09 2.007295e-10 -5.667000e-07
-1.255103e-10 1.932676e-12 -6.894766e-09 1.343788e-08 -7.462473e-11 -4.907999e-07
-1.014087e-10 1.591616e-12 -7.569497e-09 1.818564e-08 -3.023579e-10 -4.032470e-07
-7.094059e-11 1.023182e-12 -8.104507e-09 2.205076e-08 -4.246629e-10 -3.054864e-07
-3.547029e-11 3.410605e-13 -8.485927e-09 2.490132e-08 -4.219230e-10 -1.993210e-07
3.637979e-12 -3.410605e-13 -8.702500e-09 2.667548e-08 -3.029809e-10 -8.687454e-08
4.456524e-11 -6.821210e-13 -8.746497e-09 2.738681e-08 -1.147100e-10 2.945271e-08
8.594725e-11 -7.958079e-13 -8.614052e-09 2.707812e-08 8.034365e-11 1.470635e-07
1.259650e-10 -5.684342e-13 -8.305278e-09 2.579908e-08 2.217069e-10 2.632103e-07
1.632543e-10 -1.136868e-13 -7.824383e-09 2.359994e-08 2.611117e-10 3.750486e-07
1.966782e-10 2.273737e-13 -7.180120e-09 2.048350e-08 2.019447e-10 4.797191e-07
2.246452e-10 4.547474e-13 -6.385335e-09 1.644091e-08 8.088449e-11 5.744085e-07
2.457909e-10 4.547474e-13 -5.456968e-09 1.152175e-08 -5.170833e-11 6.564192e-07
2.589786e-10 2.273737e-13 -4.416052e-09 5.851869e-09 -1.421111e-10 7.232726e-07
2.632987e-10 0.000000e+00 -3.287141e-09 -3.783530e-10 -1.658935e-10 7.728206e-07
2.580691e-10 -2.273737e-13 -2.097522e-09 -6.888027e-09 -1.277974e-10 8.033391e-07
2.428351e-10 -4.547474e-13 -8.770940e-10 -1.330723e-08 -4.482153e-11 8.136359e-07
2.180514e-10 -4.547474e-13 3.433342e-10 -1.924704e-08 5.176620e-11 8.031119e-07
1.850822e-10 -2.273737e-13 1.532158e-09 -2.440006e-08 1.191648e-10 7.717952e-07
1.448370e-10 0.000000e+00 2.658567e-09 -2.855693e-08 1.375807e-10 7.203621e-07
9.936230e-11 2.273737e-13 3.693231e-09 -3.162722e-08 1.124006e-10 6.501048e-07
5.002221e-11 3.410605e-13 4.608978e-09 -3.362375e-08 5.659588e-11 5.629188e-07
-1.591616e-12 4.547474e-13 5.382049e-09 -3.458392e-08 -1.277520e-11 4.612628e-07
-5.366019e-11 4.547474e-13 5.992774e-09 -3.455741e-08 -7.805973e-11 3.480811e-07
-1.050466e-10 3.410605e-13 6.426376e-09 -3.355579e-08 -1.235918e-10 2.267142e-07
-1.541594e-10 1.136868e-13 6.672963e-09 -3.153758e-08 -1.405717e-10 1.008216e-07
-1.996341e-10 -1.136868e-13 6.728783e-09 -2.843682e-08 -1.310759e-10 -2.572874e-08
-2.396519e-10 -3.410605e-13 6.595769e-09 -2.423174e-08 -1.059075e-10 -1.489987e-07
-2.723937e-10 -4.547474e-13 6.281766e-09 -1.901008e-08 -8.080937e-11 -2.651109e-07
-2.964953e-10 -5.684342e-13 5.800416e-09 -1.296905e-08 -6.455888e-11 -3.704106e-07
-3.112746e-10 -6.821210e-13 5.170591e-09 -6.380593e-09 -5.025439e-11 -4.616211e-07
-3.158220e-10 -7.958079e-13 4.415597e-09 4.200895e-10 -2.845570e-11 -5.359709e-07
-3.101377e-10 -7.958079e-13 3.562604e-09 7.048135e-09 2.795540e-12 -5.913123e-07
-2.949037e-10 -7.958079e-13 2.641627e-09 1.315948e-08 4.902011e-11 -6.262239e-07
-2.708020e-10 -6.821210e-13 1.684043e-09 1.848826e-08 1.047733e-10 -6.400517e-07
