0.000000e+00 0.000000e+00 0.000000e+00 0.000000e+00 0.000000e+00 4.718684e-12
0.000000e+00 0.000000e+00 0.000000e+00 0.000000e+00 0.000000e+00 1.338304e-11
0.000000e+00 0.000000e+00 0.000000e+00 0.000000e+00 0.000000e+00 1.956426e-11
0.000000e+00 0.000000e+00 0.000000e+00 0.000000e+00 0.000000e+00 2.097925e-11
0.000000e+00 0.000000e+00 0.000000e+00 0.000000e+00 0.000000e+00 1.441660e-11
0.000000e+00 0.000000e+00 0.000000e+00 0.000000e+00 0.000000e+00 -4.497720e-12
0.000000e+00 0.000000e+00 0.000000e+00 0.000000e+00 0.000000e+00 -4.155669e-11
0.000000e+00 0.000000e+00 -1.136868e-13 0.000000e+00 0.000000e+00 -9.611222e-11
0.000000e+00 0.000000e+00 -2.273737e-13 0.000000e+00 0.000000e+00 -1.693376e-10
0.000000e+00 0.000000e+00 -5.684342e-13 0.000000e+00 0.000000e+00 -2.564390e-10
0.000000e+00 0.000000e+00 -1.023182e-12 0.000000e+00 0.000000e+00 -3.470344e-10
0.000000e+00 0.000000e+00 -1.705303e-12 0.000000e+00 0.000000e+00 -4.328015e-10
0.000000e+00 0.000000e+00 -2.501110e-12 0.000000e+00 0.000000e+00 -5.102361e-10
0.000000e+00 0.000000e+00 -3.296918e-12 -1.804546e-28 -1.804546e-28 -6.046281e-10
0.000000e+00 0.000000e+00 -4.320100e-12 -7.477196e-28 -7.477196e-28 -7.337201e-10
0.000000e+00 0.000000e+00 -5.570655e-12 -1.764221e-27 -1.764221e-27 -8.902889e-10
0.000000e+00 0.000000e+00 -7.048584e-12 -3.307430e-27 -3.307430e-27 -1.066836e-09
0.000000e+00 0.000000e+00 -8.753887e-12 -5.712664e-27 -5.712664e-27 -1.252764e-09
0.000000e+00 0.000000e+00 -1.080025e-11 -9.398995e-27 -9.398995e-27 -1.414328e-09
0.000000e+00 0.000000e+00 -1.307399e-11 -9.262510e-27 -9.262510e-27 -1.494708e-09
0.000000e+00 0.000000e+00 -1.534772e-11 -1.030104e-26 -1.030104e-26 -1.440068e-09
0.000000e+00 0.000000e+00 -1.739409e-11 -1.257816e-26 -1.257816e-26 -1.211130e-09
0.000000e+00 0.000000e+00 -1.898570e-11 -1.605976e-26 -1.605976e-26 -7.655164e-10
0.000000e+00 0.000000e+00 -1.966782e-11 -3.069466e-26 -3.069466e-26 -6.053814e-11
0.000000e+00 0.000000e+00 -1.909939e-11 -4.111341e-26 -4.111341e-26 9.477463e-10
0.000000e+00 0.000000e+00 -1.671197e-11 -4.650890e-26 -4.650890e-26 2.331231e-09
0.000000e+00 0.000000e+00 -1.193712e-11 -5.020640e-26 -5.020640e-26 4.197724e-09
0.000000e+00 0.000000e+00 -4.092726e-12 -4.914368e-26 -4.914368e-26 6.687136e-09
0.000000e+00 0.000000e+00 8.071765e-12 -4.868552e-26 -4.868552e-26 9.930899e-09
0.000000e+00 0.000000e+00 2.569323e-11 -5.270291e-26 -5.270291e-26 1.404706e-08
0.000000e+00 0.000000e+00 5.013590e-11 -4.529869e-26 -4.529869e-26 1.912151e-08
0.000000e+00 0.000000e+00 8.299139e-11 -1.278552e-26 -1.278552e-26 2.516871e-08
0.000000e+00 0.000000e+00 1.256240e-10 8.056946e-27 8.056946e-27 3.213976e-08
0.000000e+00 0.000000e+00 1.793978e-10 8.590788e-26 8.590788e-26 3.991775e-08
0.000000e+00 0.000000e+00 2.454499e-10 8.234935e-26 8.234935e-26 4.830256e-08
0.000000e+00 0.000000e+00 3.243485e-10 4.090760e-26 4.090760e-26 5.701606e-08
0.000000e+00 0.000000e+00 4.164349e-10 3.706121e-26 3.706121e-26 6.566927e-08
0.000000e+00 0.000000e+00 5.212542e-10 -9.294181e-26 -9.294181e-26 7.371370e-08
0.000000e+00 0.000000e+00 6.375558e-10 -1.599416e-26 -1.599416e-26 8.040414e-08
0.000000e+00 0.000000e+00 7.624976e-10 4.487310e-26 4.487310e-26 8.476480e-08
0.000000e+00 0.000000e+00 8.917596e-10 3.492708e-26 3.492708e-26 8.558359e-08
0.000000e+00 0.000000e+00 1.019203e-09 1.543190e-25 1.543190e-25 8.138511e-08
0.000000e+00 0.000000e+00 1.135959e-09 -1.156529e-25 -1.156529e-25 7.044200e-08
0.000000e+00 0.000000e+00 1.230546e-09 -2.294465e-25 -2.294465e-25 5.082590e-08
0.000000e+00 0.000000e+00 1.288527e-09 -4.698979e-25 -4.698979e-25 2.044655e-08
0.000000e+00 0.000000e+00 1.292051e-09 -9.045450e-25 -9.045450e-25 -2.287099e-08
0.000000e+00 0.000000e+00 1.219973e-09 -9.484583e-25 -9.484583e-25 -8.126820e-08
0.000000e+00 0.000000e+00 1.048306e-09 -7.446145e-25 -7.446145e-25 -1.567390e-07
0.000000e+00 0.000000e+00 7.498784e-10 -6.365781e-25 -6.365781e-25 -2.509778e-07
0.000000e+00 0.000000e+00 2.954721e-10 -7.477314e-25 -7.477314e-25 -3.651889e-07
0.000000e+00 0.000000e+00 -3.456080e-10 -4.956464e-25 -4.956464e-25 -4.998535e-07
0.000000e+00 0.000000e+00 -1.204057e-09 -4.314241e-25 -4.314241e-25 -6.544756e-07
0.000000e+00 0.000000e+00 -2.308980e-09 -1.359799e-24 -1.359799e-24 -8.273284e-07
0.000000e+00 0.000000e+00 -3.685955e-09 -3.355117e-24 -3.355117e-24 -1.015183e-06
0.000000e+00 0.000000e+00 -5.354423e-09 -2.775826e-24 -2.775826e-24 -1.213006e-06
0.000000e+00 0.000000e+00 -7.324957e-09 -3.044944e-24 -3.044944e-24 -1.413676e-06
0.000000e+00 0.000000e+00 -9.595510e-09 -4.989361e-24 -4.989361e-24 -1.607807e-06
0.000000e+00 0.000000e+00 -1.214846e-08 -7.812522e-24 -7.812522e-24 -1.783597e-06
0.000000e+00 0.000000e+00 -1.494641e-08 -1.226802e-23 -1.226802e-23 -1.926774e-06
0.000000e+00 0.000000e+00 -1.792876e-08 -1.550252e-23 -1.550252e-23 -2.020690e-06
0.000000e+00 0.000000e+00 -2.100842e-08 -2.239335e-23 -2.239335e-23 -2.046530e-06
0.000000e+00 0.000000e+00 -2.406830e-08 -3.669211e-23 -3.669211e-23 -1.983728e-06
0.000000e+00 0.000000e+00 -2.695958e-08 -4.275517e-23 -4.275517e-23 -1.810575e-06
0.000000e+00 0.000000e+00 -2.950003e-08 -4.303660e-23 -4.303660e-23 -1.505036e-06
0.000000e+00 0.000000e+00 -3.147466e-08 -4.123305e-23 -4.123305e-23 -1.045791e-06
0.000000e+00 0.000000e+00 -3.263733e-08 -4.164090e-23 -4.164090e-23 -4.134633e-07
0.000000e+00 0.000000e+00 -3.271498e-08 -4.253029e-23 -4.253029e-23 4.079465e-07
0.000000e+00 0.000000e+00 -3.141338e-08 -3.591708e-23 -3.591708e-23 1.429475e-06
0.000000e+00 0.000000e+00 -2.842637e-08 -3.377620e-23 -3.377620e-23 2.655501e-06
0.000000e+00 0.000000e+00 -2.344677e-08 -2.848373e-23 -2.848373e-23 4.082029e-06
0.000000e+00 0.000000e+00 -1.618025e-08 -2.212463e-23 -2.212463e-23 5.694991e-06
0.000000e+00 0.000000e+00 -6.361688e-09 -2.105991e-23 -2.105991e-23 7.468704e-06
0.000000e+00 0.000000e+00 6.225946e-09 -2.588736e-23 -2.588736e-23 9.364619e-06
0.000000e+00 0.000000e+00 2.173215e-08 -3.585561e-23 -3.585561e-23 1.133043e-05
0.000000e+00 0.000000e+00 4.021717e-08 -2.470289e-23 -2.470289e-23 1.329965e-05
0.000000e+00 0.000000e+00 6.163100e-08 -1.773329e-23 -1.773329e-23 1.519188e-05
0.000000e+00 0.000000e+00 8.579275e-08 -8.055515e-24 -8.055515e-24 1.691377e-05
0.000000e+00 0.000000e+00 1.123723e-07 4.418739e-24 4.418739e-24 1.836077e-05
0.000000e+00 0.000000e+00 1.408750e-07 2.578984e-24 2.578984e-24 1.941980e-05
0.000000e+00 0.000000e+00 1.706318e-07 -6.887672e-23 -6.887672e-23 1.997280e-05
0.000000e+00 0.000000e+00 2.007936e-07 -2.093131e-22 -2.093131e-22 1.990109e-05
0.000000e+00 0.000000e+00 2.303351e-07 -3.381773e-22 -3.381773e-22 1.909057e-05
0.000000e+00 0.000000e+00 2.580654e-07 -3.523922e-22 -3.523922e-22 1.743759e-05
0.000000e+00 0.000000e+00 2.826480e-07 -2.867912e-22 -2.867912e-22 1.485528e-05
0.000000e+00 0.000000e+00 3.026313e-07 -2.334078e-22 -2.334078e-22 1.128009e-05
0.000000e+00 0.000000e+00 3.164882e-07 -2.301450e-22 -2.301450e-22 6.678364e-06
0.000000e+00 0.000000e+00 3.226663e-07 -2.627321e-22 -2.627321e-22 1.052415e-06
0.000000e+00 0.000000e+00 3.196456e-07 -2.488170e-22 -2.488170e-22 -5.554121e-06
0.000000e+00 0.000000e+00 3.060040e-07 -1.771275e-22 -1.771275e-22 -1.305199e-05
0.000000e+00 0.000000e+00 2.804895e-07 -7.998640e-23 -7.998640e-23 -2.130355e-05
0.000000e+00 0.000000e+00 2.420933e-07 -1.118518e-22 -1.118518e-22 -3.012188e-05
0.000000e+00 0.000000e+00 1.901238e-07 -1.625975e-22 -1.625975e-22 -3.927200e-05
0.000000e+00 0.000000e+00 1.242773e-07 -1.541052e-22 -1.541052e-22 -4.847429e-05
0.000000e+00 0.000000e+00 4.470098e-08 -1.531828e-22 -1.531828e-22 -5.741055e-05
0.000000e+00 0.000000e+00 -4.795436e-08 -1.125283e-22 -1.125283e-22 -6.573241e-05
0.000000e+00 0.000000e+00 -1.524963e-07 -5.195673e-23 -5.195673e-23 -7.307215e-05
0.000000e+00 0.000000e+00 -2.671709e-07 -7.927110e-24 -7.927110e-24 -7.905555e-05
0.000000e+00 0.000000e+00 -3.896630e-07 -7.910329e-23 -7.910329e-23 -8.331658e-05
0.000000e+00 0.000000e+00 -5.171206e-07 -1.372640e-22 -1.372640e-22 -8.551325e-05
0.000000e+00 0.000000e+00 -6.462028e-07 -3.622325e-22 -3.622325e-22 -8.534402e-05
0.000000e+00 0.000000e+00 -7.731527e-07 -4.681049e-22 -4.681049e-22 -8.256424e-05
0.000000e+00 0.000000e+00 -8.938955e-07 -5.034566e-22 -5.034566e-22 -7.700160e-05
0.000000e+00 0.000000e+00 -1.004158e-06 -7.202835e-22 -7.202835e-22 -6.856991e-05
0.000000e+00 0.000000e+00 -1.099605e-06 -4.917472e-22 -4.917472e-22 -5.728039e-05
0.000000e+00 0.000000e+00 -1.175999e-06 -5.585070e-22 -5.585070e-22 -4.324976e-05
0.000000e+00 0.000000e+00 -1.229354e-06 2.051451e-12 2.051451e-12 -2.670437e-05
0.000000e+00 0.000000e+00 -1.256112e-06 6.154352e-12 6.154352e-12 -7.979999e-06
0.000000e+00 0.000000e+00 -1.253294e-06 8.867196e-12 8.867196e-12 1.248314e-05
0.000000e+00 0.000000e+00 -1.218662e-06 8.168596e-12 8.168596e-12 3.415013e-05
0.000000e+00 0.000000e+00 -1.150844e-06 4.787215e-12 4.787215e-12 5.640584e-05
0.000000e+00 0.000000e+00 -1.049445e-06 1.412977e-12 1.412977e-12 7.857372e-05
0.000000e+00 0.000000e+00 -9.151228e-07 -6.315893e-13 -6.315893e-13 9.993844e-05
0.000000e+00 0.000000e+00 -7.496293e-07 -6.249645e-13 -6.249645e-13 1.197714e-04
0.000000e+00 0.000000e+00 -5.558085e-07 3.484302e-12 3.484302e-12 1.373583e-04
0.000000e+00 0.000000e+00 -3.375544e-07 1.099735e-11 1.099735e-11 1.520274e-04
0.000000e+00 0.000000e+00 -9.972621e-08 1.780440e-11 1.780440e-11 1.631777e-04
0.000000e+00 0.000000e+00 1.519786e-07 1.848105e-11 1.848105e-11 1.703048e-04
0.000000e+00 0.000000e+00 4.111881e-07 9.638072e-12 9.638072e-12 1.730245e-04
0.000000e+00 0.000000e+00 6.710522e-07 -3.278371e-12 -3.278371e-12 1.710922e-04
0.000000e+00 0.000000e+00 9.244646e-07 -1.550310e-11 -1.550310e-11 1.644164e-04
0.000000e+00 0.000000e+00 1.164301e-06 -2.367676e-11 -2.367676e-11 1.530675e-04
0.000000e+00 0.000000e+00 1.383667e-06 -2.438985e-11 -2.438985e-11 1.372791e-04
0.000000e+00 0.000000e+00 1.576139e-06 -1.827367e-11 -1.827367e-11 1.174432e-04
0.000000e+00 0.000000e+00 1.735997e-06 -6.665581e-12 -6.665581e-12 9.409836e-05
0.000000e+00 0.000000e+00 1.858434e-06 7.647178e-12 7.647178e-12 6.791215e-05
0.000000e+00 0.000000e+00 1.939733e-06 2.329746e-11 2.329746e-11 3.965732e-05
0.000000e+00 0.000000e+00 1.977406e-06 3.488329e-11 3.488329e-11 1.018403e-05
0.000000e+00 0.000000e+00 1.970285e-06 3.830993e-11 3.830993e-11 -1.961163e-05
1.136868e-13 1.136868e-13 1.918571e-06 2.542711e-11 2.542711e-11 -4.882106e-05
1.136868e-13 1.136868e-13 1.823822e-06 -3.758279e-12 -3.758279e-12 -7.655720e-05
1.136868e-13 1.136868e-13 1.688899e-06 -3.634031e-11 -3.634031e-11 -1.019875e-04
1.136868e-13 1.136868e-13 1.517859e-06 -6.758265e-11 -6.758265e-11 -1.243649e-04
0.000000e+00 0.000000e+00 1.315805e-06 -8.529559e-11 -8.529559e-11 -1.430543e-04
-1.136868e-13 -1.136868e-13 1.088697e-06 -7.854509e-11 -7.854509e-11 -1.575553e-04
-2.273737e-13 -2.273737e-13 8.431390e-07 -4.794697e-11 -4.794697e-11 -1.675182e-04
-3.410605e-13 -3.410605e-13 5.861419e-07 5.118683e-12 5.118683e-12 -1.727544e-04
-3.410605e-13 -3.410605e-13 3.248757e-07 6.700288e-11 6.700288e-11 -1.732393e-04
-2.273737e-13 -2.273737e-13 6.642392e-08 1.166351e-10 1.166351e-10 -1.691092e-04
0.000000e+00 0.000000e+00 -1.824520e-07 1.349994e-10 1.349994e-10 -1.606514e-04
2.273737e-13 2.273737e-13 -4.155303e-07 1.125857e-10 1.125857e-10 -1.482885e-04
3.410605e-13 3.410605e-13 -6.273177e-07 6.093158e-11 6.093158e-11 -1.325584e-04
4.547474e-13 4.547474e-13 -8.132055e-07 -9.093981e-12 -9.093981e-12 -1.140891e-04
3.410605e-13 3.410605e-13 -9.695850e-07 -7.777549e-11 -7.777549e-11 -9.357231e-05
2.273737e-13 2.273737e-13 -1.093922e-06 -1.233812e-10 -1.233812e-10 -7.173480e-05
0.000000e+00 0.000000e+00 -1.184789e-06 -1.342821e-10 -1.342821e-10 -4.930981e-05
-2.273737e-13 -2.273737e-13 -1.241852e-06 -1.043291e-10 -1.043291e-10 -2.700976e-05
-3.410605e-13 -3.410605e-13 -1.265819e-06 -4.720841e-11 -4.720841e-11 -5.501179e-06
-4.547474e-13 -4.547474e-13 -1.258355e-06 2.550971e-11 2.550971e-11 1.461720e-05
-3.410605e-13 -3.410605e-13 -1.221967e-06 9.346964e-11 9.346964e-11 3.283231e-05
-2.273737e-13 -2.273737e-13 -1.159859e-06 1.376460e-10 1.376460e-10 4.873008e-05
0.000000e+00 0.000000e+00 -1.075777e-06 1.492041e-10 1.492041e-10 6.200397e-05
2.273737e-13 2.273737e-13 -9.738467e-07 1.247226e-10 1.247226e-10 7.245871e-05
4.547474e-13 4.547474e-13 -8.584009e-07 7.104883e-11 7.104883e-11 8.000924e-05
5.684342e-13 5.684342e-13 -7.338190e-07 -3.711351e-12 -3.711351e-12 8.467537e-05
4.547474e-13 4.547474e-13 -6.043747e-07 -7.376633e-11 -7.376633e-11 8.657265e-05
3.410605e-13 3.410605e-13 -4.741009e-07 -1.207287e-10 -1.207287e-10 8.590009e-05
1.136868e-13 1.136868e-13 -3.466744e-07 -1.378092e-10 -1.378092e-10 8.292560e-05
-1.136868e-13 -1.136868e-13 -2.253241e-07 -1.228785e-10 -1.228785e-10 7.796987e-05
-3.410605e-13 -3.410605e-13 -1.127648e-07 -7.867055e-11 -7.867055e-11 7.138961e-05
-4.547474e-13 -4.547474e-13 -1.115529e-08 -1.204931e-11 -1.204931e-11 6.356087e-05
-4.547474e-13 -4.547474e-13 7.791778e-08 5.793669e-11 5.793669e-11 5.486315e-05
-3.410605e-13 -3.410605e-13 1.534341e-07 1.102784e-10 1.102784e-10 4.566505e-05
-2.273737e-13 -2.273737e-13 2.149129e-07 1.320762e-10 1.320762e-10 3.631169e-05
0.000000e+00 0.000000e+00 2.623692e-07 1.151182e-10 1.151182e-10 2.711449e-05
2.273737e-13 2.273737e-13 2.962564e-07 5.802598e-11 5.802598e-11 1.834334e-05
3.410605e-13 3.410605e-13 3.173993e-07 -2.359732e-11 -2.359732e-11 1.022126e-05
2.273737e-13 2.273737e-13 3.269204e-07 -9.710708e-11 -9.710708e-11 2.921645e-06
1.136868e-13 1.136868e-13 3.261644e-07 -1.365790e-10 -1.365790e-10 -3.432322e-06
-1.136868e-13 -1.136868e-13 3.166234e-07 -1.325112e-10 -1.325112e-10 -8.766076e-06
-3.410605e-13 -3.410605e-13 2.998661e-07 -8.224585e-11 -8.224585e-11 -1.305038e-05
-4.547474e-13 -4.547474e-13 2.774722e-07 2.017221e-12 2.017221e-12 -1.629654e-05
-3.410605e-13 -3.410605e-13 2.509763e-07 8.699956e-11 8.699956e-11 -1.855064e-05
-2.273737e-13 -2.273737e-13 2.218202e-07 1.448071e-10 1.448071e-10 -1.988705e-05
0.000000e+00 0.000000e+00 1.913151e-07 1.624506e-10 1.624506e-10 -2.040173e-05
2.273737e-13 2.273737e-13 1.606149e-07 1.345260e-10 1.345260e-10 -2.020543e-05
4.547474e-13 4.547474e-13 1.306988e-07 6.586788e-11 6.586788e-11 -1.941740e-05
4.547474e-13 4.547474e-13 1.023627e-07 -1.976334e-11 -1.976334e-11 -1.815953e-05
3.410605e-13 3.410605e-13 7.622020e-08 -8.914248e-11 -8.914248e-11 -1.655130e-05
2.273737e-13 2.273737e-13 5.270886e-08 -1.252212e-10 -1.252212e-10 -1.470558e-05
0.000000e+00 0.000000e+00 3.210357e-08 -1.190768e-10 -1.190768e-10 -1.272535e-05
-2.273737e-13 -2.273737e-13 1.453293e-08 -6.873163e-11 -6.873163e-11 -1.070132e-05
-3.410605e-13 -3.410605e-13 -4.547474e-13 9.435667e-12 9.435667e-12 -8.710429e-06
-2.273737e-13 -2.273737e-13 -1.159844e-08 8.150692e-11 8.150692e-11 -6.815145e-06
-1.136868e-13 -1.136868e-13 -2.044590e-08 1.229974e-10 1.229974e-10 -5.063496e-06
1.136868e-13 1.136868e-13 -2.678883e-08 1.175442e-10 1.175442e-10 -3.489658e-06
3.410605e-13 3.410605e-13 -3.091475e-08 6.039566e-11 6.039566e-11 -2.115001e-06
3.410605e-13 3.410605e-13 -3.313392e-08 -1.985335e-11 -1.985335e-11 -9.495219e-07
2.273737e-13 2.273737e-13 -3.376340e-08 -9.052363e-11 -9.052363e-11 6.486937e-09
1.136868e-13 1.136868e-13 -3.311436e-08 -1.366936e-10 -1.366936e-10 7.606745e-07
-1.136868e-13 -1.136868e-13 -3.148136e-08 -1.414515e-10 -1.414515e-10 1.326850e-06
-3.410605e-13 -3.410605e-13 -2.913384e-08 -9.457321e-11 -9.457321e-11 1.723242e-06
-4.547474e-13 -4.547474e-13 -2.631157e-08 -1.228657e-11 -1.228657e-11 1.970915e-06
-3.410605e-13 -3.410605e-13 -2.322099e-08 7.001714e-11 7.001714e-11 2.092362e-06
-2.273737e-13 -2.273737e-13 -2.003435e-08 1.264848e-10 1.264848e-10 2.110312e-06
0.000000e+00 0.000000e+00 -1.689000e-08 1.414361e-10 1.414361e-10 2.046766e-06
2.273737e-13 2.273737e-13 -1.389412e-08 1.067217e-10 1.067217e-10 1.922243e-06
3.410605e-13 3.410605e-13 -1.112335e-08 3.602156e-11 3.602156e-11 1.755229e-06
2.273737e-13 2.273737e-13 -8.628376e-09 -3.736944e-11 -3.736944e-11 1.561846e-06
2.273737e-13 2.273737e-13 -6.437745e-09 -9.516216e-11 -9.516216e-11 1.355706e-06
1.136868e-13 1.136868e-13 -4.561343e-09 -1.298935e-10 -1.298935e-10 1.147895e-06
-1.136868e-13 -1.136868e-13 -2.994170e-09 -1.224481e-10 -1.224481e-10 9.470292e-07
-3.410605e-13 -3.410605e-13 -1.720309e-09 -6.668479e-11 -6.668479e-11 7.594497e-07
-3.410605e-13 -3.410605e-13 -7.158860e-10 1.154543e-11 1.154543e-11 5.894700e-07
-2.273737e-13 -2.273737e-13 4.808953e-11 7.615370e-11 7.615370e-11 4.396476e-07
-1.136868e-13 -1.136868e-13 6.031087e-10 1.074185e-10 1.074185e-10 3.110808e-07
0.000000e+00 0.000000e+00 9.813448e-10 1.006349e-10 1.006349e-10 2.037044e-07
1.136868e-13 1.136868e-13 1.214289e-09 6.120511e-11 6.120511e-11 1.165598e-07
2.273737e-13 2.273737e-13 1.331159e-09 -6.789310e-13 -6.789310e-13 4.805348e-08
2.273737e-13 2.273737e-13 1.358444e-09 -6.394765e-11 -6.394765e-11 -3.804730e-09
1.136868e-13 1.136868e-13 1.319677e-09 -1.034048e-10 -1.034048e-10 -4.121941e-08
0.000000e+00 0.000000e+00 1.234753e-09 -1.026951e-10 -1.026951e-10 -6.645049e-08
-1.136868e-13 -1.136868e-13 1.120270e-09 -6.117242e-11 -6.117242e-11 -8.169279e-08
-2.273737e-13 -2.273737e-13 9.896439e-10 8.228773e-12 8.228773e-12 -8.900335e-08
-1.136868e-13 -1.136868e-13 8.533334e-10 7.421781e-11 7.553982e-11 -9.024406e-08
0.000000e+00 0.000000e+00 7.189556e-10 1.082688e-10 1.142559e-10 -8.703557e-08
1.136868e-13 2.273737e-13 5.921947e-10 1.049085e-10 1.094558e-10 -8.076298e-08
2.273737e-13 3.410605e-13 4.765752e-10 6.821027e-11 6.247010e-11 -7.258800e-08
3.410605e-13 4.547474e-13 3.742571e-10 7.042872e-12 -1.100531e-11 -6.344870e-08
3.410605e-13 3.410605e-13 2.861498e-10 -5.892870e-11 -8.378057e-11 -5.408442e-08
2.273737e-13 2.273737e-13 2.119123e-10 -1.045212e-10 -1.306955e-10 -4.502987e-08
1.136868e-13 0.000000e+00 1.509761e-10 -1.208177e-10 -1.429242e-10 -3.663839e-08
-1.136868e-13 -2.273737e-13 1.020908e-10 -1.010441e-10 -1.116788e-10 -2.911846e-08
-2.273737e-13 -3.410605e-13 6.377832e-11 -4.999644e-11 -4.912817e-11 -2.255000e-08
-3.410605e-13 -4.547474e-13 3.444711e-11 1.529874e-11 2.842178e-11 -1.691579e-08
-3.410605e-13 -3.410605e-13 1.296030e-11 7.716275e-11 9.708714e-11 -1.216509e-08
-2.273737e-13 -2.273737e-13 -2.160050e-12 1.097601e-10 1.317015e-10 -8.238891e-09
-1.136868e-13 0.000000e+00 -1.193712e-11 1.056546e-10 1.255200e-10 -5.074176e-09
0.000000e+00 2.273737e-13 -1.750777e-11 7.306676e-11 8.196757e-11 -2.627934e-09
1.136868e-13 3.410605e-13 -1.989520e-11 2.546380e-11 2.212821e-11 -8.587879e-10
1.136868e-13 3.410605e-13 -2.000888e-11 -1.672504e-11 -3.158110e-11 2.900791e-10
1.136868e-13 3.410605e-13 -1.887202e-11 -3.846639e-11 -7.098727e-11 9.116338e-10
0.000000e+00 2.273737e-13 -1.716671e-11 -3.097114e-11 -8.795469e-11 1.142813e-09
0.000000e+00 1.136868e-13 -1.546141e-11 -2.368696e-12 -8.117977e-11 1.145225e-09
0.000000e+00 0.000000e+00 -1.375611e-11 2.757433e-11 -6.356002e-11 1.062320e-09
0.000000e+00 -1.136868e-13 -1.227818e-11 5.003430e-11 -4.384471e-11 9.971562e-10
1.136868e-13 -2.273737e-13 -1.080025e-11 5.008330e-11 -2.748244e-11 1.002611e-09
2.273737e-13 -2.273737e-13 -9.322321e-12 1.472459e-11 -2.205243e-11 1.077069e-09
2.273737e-13 -2.273737e-13 -7.617018e-12 -4.509778e-11 -2.815311e-11 1.175664e-09
1.136868e-13 -2.273737e-13 -5.684342e-12 -1.041956e-10 -3.561560e-11 1.219990e-09
0.000000e+00 -2.273737e-13 -3.865352e-12 -1.456509e-10 -3.562361e-11 1.155478e-09
-2.273737e-13 -2.273737e-13 -2.273737e-12 -1.565363e-10 -2.269003e-11 9.738867e-10
-4.547474e-13 -2.273737e-13 -1.023182e-12 -1.239147e-10 5.170095e-12 6.990390e-10
-6.821210e-13 -2.273737e-13 -2.273737e-13 -4.505853e-11 4.322760e-11 3.928524e-10
-6.821210e-13 -1.136868e-13 1.136868e-13 6.029892e-11 7.384043e-11 1.319561e-10
-4.547474e-13 0.000000e+00 2.273737e-13 1.507231e-10 8.062359e-11 -3.200936e-11
-2.273737e-13 1.136868e-13 1.136868e-13 2.044376e-10 6.293119e-11 -7.920190e-11
1.136868e-13 2.273737e-13 0.000000e+00 2.139025e-10 2.560267e-11 -2.523798e-11
4.547474e-13 2.273737e-13 1.136868e-13 1.731029e-10 -1.649496e-11 7.163792e-11
6.821210e-13 2.273737e-13 3.410605e-13 9.087241e-11 -4.703683e-11 1.424311e-10
6.821210e-13 1.136868e-13 5.684342e-13 -5.026614e-12 -5.517674e-11 1.452059e-10
5.684342e-13 0.000000e+00 7.958079e-13 -8.324766e-11 -3.342696e-11 6.747827e-11
4.547474e-13 0.000000e+00 7.958079e-13 -1.335498e-10 9.419573e-12 -6.236343e-11
2.273737e-13 0.000000e+00 5.684342e-13 -1.484963e-10 5.428165e-11 -1.820561e-10
0.000000e+00 1.136868e-13 2.273737e-13 -1.226524e-10 7.878530e-11 -2.358143e-10
-2.273737e-13 2.273737e-13 -1.136868e-13 -6.145213e-11 6.793689e-11 -1.940474e-10
-2.273737e-13 3.410605e-13 -3.410605e-13 9.976426e-12 2.035504e-11 -6.167668e-11
-2.273737e-13 3.410605e-13 -3.410605e-13 6.509155e-11 -4.962668e-11 1.232156e-10
-1.136868e-13 2.273737e-13 0.000000e+00 9.028654e-11 -1.182880e-10 2.948872e-10
0.000000e+00 0.000000e+00 5.684342e-13 7.734321e-11 -1.624794e-10 3.799952e-10
1.136868e-13 -2.273737e-13 1.136868e-12 3.038761e-11 -1.672218e-10 3.392132e-10
1.136868e-13 -4.547474e-13 1.477929e-12 -3.760539e-11 -1.311921e-10 1.829134e-10
1.136868e-13 -6.821210e-13 1.591616e-12 -1.083400e-10 -5.979347e-11 -4.603252e-11
0.000000e+00 -6.821210e-13 1.250555e-12 -1.621077e-10 2.590299e-11 -2.712926e-10
-2.273737e-13 -5.684342e-13 6.821210e-13 -1.744106e-10 1.007069e-10 -4.118713e-10
-4.547474e-13 -4.547474e-13 0.000000e+00 -1.363623e-10 1.523675e-10 -4.181118e-10
-6.821210e-13 -2.273737e-13 -6.821210e-13 -5.403660e-11 1.693836e-10 -2.777003e-10
-6.821210e-13 0.000000e+00 -1.023182e-12 5.075045e-11 1.517889e-10 -3.138074e-11
-4.547474e-13 2.273737e-13 -7.958079e-13 1.364354e-10 1.103608e-10 2.277589e-10
-2.273737e-13 3.410605e-13 -2.273737e-13 1.813147e-10 5.530105e-11 3.997860e-10
0.000000e+00 4.547474e-13 4.547474e-13 1.854156e-10 -3.147857e-12 4.310497e-10
2.273737e-13 4.547474e-13 1.136868e-12 1.520872e-10 -5.411963e-11 3.141162e-10
4.547474e-13 3.410605e-13 1.477929e-12 8.750019e-11 -8.535163e-11 9.041294e-11
4.547474e-13 2.273737e-13 1.364242e-12 1.542341e-11 -9.415024e-11 -1.564191e-10
4.547474e-13 1.136868e-13 9.094947e-13 -4.172493e-11 -8.322880e-11 -3.372741e-10
3.410605e-13 0.000000e+00 3.410605e-13 -7.227465e-11 -5.737196e-11 -3.964317e-10
2.273737e-13 -1.136868e-13 -2.273737e-13 -6.952294e-11 -2.200228e-11 -3.202589e-10
1.136868e-13 -1.136868e-13 -5.684342e-13 -4.579064e-11 1.135817e-11 -1.352936e-10
0.000000e+00 -1.136868e-13 -6.821210e-13 -1.049445e-11 3.316389e-11 9.990055e-11
0.000000e+00 -1.136868e-13 -3.410605e-13 2.148073e-11 4.536192e-11 3.071871e-10
0.000000e+00 0.000000e+00 2.273737e-13 3.376799e-11 4.327574e-11 4.165702e-10
0.000000e+00 1.136868e-13 7.958079e-13 2.357754e-11 2.148992e-11 3.995127e-10
0.000000e+00 1.136868e-13 1.250555e-12 -6.364276e-12 -1.056524e-11 2.668812e-10
0.000000e+00 1.136868e-13 1.591616e-12 -4.514905e-11 -4.119470e-11 5.604986e-11
-1.136868e-13 0.000000e+00 1.477929e-12 -7.098858e-11 -5.677194e-11 -1.649711e-10
-2.273737e-13 -1.136868e-13 1.136868e-12 -6.488085e-11 -4.789335e-11 -3.186564e-10
-3.410605e-13 -2.273737e-13 5.684342e-13 -2.138923e-11 -1.596862e-11 -3.587961e-10
-3.410605e-13 -2.273737e-13 0.000000e+00 4.593063e-11 3.027128e-11 -2.724795e-10
-2.273737e-13 -2.273737e-13 -3.410605e-13 1.146129e-10 8.403772e-11 -9.163180e-11
0.000000e+00 -1.136868e-13 -3.410605e-13 1.588255e-10 1.343857e-10 1.129960e-10
2.273737e-13 1.136868e-13 -1.136868e-13 1.568103e-10 1.547834e-10 2.713614e-10
4.547474e-13 3.410605e-13 4.547474e-13 9.831415e-11 1.316752e-10 3.230365e-10
4.547474e-13 5.684342e-13 9.094947e-13 -4.372662e-12 6.235939e-11 2.448693e-10
3.410605e-13 5.684342e-13 1.136868e-12 -1.192760e-10 -4.302111e-11 7.490449e-11
0.000000e+00 3.410605e-13 1.136868e-12 -2.077108e-10 -1.497594e-10 -1.269680e-10
-3.410605e-13 0.000000e+00 7.958079e-13 -2.383964e-10 -2.211734e-10 -2.928183e-10
-6.821210e-13 -3.410605e-13 2.273737e-13 -1.983242e-10 -2.416188e-10 -3.614242e-10
-9.094947e-13 -6.821210e-13 -3.410605e-13 -9.020135e-11 -2.042711e-10 -3.042791e-10
-9.094947e-13 -1.023182e-12 -6.821210e-13 5.940570e-11 -1.043872e-10 -1.350154e-10
-6.821210e-13 -1.023182e-12 -7.958079e-13 2.137605e-10 3.358018e-11 1.042583e-10
-2.273737e-13 -9.094947e-13 -4.547474e-13 3.273197e-10 1.749756e-10 3.523459e-10
3.410605e-13 -5.684342e-13 3.410605e-13 3.592905e-10 2.871212e-10 5.304575e-10
9.094947e-13 0.000000e+00 1.250555e-12 2.906724e-10 3.312930e-10 5.875517e-10
1.250555e-12 4.547474e-13 2.160050e-12 1.350427e-10 2.973243e-10 5.175325e-10
1.364242e-12 9.094947e-13 2.842171e-12 -6.553331e-11 1.946765e-10 3.462629e-10
1.136868e-12 1.136868e-12 3.296918e-12 -2.558937e-10 4.577268e-11 1.145090e-10
6.821210e-13 1.136868e-12 3.296918e-12 -3.802847e-10 -1.105824e-10 -1.213371e-10
0.000000e+00 9.094947e-13 2.955858e-12 -3.951822e-10 -2.356519e-10 -2.994366e-10
-5.684342e-13 4.547474e-13 2.387424e-12 -2.937865e-10 -2.961549e-10 -3.810520e-10
-9.094947e-13 0.000000e+00 1.818989e-12 -1.102250e-10 -2.811648e-10 -3.566401e-10
-9.094947e-13 -4.547474e-13 1.250555e-12 9.370629e-11 -1.961581e-10 -2.349578e-10
-6.821210e-13 -6.821210e-13 1.023182e-12 2.582418e-10 -6.770415e-11 -5.206634e-11
-2.273737e-13 -6.821210e-13 1.023182e-12 3.384895e-10 6.486184e-11 1.375598e-10
2.273737e-13 -4.547474e-13 1.364242e-12 3.113266e-10 1.634664e-10 2.850457e-10
5.684342e-13 -2.273737e-13 1.932676e-12 1.909820e-10 2.070021e-10 3.468696e-10
7.958079e-13 1.136868e-13 2.501110e-12 1.218076e-11 1.913839e-10 3.005871e-10
6.821210e-13 4.547474e-13 2.842171e-12 -1.672539e-10 1.185849e-10 1.557670e-10
3.410605e-13 5.684342e-13 2.955858e-12 -2.902774e-10 1.926246e-11 -6.117336e-11
-2.273737e-13 4.547474e-13 2.614797e-12 -3.133834e-10 -6.370100e-11 -3.113900e-10
-6.821210e-13 3.410605e-13 1.932676e-12 -2.263501e-10 -1.071464e-10 -5.534047e-10
-9.094947e-13 2.273737e-13 9.094947e-13 -6.519963e-11 -1.097949e-10 -7.580781e-10
-9.094947e-13 1.136868e-13 -3.410605e-13 1.176399e-10 -8.122787e-11 -9.083688e-10
-5.684342e-13 0.000000e+00 -1.818989e-12 2.603535e-10 -3.431079e-11 -1.002887e-09
-1.136868e-13 0.000000e+00 -3.296918e-12 3.222529e-10 9.927341e-12 -1.061385e-09
3.410605e-13 0.000000e+00 -4.888534e-12 2.937025e-10 3.307178e-11 -1.113071e-09
7.958079e-13 0.000000e+00 -6.593837e-12 1.814906e-10 2.964358e-11 -1.174254e-09
9.094947e-13 0.000000e+00 -8.299139e-12 2.919120e-11 4.241451e-13 -1.266025e-09
7.958079e-13 0.000000e+00 -1.034550e-11 -1.054072e-10 -4.716192e-11 -1.385647e-09
5.684342e-13 -1.136868e-13 -1.250555e-11 -1.897184e-10 -9.073865e-11 -1.513443e-09
2.273737e-13 -2.273737e-13 -1.489298e-11 -2.087678e-10 -1.078391e-10 -1.635120e-09
-1.136868e-13 -3.410605e-13 -1.750777e-11 -1.638845e-10 -9.293976e-11 -1.723523e-09
-3.410605e-13 -4.547474e-13 -2.012257e-11 -7.957310e-11 -4.400455e-11 -1.756227e-09
-3.410605e-13 -5.684342e-13 -2.273737e-11 1.290502e-12 3.348814e-11 -1.721552e-09
-3.410605e-13 -4.547474e-13 -2.535216e-11 4.880639e-11 1.123892e-10 -1.604548e-09
-2.273737e-13 -3.410605e-13 -2.762590e-11 5.214628e-11 1.695308e-10 -1.402574e-09
-1.136868e-13 -1.136868e-13 -2.955858e-11 1.336914e-11 1.933123e-10 -1.123747e-09
-1.136868e-13 2.273737e-13 -3.103651e-11 -3.899574e-11 1.640905e-10 -7.687927e-10
-2.273737e-13 4.547474e-13 -3.183231e-11 -6.962021e-11 8.458609e-11 -3.445605e-10
-3.410605e-13 4.547474e-13 -3.205969e-11 -5.735960e-11 -9.910617e-12 1.511146e-10
-4.547474e-13 3.410605e-13 -3.137757e-11 1.805120e-12 -8.743073e-11 7.162131e-10
-3.410605e-13 2.273737e-13 -2.989964e-11 8.337365e-11 -1.350089e-10 1.340436e-09
-1.136868e-13 0.000000e+00 -2.739853e-11 1.493603e-10 -1.431136e-10 2.011594e-09
1.136868e-13 -2.273737e-13 -2.376055e-11 1.738258e-10 -1.077140e-10 2.698458e-09
3.410605e-13 -3.410605e-13 -1.909939e-11 1.438814e-10 -4.927625e-11 3.369027e-09
5.684342e-13 -4.547474e-13 -1.364242e-11 5.486024e-11 1.188439e-11 4.017137e-09
5.684342e-13 -4.547474e-13 -7.162271e-12 -7.158126e-11 6.628301e-11 4.642771e-09
3.410605e-13 -3.410605e-13 2.273737e-13 -1.899337e-10 9.888652e-11 5.241189e-09
-1.136868e-13 -2.273737e-13 8.526513e-12 -2.498261e-10 1.056270e-10 5.811090e-09
-4.547474e-13 -1.136868e-13 1.773515e-11 -2.240810e-10 9.535026e-11 6.339507e-09
-7.958079e-13 0.000000e+00 2.762590e-11 -1.160528e-10 8.038275e-11 6.813489e-09
-9.094947e-13 1.136868e-13 3.819878e-11 5.394783e-11 7.022450e-11 7.211310e-09
-6.821210e-13 2.273737e-13 4.922640e-11 2.307703e-10 6.685942e-11 7.498956e-09
-2.273737e-13 3.410605e-13 6.059508e-11 3.524710e-10 6.689037e-11 7.627446e-09
4.547474e-13 4.547474e-13 7.207746e-11 3.708248e-10 5.877172e-11 7.530177e-09
1.023182e-12 5.684342e-13 8.321877e-11 2.715727e-10 2.958999e-11 7.158244e-09
1.364242e-12 5.684342e-13 9.356427e-11 7.919162e-11 -2.410220e-11 6.494598e-09
1.250555e-12 5.684342e-13 1.027729e-10 -1.519225e-10 -1.015814e-10 5.539894e-09
7.958079e-13 3.410605e-13 1.102762e-10 -3.503800e-10 -1.892195e-10 4.320685e-09
1.136868e-13 0.000000e+00 1.157332e-10 -4.638421e-10 -2.619323e-10 2.898225e-09
-5.684342e-13 -3.410605e-13 1.189164e-10 -4.692509e-10 -3.014025e-10 1.349313e-09
-1.250555e-12 -7.958079e-13 1.197122e-10 -3.625226e-10 -2.865164e-10 -2.465668e-10
-1.705303e-12 -1.250555e-12 1.181206e-10 -1.647143e-10 -1.975424e-10 -1.828246e-09
-1.705303e-12 -1.477929e-12 1.142553e-10 7.046926e-11 -3.994663e-11 -3.363757e-09
-1.364242e-12 -1.477929e-12 1.081162e-10 2.859251e-10 1.544595e-10 -4.830661e-09
-7.958079e-13 -1.136868e-12 9.981704e-11 4.395145e-10 3.373496e-10 -6.207797e-09
0.000000e+00 -5.684342e-13 8.947154e-11 4.993204e-10 4.603815e-10 -7.474717e-09
7.958079e-13 2.273737e-13 7.730705e-11 4.497003e-10 4.855418e-10 -8.602187e-09
1.364242e-12 9.094947e-13 6.366463e-11 3.062776e-10 4.032752e-10 -9.556931e-09
1.705303e-12 1.364242e-12 4.865797e-11 1.003493e-10 2.360273e-10 -1.028524e-08
1.591616e-12 1.591616e-12 3.274181e-11 -1.226173e-10 1.716690e-11 -1.070677e-08
1.250555e-12 1.364242e-12 1.648459e-11 -3.177494e-10 -1.989587e-10 -1.074676e-08
6.821210e-13 9.094947e-13 4.547474e-13 -4.515955e-10 -3.600547e-10 -1.033863e-08
-1.136868e-13 2.273737e-13 -1.455192e-11 -4.895925e-10 -4.347832e-10 -9.432766e-09
-7.958079e-13 -4.547474e-13 -2.773959e-11 -4.223362e-10 -4.102591e-10 -8.004026e-09
-1.364242e-12 -1.023182e-12 -3.853984e-11 -2.646430e-10 -2.973967e-10 -6.040125e-09
-1.591616e-12 -1.364242e-12 -4.592948e-11 -4.776306e-11 -1.226705e-10 -3.559429e-09
-1.477929e-12 -1.477929e-12 -4.922640e-11 1.738489e-10 7.651692e-11 -6.143656e-10
-1.136868e-12 -1.250555e-12 -4.774847e-11 3.492049e-10 2.538858e-10 2.715552e-09
-4.547474e-13 -7.958079e-13 -4.104095e-11 4.320794e-10 3.673635e-10 6.325555e-09
2.273737e-13 -2.273737e-13 -2.876277e-11 3.973989e-10 3.972299e-10 1.009461e-08
6.821210e-13 3.410605e-13 -1.080025e-11 2.722871e-10 3.489012e-10 1.389091e-08
1.023182e-12 7.958079e-13 1.284661e-11 9.477762e-11 2.407642e-10 1.756827e-08
1.023182e-12 1.023182e-12 4.195044e-11 -9.214618e-11 1.020238e-10 2.095667e-08
7.958079e-13 1.023182e-12 7.582912e-11 -2.341886e-10 -3.398137e-11 2.388271e-08
3.410605e-13 9.094947e-13 1.136868e-10 -2.899814e-10 -1.447978e-10 2.617497e-08
-1.136868e-13 5.684342e-13 1.543867e-10 -2.478975e-10 -2.106705e-10 2.766077e-08
-3.410605e-13 2.273737e-13 1.966782e-10 -1.377747e-10 -2.221286e-10 2.817148e-08
-4.547474e-13 -1.136868e-13 2.389697e-10 -5.852713e-12 -1.887640e-10 2.754799e-08
-3.410605e-13 -3.410605e-13 2.793286e-10 9.956109e-11 -1.323067e-10 2.565904e-08
-1.136868e-13 -5.684342e-13 3.159357e-10 1.410785e-10 -6.639282e-11 2.238972e-08
1.136868e-13 -6.821210e-13 3.465175e-10 1.071306e-10 8.135507e-13 1.765230e-08
2.273737e-13 -6.821210e-13 3.689138e-10 1.468568e-11 5.990933e-11 1.140930e-08
1.136868e-13 -5.684342e-13 3.808509e-10 -8.864381e-11 1.054300e-10 3.667531e-09
-1.136868e-13 -4.547474e-13 3.799414e-10 -1.512385e-10 1.400287e-10 -5.498197e-09
-3.410605e-13 -2.273737e-13 3.642526e-10 -1.431432e-10 1.664562e-10 -1.594642e-08
-5.684342e-13 0.000000e+00 3.320793e-10 -5.748880e-11 1.827202e-10 -2.750103e-08
-5.684342e-13 2.273737e-13 2.817160e-10 7.852432e-11 1.861167e-10 -3.994028e-08
-3.410605e-13 4.547474e-13 2.121396e-10 2.118321e-10 1.677782e-10 -5.299696e-08
1.136868e-13 6.821210e-13 1.226681e-10 2.886798e-10 1.175194e-10 -6.637732e-08
5.684342e-13 9.094947e-13 1.296030e-11 2.730451e-10 2.649089e-11 -7.974807e-08
1.023182e-12 7.958079e-13 -1.166427e-10 1.581290e-10 -8.969465e-11 -9.272375e-08
1.136868e-12 5.684342e-13 -2.652314e-10 -2.608340e-11 -2.018050e-10 -1.048644e-07
1.023182e-12 1.136868e-13 -4.313279e-10 -2.265855e-10 -2.786250e-10 -1.156668e-07
5.684342e-13 -3.410605e-13 -6.123173e-10 -3.815854e-10 -2.922840e-10 -1.245978e-07
-1.136868e-13 -7.958079e-13 -8.051302e-10 -4.292181e-10 -2.290961e-10 -1.311196e-07
-7.958079e-13 -1.023182e-12 -1.005674e-09 -3.442616e-10 -9.862445e-11 -1.347105e-07
-1.250555e-12 -1.023182e-12 -1.209173e-09 -1.485223e-10 6.518414e-11 -1.349098e-07
-1.250555e-12 -7.958079e-13 -1.410285e-09 1.002698e-10 2.263324e-10 -1.313405e-07
-9.094947e-13 -3.410605e-13 -1.603098e-09 3.287379e-10 3.446732e-10 -1.237354e-07
-3.410605e-13 3.410605e-13 -1.781473e-09 4.694938e-10 3.787453e-10 -1.119408e-07
4.547474e-13 9.094947e-13 -1.938929e-09 4.728949e-10 3.176216e-10 -9.593171e-08
1.136868e-12 1.250555e-12 -2.069328e-09 3.314793e-10 1.871483e-10 -7.580788e-08
1.477929e-12 1.364242e-12 -2.166416e-09 9.009207e-11 1.998130e-11 -5.179243e-08
1.364242e-12 1.250555e-12 -2.224624e-09 -1.764460e-10 -1.471965e-10 -2.422813e-08
9.094947e-13 9.094947e-13 -2.239062e-09 -3.858163e-10 -2.756524e-10 6.439014e-09
2.273737e-13 3.410605e-13 -2.205297e-09 -4.735087e-10 -3.341088e-10 3.963435e-08
-4.547474e-13 -1.136868e-13 -2.120146e-09 -4.143863e-10 -3.144029e-10 7.464454e-08
-9.094947e-13 -5.684342e-13 -1.981334e-09 -2.301838e-10 -2.274035e-10 1.106129e-07
-1.023182e-12 -7.958079e-13 -1.788294e-09 1.525228e-11 -9.689224e-11 1.465581e-07
-7.958079e-13 -7.958079e-13 -1.541707e-09 2.450295e-10 3.699869e-11 1.814004e-07
-3.410605e-13 -6.821210e-13 -1.244189e-09 3.952098e-10 1.450370e-10 2.140076e-07
3.410605e-13 -3.410605e-13 -8.997176e-10 4.196528e-10 2.041384e-10 2.432482e-07
1.023182e-12 0.000000e+00 -5.144329e-10 3.000147e-10 2.007728e-10 2.680633e-07
1.364242e-12 3.410605e-13 -9.561063e-11 6.956302e-11 1.409976e-10 2.875188e-07
1.250555e-12 4.547474e-13 3.481091e-10 -1.921801e-10 4.715178e-11 3.008094e-07
6.821210e-13 4.547474e-13 8.068355e-10 -3.947895e-10 -5.215831e-11 3.072870e-07
0.000000e+00 2.273737e-13 1.269882e-09 -4.763619e-10 -1.214903e-10 3.064698e-07
-6.821210e-13 0.000000e+00 1.726221e-09 -4.225972e-10 -1.370573e-10 2.980366e-07
-1.250555e-12 -2.273737e-13 2.164029e-09 -2.492015e-10 -1.010241e-10 2.818567e-07
-1.477929e-12 -3.410605e-13 2.571824e-09 -5.127578e-12 -2.486735e-11 2.580167e-07
-1.250555e-12 -2.273737e-13 2.938123e-09 2.294108e-10 6.222686e-11 2.268409e-07
-7.958079e-13 0.000000e+00 3.252353e-09 3.904887e-10 1.268188e-10 1.889202e-07
-1.136868e-13 2.273737e-13 3.504965e-09 4.380703e-10 1.526009e-10 1.451066e-07
5.684342e-13 4.547474e-13 3.687774e-09 3.565290e-10 1.355836e-10 9.651737e-08
1.023182e-12 6.821210e-13 3.794526e-09 1.757094e-10 7.169472e-11 4.449073e-08
1.136868e-12 6.821210e-13 3.821242e-09 -4.388341e-11 -2.214414e-11 -9.496328e-09
9.094947e-13 5.684342e-13 3.766104e-09 -2.362422e-10 -1.139416e-10 -6.389605e-08
4.547474e-13 2.273737e-13 3.629566e-09 -3.456584e-10 -1.703382e-10 -1.171398e-07
-1.136868e-13 0.000000e+00 3.414584e-09 -3.449126e-10 -1.784659e-10 -1.677023e-07
-6.821210e-13 -2.273737e-13 3.126388e-09 -2.360478e-10 -1.458059e-10 -2.141664e-07
-9.094947e-13 -4.547474e-13 2.772026e-09 -5.994116e-11 -7.026950e-11 -2.552300e-07
-9.094947e-13 -4.547474e-13 2.360593e-09 1.208885e-10 2.628590e-11 -2.897262e-07
-5.684342e-13 -3.410605e-13 1.902777e-09 2.493941e-10 1.078058e-10 -3.166547e-07
-1.136868e-13 -2.273737e-13 1.410626e-09 2.861475e-10 1.594624e-10 -3.352145e-07
3.410605e-13 0.000000e+00 8.971028e-10 2.256439e-10 1.669590e-10 -3.448336e-07
5.684342e-13 2.273737e-13 3.760761e-10 9.915795e-11 1.207319e-10 -3.452226e-07
5.684342e-13 4.547474e-13 -1.385843e-10 -3.820523e-11 2.558184e-11 -3.364222e-07
3.410605e-13 3.410605e-13 -6.332357e-10 -1.354739e-10 -8.720774e-11 -3.188166e-07
1.136868e-13 1.136868e-13 -1.095145e-09 -1.647303e-10 -1.742083e-10 -2.931285e-07
-1.136868e-13 -1.136868e-13 -1.512717e-09 -1.232275e-10 -2.136425e-10 -2.603875e-07
-2.273737e-13 -4.547474e-13 -1.876401e-09 -2.391471e-11 -1.898489e-10 -2.218569e-07
-1.136868e-13 -7.958079e-13 -2.178353e-09 9.240111e-11 -9.739018e-11 -1.789485e-07
1.136868e-13 -7.958079e-13 -2.413231e-09 1.760448e-10 3.245819e-11 -1.331452e-07
3.410605e-13 -6.821210e-13 -2.577849e-09 1.991494e-10 1.561984e-10 -8.591664e-08
6.821210e-13 -3.410605e-13 -2.671072e-09 1.434117e-10 2.391440e-10 -3.867573e-08
7.958079e-13 0.000000e+00 -2.693923e-09 1.425056e-11 2.615655e-10 7.242579e-09
6.821210e-13 3.410605e-13 -2.649358e-09 -1.468562e-10 2.234668e-10 5.059865e-08
3.410605e-13 6.821210e-13 -2.542038e-09 -2.868730e-10 1.296606e-10 9.025757e-08
-2.273737e-13 7.958079e-13 -2.378442e-09 -3.521413e-10 6.649419e-12 1.252197e-07
-7.958079e-13 6.821210e-13 -2.166303e-09 -3.107413e-10 -1.048053e-10 1.546465e-07
-1.136868e-12 4.547474e-13 -1.914486e-09 -1.728160e-10 -1.747299e-10 1.778888e-07
-1.250555e-12 2.273737e-13 -1.632657e-09 2.775363e-11 -1.936905e-10 1.945290e-07
-1.136868e-12 -1.136868e-13 -1.330818e-09 2.494212e-10 -1.617203e-10 2.044045e-07
-6.821210e-13 -3.410605e-13 -1.019316e-09 4.336414e-10 -9.235418e-11 2.076337e-07
1.136868e-13 -3.410605e-13 -7.078143e-10 5.118398e-10 -1.962574e-11 2.045982e-07
9.094947e-13 -3.410605e-13 -4.055210e-10 4.513421e-10 3.605348e-11 1.959072e-07
1.477929e-12 -3.410605e-13 -1.201670e-10 2.704862e-10 7.273583e-11 1.823373e-07
1.705303e-12 -2.273737e-13 1.415401e-10 1.688754e-11 8.491632e-11 1.647534e-07
1.477929e-12 -1.136868e-13 3.741434e-10 -2.353905e-10 7.122975e-11 1.440741e-07
9.094947e-13 0.000000e+00 5.737775e-10 -4.087383e-10 4.064387e-11 1.212290e-07
2.273737e-13 1.136868e-13 7.379413e-10 -4.617544e-10 5.427184e-13 9.711026e-08
-4.547474e-13 1.136868e-13 8.651568e-10 -3.903896e-10 -3.415354e-11 7.257738e-08
-9.094947e-13 1.136868e-13 9.556516e-10 -2.204137e-10 -5.178614e-11 4.843337e-08
-1.136868e-12 0.000000e+00 1.010449e-09 -1.321139e-13 -4.564911e-11 2.539565e-08
-9.094947e-13 -1.136868e-13 1.031822e-09 2.045150e-10 -1.164277e-11 4.089094e-09
-4.547474e-13 -1.136868e-13 1.022727e-09 3.309888e-10 3.392205e-11 -1.498440e-08
1.136868e-13 -1.136868e-13 9.868018e-10 3.513677e-10 7.736182e-11 -3.146103e-08
6.821210e-13 0.000000e+00 9.282530e-10 2.622673e-10 1.099495e-10 -4.513401e-08
9.094947e-13 1.136868e-13 8.512870e-10 9.908891e-11 1.201705e-10 -5.594693e-08
9.094947e-13 3.410605e-13 7.603376e-10 -7.971470e-11 9.641199e-11 -6.398480e-08
6.821210e-13 4.547474e-13 6.593837e-10 -2.231640e-10 4.343672e-11 -6.944617e-08
2.273737e-13 5.684342e-13 5.520633e-10 -2.897748e-10 -2.448848e-11 -7.258536e-08
-2.273737e-13 5.684342e-13 4.416734e-10 -2.659364e-10 -1.012392e-10 -7.368590e-08
-6.821210e-13 3.410605e-13 3.310561e-10 -1.625576e-10 -1.616468e-10 -7.303275e-08
-7.958079e-13 1.136868e-13 2.225988e-10 -2.045054e-11 -1.921803e-10 -7.089390e-08
-6.821210e-13 -2.273737e-13 1.184617e-10 1.060033e-10 -1.921476e-10 -6.753517e-08
-4.547474e-13 -5.684342e-13 2.012257e-11 1.814809e-10 -1.527149e-10 -6.320611e-08
-2.273737e-13 -7.958079e-13 -7.116796e-11 1.957673e-10 -7.730361e-11 -5.813934e-08
1.136868e-13 -7.958079e-13 -1.543867e-10 1.488016e-10 1.304063e-11 -5.257355e-08
2.273737e-13 -6.821210e-13 -2.289653e-10 6.236893e-11 9.248765e-11 -4.673986e-08
2.273737e-13 -5.684342e-13 -2.946763e-10 -2.060011e-11 1.549481e-10 -4.083680e-08
2.273737e-13 -3.410605e-13 -3.515197e-10 -7.635956e-11 1.963452e-10 -3.501601e-08
1.136868e-13 0.000000e+00 -3.997229e-10 -9.337157e-11 2.010700e-10 -2.935366e-08
0.000000e+00 3.410605e-13 -4.395133e-10 -7.223654e-11 1.636790e-10 -2.384082e-08
-1.136868e-13 5.684342e-13 -4.712319e-10 -2.051811e-11 9.503093e-11 -1.838708e-08
-1.136868e-13 5.684342e-13 -4.947651e-10 4.408020e-11 1.890623e-11 -1.285159e-08
0.000000e+00 5.684342e-13 -5.098855e-10 9.102761e-11 -5.037091e-11 -7.088805e-09
1.136868e-13 4.547474e-13 -5.161382e-10 1.046451e-10 -1.087808e-10 -9.730135e-10
2.273737e-13 3.410605e-13 -5.128413e-10 8.287478e-11 -1.543223e-10 5.557072e-09
3.410605e-13 1.136868e-13 -4.995400e-10 2.845676e-11 -1.869163e-10 1.249737e-08
3.410605e-13 -1.136868e-13 -4.754384e-10 -4.225796e-11 -2.100144e-10 1.978060e-08
2.273737e-13 -4.547474e-13 -4.401954e-10 -1.034425e-10 -2.277501e-10 2.728451e-08
