0.000000e+00 0.000000e+00 0.000000e+00 0.000000e+00 0.000000e+00 0.000000e+00
0.000000e+00 0.000000e+00 0.000000e+00 0.000000e+00 0.000000e+00 0.000000e+00
0.000000e+00 0.000000e+00 0.000000e+00 0.000000e+00 0.000000e+00 0.000000e+00
0.000000e+00 0.000000e+00 0.000000e+00 0.000000e+00 0.000000e+00 0.000000e+00
0.000000e+00 0.000000e+00 0.000000e+00 0.000000e+00 0.000000e+00 0.000000e+00
0.000000e+00 0.000000e+00 0.000000e+00 0.000000e+00 0.000000e+00 0.000000e+00
0.000000e+00 0.000000e+00 0.000000e+00 0.000000e+00 0.000000e+00 0.000000e+00
0.000000e+00 0.000000e+00 0.000000e+00 0.000000e+00 0.000000e+00 0.000000e+00
0.000000e+00 0.000000e+00 0.000000e+00 0.000000e+00 0.000000e+00 0.000000e+00
0.000000e+00 0.000000e+00 0.000000e+00 0.000000e+00 0.000000e+00 0.000000e+00
0.000000e+00 0.000000e+00 0.000000e+00 0.000000e+00 0.000000e+00 0.000000e+00
0.000000e+00 0.000000e+00 0.000000e+00 0.000000e+00 0.000000e+00 0.000000e+00
0.000000e+00 0.000000e+00 0.000000e+00 0.000000e+00 0.000000e+00 0.000000e+00
0.000000e+00 0.000000e+00 0.000000e+00 0.000000e+00 0.000000e+00 0.000000e+00
0.000000e+00 0.000000e+00 0.000000e+00 0.000000e+00 0.000000e+00 0.000000e+00
0.000000e+00 0.000000e+00 0.000000e+00 0.000000e+00 0.000000e+00 0.000000e+00
0.000000e+00 0.000000e+00 0.000000e+00 0.000000e+00 0.000000e+00 0.000000e+00
0.000000e+00 0.000000e+00 0.000000e+00 0.000000e+00 0.000000e+00 0.000000e+00
0.000000e+00 0.000000e+00 0.000000e+00 0.000000e+00 0.000000e+00 0.000000e+00
0.000000e+00 0.000000e+00 0.000000e+00 0.000000e+00 0.000000e+00 0.000000e+00
0.000000e+00 0.000000e+00 0.000000e+00 0.000000e+00 0.000000e+00 0.000000e+00
0.000000e+00 0.000000e+00 0.000000e+00 0.000000e+00 0.000000e+00 0.000000e+00
0.000000e+00 0.000000e+00 0.000000e+00 0.000000e+00 0.000000e+00 0.000000e+00
0.000000e+00 0.000000e+00 0.000000e+00 0.000000e+00 0.000000e+00 0.000000e+00
0.000000e+00 0.000000e+00 0.000000e+00 0.000000e+00 0.000000e+00 0.000000e+00
0.000000e+00 0.000000e+00 0.000000e+00 0.000000e+00 0.000000e+00 0.000000e+00
0.000000e+00 0.000000e+00 0.000000e+00 0.000000e+00 0.000000e+00 0.000000e+00
0.000000e+00 0.000000e+00 0.000000e+00 0.000000e+00 0.000000e+00 0.000000e+00
0.000000e+00 0.000000e+00 0.000000e+00 0.000000e+00 0.000000e+00 0.000000e+00
0.000000e+00 0.000000e+00 0.000000e+00 0.000000e+00 0.000000e+00 0.000000e+00
0.000000e+00 0.000000e+00 0.000000e+00 0.000000e+00 0.000000e+00 0.000000e+00
0.000000e+00 0.000000e+00 0.000000e+00 0.000000e+00 0.000000e+00 0.000000e+00
0.000000e+00 0.000000e+00 0.000000e+00 0.000000e+00 0.000000e+00 0.000000e+00
0.000000e+00 0.000000e+00 0.000000e+00 0.000000e+00 0.000000e+00 0.000000e+00
0.000000e+00 0.000000e+00 0.000000e+00 0.000000e+00 0.000000e+00 0.000000e+00
0.000000e+00 0.000000e+00 0.000000e+00 0.000000e+00 0.000000e+00 0.000000e+00
0.000000e+00 0.000000e+00 0.000000e+00 0.000000e+00 0.000000e+00 0.000000e+00
0.000000e+00 0.000000e+00 0.000000e+00 0.000000e+00 0.000000e+00 0.000000e+00
0.000000e+00 0.000000e+00 0.000000e+00 0.000000e+00 0.000000e+00 0.000000e+00
0.000000e+00 0.000000e+00 0.000000e+00 0.000000e+00 0.000000e+00 0.000000e+00
0.000000e+00 0.000000e+00 0.000000e+00 0.000000e+00 0.000000e+00 0.000000e+00
0.000000e+00 0.000000e+00 0.000000e+00 0.000000e+00 0.000000e+00 0.000000e+00
0.000000e+00 0.000000e+00 0.000000e+00 0.000000e+00 0.000000e+00 0.000000e+00
0.000000e+00 0.000000e+00 0.000000e+00 0.000000e+00 0.000000e+00 0.000000e+00
0.000000e+00 0.000000e+00 0.000000e+00 0.000000e+00 0.000000e+00 0.000000e+00
0.000000e+00 0.000000e+00 0.000000e+00 0.000000e+00 0.000000e+00 0.000000e+00
0.000000e+00 0.000000e+00 0.000000e+00 0.000000e+00 0.000000e+00 0.000000e+00
0.000000e+00 0.000000e+00 0.000000e+00 0.000000e+00 0.000000e+00 0.000000e+00
0.000000e+00 0.000000e+00 0.000000e+00 0.000000e+00 0.000000e+00 0.000000e+00
0.000000e+00 0.000000e+00 0.000000e+00 0.000000e+00 0.000000e+00 0.000000e+00
0.000000e+00 0.000000e+00 0.000000e+00 0.000000e+00 0.000000e+00 0.000000e+00
0.000000e+00 0.000000e+00 0.000000e+00 0.000000e+00 0.000000e+00 0.000000e+00
0.000000e+00 0.000000e+00 0.000000e+00 0.000000e+00 0.000000e+00 0.000000e+00
0.000000e+00 0.000000e+00 0.000000e+00 0.000000e+00 0.000000e+00 0.000000e+00
0.000000e+00 0.000000e+00 0.000000e+00 0.000000e+00 0.000000e+00 0.000000e+00
0.000000e+00 0.000000e+00 0.000000e+00 0.000000e+00 0.000000e+00 0.000000e+00
0.000000e+00 0.000000e+00 0.000000e+00 0.000000e+00 0.000000e+00 0.000000e+00
0.000000e+00 0.000000e+00 0.000000e+00 0.000000e+00 0.000000e+00 0.000000e+00
0.000000e+00 0.000000e+00 0.000000e+00 0.000000e+00 0.000000e+00 0.000000e+00
0.000000e+00 0.000000e+00 0.000000e+00 0.000000e+00 0.000000e+00 0.000000e+00
0.000000e+00 0.000000e+00 0.000000e+00 0.000000e+00 0.000000e+00 0.000000e+00
0.000000e+00 0.000000e+00 0.000000e+00 0.000000e+00 0.000000e+00 0.000000e+00
0.000000e+00 0.000000e+00 0.000000e+00 0.000000e+00 0.000000e+00 0.000000e+00
0.000000e+00 0.000000e+00 0.000000e+00 0.000000e+00 0.000000e+00 0.000000e+00
0.000000e+00 0.000000e+00 0.000000e+00 0.000000e+00 0.000000e+00 0.000000e+00
0.000000e+00 0.000000e+00 0.000000e+00 0.000000e+00 0.000000e+00 0.000000e+00
0.000000e+00 0.000000e+00 0.000000e+00 0.000000e+00 0.000000e+00 0.000000e+00
0.000000e+00 0.000000e+00 0.000000e+00 0.000000e+00 0.000000e+00 0.000000e+00
0.000000e+00 0.000000e+00 0.000000e+00 0.000000e+00 0.000000e+00 0.000000e+00
0.000000e+00 0.000000e+00 0.000000e+00 0.000000e+00 0.000000e+00 0.000000e+00
0.000000e+00 0.000000e+00 0.000000e+00 0.000000e+00 0.000000e+00 0.000000e+00
0.000000e+00 0.000000e+00 0.000000e+00 0.000000e+00 0.000000e+00 0.000000e+00
0.000000e+00 0.000000e+00 0.000000e+00 0.000000e+00 0.000000e+00 0.000000e+00
0.000000e+00 0.000000e+00 0.000000e+00 0.000000e+00 0.000000e+00 0.000000e+00
0.000000e+00 0.000000e+00 0.000000e+00 0.000000e+00 0.000000e+00 0.000000e+00
0.000000e+00 0.000000e+00 0.000000e+00 0.000000e+00 0.000000e+00 0.000000e+00
0.000000e+00 0.000000e+00 0.000000e+00 0.000000e+00 0.000000e+00 0.000000e+00
0.000000e+00 0.000000e+00 0.000000e+00 0.000000e+00 0.000000e+00 0.000000e+00
0.000000e+00 0.000000e+00 0.000000e+00 0.000000e+00 0.000000e+00 0.000000e+00
0.000000e+00 0.000000e+00 0.000000e+00 0.000000e+00 0.000000e+00 0.000000e+00
0.000000e+00 0.000000e+00 0.000000e+00 0.000000e+00 0.000000e+00 0.000000e+00
0.000000e+00 0.000000e+00 0.000000e+00 0.000000e+00 0.000000e+00 0.000000e+00
0.000000e+00 0.000000e+00 0.000000e+00 0.000000e+00 0.000000e+00 0.000000e+00
0.000000e+00 0.000000e+00 0.000000e+00 0.000000e+00 0.000000e+00 0.000000e+00
0.000000e+00 0.000000e+00 0.000000e+00 0.000000e+00 0.000000e+00 0.000000e+00
0.000000e+00 0.000000e+00 0.000000e+00 0.000000e+00 0.000000e+00 0.000000e+00
0.000000e+00 0.000000e+00 0.000000e+00 0.000000e+00 0.000000e+00 0.000000e+00
0.000000e+00 0.000000e+00 0.000000e+00 0.000000e+00 0.000000e+00 0.000000e+00
0.000000e+00 0.000000e+00 0.000000e+00 0.000000e+00 0.000000e+00 0.000000e+00
0.000000e+00 0.000000e+00 0.000000e+00 0.000000e+00 0.000000e+00 0.000000e+00
0.000000e+00 0.000000e+00 0.000000e+00 0.000000e+00 0.000000e+00 0.000000e+00
0.000000e+00 0.000000e+00 0.000000e+00 0.000000e+00 0.000000e+00 0.000000e+00
0.000000e+00 0.000000e+00 0.000000e+00 0.000000e+00 0.000000e+00 0.000000e+00
0.000000e+00 0.000000e+00 0.000000e+00 0.000000e+00 0.000000e+00 0.000000e+00
0.000000e+00 0.000000e+00 0.000000e+00 0.000000e+00 0.000000e+00 0.000000e+00
0.000000e+00 0.000000e+00 0.000000e+00 0.000000e+00 0.000000e+00 0.000000e+00
0.000000e+00 0.000000e+00 0.000000e+00 0.000000e+00 0.000000e+00 0.000000e+00
0.000000e+00 0.000000e+00 0.000000e+00 0.000000e+00 0.000000e+00 0.000000e+00
0.000000e+00 0.000000e+00 0.000000e+00 0.000000e+00 0.000000e+00 0.000000e+00
0.000000e+00 0.000000e+00 0.000000e+00 0.000000e+00 0.000000e+00 0.000000e+00
0.000000e+00 0.000000e+00 0.000000e+00 0.000000e+00 0.000000e+00 0.000000e+00
0.000000e+00 0.000000e+00 0.000000e+00 0.000000e+00 0.000000e+00 0.000000e+00
0.000000e+00 0.000000e+00 0.000000e+00 0.000000e+00 0.000000e+00 0.000000e+00
0.000000e+00 0.000000e+00 0.000000e+00 0.000000e+00 0.000000e+00 0.000000e+00
0.000000e+00 0.000000e+00 0.000000e+00 0.000000e+00 0.000000e+00 0.000000e+00
0.000000e+00 0.000000e+00 0.000000e+00 0.000000e+00 0.000000e+00 0.000000e+00
0.000000e+00 0.000000e+00 0.000000e+00 0.000000e+00 0.000000e+00 0.000000e+00
0.000000e+00 0.000000e+00 0.000000e+00 0.000000e+00 0.000000e+00 0.000000e+00
0.000000e+00 0.000000e+00 0.000000e+00 0.000000e+00 0.000000e+00 0.000000e+00
0.000000e+00 0.000000e+00 0.000000e+00 0.000000e+00 0.000000e+00 0.000000e+00
0.000000e+00 0.000000e+00 0.000000e+00 0.000000e+00 0.000000e+00 0.000000e+00
0.000000e+00 0.000000e+00 0.000000e+00 0.000000e+00 0.000000e+00 0.000000e+00
0.000000e+00 0.000000e+00 0.000000e+00 0.000000e+00 0.000000e+00 0.000000e+00
0.000000e+00 0.000000e+00 0.000000e+00 0.000000e+00 0.000000e+00 0.000000e+00
0.000000e+00 0.000000e+00 0.000000e+00 0.000000e+00 0.000000e+00 0.000000e+00
0.000000e+00 0.000000e+00 0.000000e+00 0.000000e+00 0.000000e+00 0.000000e+00
0.000000e+00 0.000000e+00 0.000000e+00 0.000000e+00 0.000000e+00 0.000000e+00
0.000000e+00 0.000000e+00 0.000000e+00 0.000000e+00 0.000000e+00 0.000000e+00
0.000000e+00 0.000000e+00 0.000000e+00 0.000000e+00 0.000000e+00 0.000000e+00
0.000000e+00 0.000000e+00 0.000000e+00 0.000000e+00 0.000000e+00 0.000000e+00
0.000000e+00 0.000000e+00 0.000000e+00 0.000000e+00 0.000000e+00 0.000000e+00
0.000000e+00 0.000000e+00 0.000000e+00 0.000000e+00 0.000000e+00 0.000000e+00
0.000000e+00 0.000000e+00 0.000000e+00 0.000000e+00 0.000000e+00 0.000000e+00
0.000000e+00 0.000000e+00 0.000000e+00 0.000000e+00 0.000000e+00 0.000000e+00
0.000000e+00 0.000000e+00 0.000000e+00 0.000000e+00 0.000000e+00 0.000000e+00
0.000000e+00 0.000000e+00 0.000000e+00 0.000000e+00 0.000000e+00 0.000000e+00
0.000000e+00 0.000000e+00 0.000000e+00 0.000000e+00 0.000000e+00 0.000000e+00
0.000000e+00 0.000000e+00 0.000000e+00 0.000000e+00 0.000000e+00 0.000000e+00
0.000000e+00 0.000000e+00 0.000000e+00 0.000000e+00 0.000000e+00 0.000000e+00
0.000000e+00 0.000000e+00 0.000000e+00 0.000000e+00 0.000000e+00 0.000000e+00
0.000000e+00 0.000000e+00 0.000000e+00 0.000000e+00 0.000000e+00 0.000000e+00
0.000000e+00 0.000000e+00 0.000000e+00 0.000000e+00 0.000000e+00 0.000000e+00
0.000000e+00 0.000000e+00 0.000000e+00 0.000000e+00 0.000000e+00 0.000000e+00
0.000000e+00 0.000000e+00 0.000000e+00 0.000000e+00 0.000000e+00 0.000000e+00
0.000000e+00 0.000000e+00 0.000000e+00 0.000000e+00 0.000000e+00 0.000000e+00
0.000000e+00 0.000000e+00 0.000000e+00 0.000000e+00 0.000000e+00 0.000000e+00
0.000000e+00 0.000000e+00 0.000000e+00 0.000000e+00 0.000000e+00 0.000000e+00
0.000000e+00 0.000000e+00 0.000000e+00 0.000000e+00 0.000000e+00 0.000000e+00
0.000000e+00 0.000000e+00 0.000000e+00 0.000000e+00 0.000000e+00 0.000000e+00
0.000000e+00 0.000000e+00 0.000000e+00 0.000000e+00 0.000000e+00 0.000000e+00
0.000000e+00 0.000000e+00 0.000000e+00 0.000000e+00 0.000000e+00 0.000000e+00
0.000000e+00 0.000000e+00 0.000000e+00 0.000000e+00 0.000000e+00 0.000000e+00
0.000000e+00 0.000000e+00 0.000000e+00 0.000000e+00 0.000000e+00 0.000000e+00
0.000000e+00 0.000000e+00 0.000000e+00 0.000000e+00 0.000000e+00 0.000000e+00
0.000000e+00 0.000000e+00 0.000000e+00 0.000000e+00 0.000000e+00 0.000000e+00
0.000000e+00 0.000000e+00 0.000000e+00 0.000000e+00 0.000000e+00 0.000000e+00
0.000000e+00 0.000000e+00 0.000000e+00 0.000000e+00 0.000000e+00 0.000000e+00
0.000000e+00 0.000000e+00 0.000000e+00 0.000000e+00 0.000000e+00 0.000000e+00
0.000000e+00 0.000000e+00 0.000000e+00 0.000000e+00 0.000000e+00 0.000000e+00
0.000000e+00 0.000000e+00 0.000000e+00 0.000000e+00 0.000000e+00 0.000000e+00
0.000000e+00 0.000000e+00 0.000000e+00 0.000000e+00 0.000000e+00 0.000000e+00
0.000000e+00 0.000000e+00 0.000000e+00 0.000000e+00 0.000000e+00 0.000000e+00
0.000000e+00 0.000000e+00 0.000000e+00 0.000000e+00 0.000000e+00 0.000000e+00
0.000000e+00 0.000000e+00 0.000000e+00 0.000000e+00 0.000000e+00 0.000000e+00
0.000000e+00 0.000000e+00 0.000000e+00 0.000000e+00 0.000000e+00 0.000000e+00
0.000000e+00 0.000000e+00 0.000000e+00 0.000000e+00 0.000000e+00 0.000000e+00
0.000000e+00 0.000000e+00 0.000000e+00 0.000000e+00 0.000000e+00 0.000000e+00
0.000000e+00 0.000000e+00 0.000000e+00 0.000000e+00 0.000000e+00 0.000000e+00
0.000000e+00 0.000000e+00 0.000000e+00 0.000000e+00 0.000000e+00 0.000000e+00
0.000000e+00 0.000000e+00 0.000000e+00 0.000000e+00 -1.803153e-13 -1.803801e-13
0.000000e+00 0.000000e+00 0.000000e+00 0.000000e+00 -5.710093e-13 -8.718370e-13
0.000000e+00 0.000000e+00 0.000000e+00 0.000000e+00 -9.617032e-13 -2.224688e-12
0.000000e+00 0.000000e+00 0.000000e+00 0.000000e+00 -1.322334e-12 -4.268995e-12
0.000000e+00 0.000000e+00 0.000000e+00 0.000000e+00 -1.712898e-12 -7.004759e-12
0.000000e+00 0.000000e+00 0.000000e+00 0.000000e+00 -1.953081e-12 -1.025160e-11
0.000000e+00 0.000000e+00 0.000000e+00 0.000000e+00 -2.012949e-12 -1.331806e-11
0.000000e+00 0.000000e+00 0.000000e+00 0.000000e+00 -2.223068e-12 -1.521205e-11
0.000000e+00 0.000000e+00 0.000000e+00 0.000000e+00 -2.553247e-12 -1.524212e-11
0.000000e+00 0.000000e+00 0.000000e+00 0.000000e+00 -3.033678e-12 -1.265667e-11
0.000000e+00 0.000000e+00 0.000000e+00 0.000000e+00 -3.724746e-12 -6.854443e-12
0.000000e+00 0.000000e+00 0.000000e+00 1.803801e-13 -5.146507e-12 3.846554e-12
0.000000e+00 0.000000e+00 0.000000e+00 5.411402e-13 -7.969266e-12 2.085774e-11
0.000000e+00 0.000000e+00 0.000000e+00 7.215203e-13 -1.149227e-11 4.345761e-11
0.000000e+00 -2.842171e-14 1.136868e-13 7.215203e-13 -1.223161e-11 6.858150e-11
0.000000e+00 -5.684342e-14 2.273737e-13 7.215203e-13 -7.945375e-12 9.424679e-11
0.000000e+00 -5.684342e-14 3.410605e-13 7.215203e-13 -8.963739e-13 1.206336e-10
0.000000e+00 -5.684342e-14 5.684342e-13 5.411402e-13 6.312310e-12 1.395533e-10
0.000000e+00 -5.684342e-14 7.958079e-13 1.803801e-13 1.228807e-11 1.485714e-10
0.000000e+00 -2.842171e-14 1.023182e-12 -1.803801e-13 1.414848e-11 1.555160e-10
0.000000e+00 0.000000e+00 1.250555e-12 -1.052217e-12 9.892112e-12 1.660669e-10
0.000000e+00 2.842171e-14 1.477929e-12 -2.405068e-12 -3.010433e-13 1.885628e-10
0.000000e+00 2.842171e-14 1.705303e-12 -3.607601e-12 -1.443841e-11 2.293875e-10
0.000000e+00 0.000000e+00 2.046363e-12 -4.629755e-12 -2.683281e-11 2.836049e-10
0.000000e+00 -2.842171e-14 2.501110e-12 -4.930389e-12 -3.357922e-11 3.397222e-10
0.000000e+00 -8.526513e-14 2.955858e-12 -4.088615e-12 -3.082360e-11 3.916015e-10
0.000000e+00 -1.421085e-13 3.524292e-12 -2.074371e-12 -1.600492e-11 4.281391e-10
0.000000e+00 -1.421085e-13 4.206413e-12 1.112344e-12 5.580667e-12 4.284450e-10
0.000000e+00 -1.136868e-13 4.888534e-12 4.810135e-12 2.578412e-11 3.796687e-10
0.000000e+00 -8.526513e-14 5.456968e-12 8.387673e-12 4.069967e-11 2.867009e-10
0.000000e+00 -2.842171e-14 5.798029e-12 1.076268e-11 4.690319e-11 1.689121e-10
0.000000e+00 2.842171e-14 5.911716e-12 1.106331e-11 4.225222e-11 5.114883e-11
0.000000e+00 8.526513e-14 5.911716e-12 9.349700e-12 2.912177e-11 -5.915311e-11
0.000000e+00 1.421085e-13 5.684342e-12 5.621846e-12 9.637617e-12 -1.628358e-10
0.000000e+00 1.421085e-13 5.343281e-12 5.110769e-13 -1.093363e-11 -2.653154e-10
0.000000e+00 1.136868e-13 4.774847e-12 -3.908235e-12 -2.597602e-11 -3.885964e-10
0.000000e+00 8.526513e-14 4.092726e-12 -6.613936e-12 -3.372819e-11 -5.637719e-10
0.000000e+00 2.842171e-14 3.183231e-12 -6.794575e-12 -3.540289e-11 -8.234083e-10
0.000000e+00 -2.842171e-14 1.705303e-12 -4.059329e-12 -3.201393e-11 -1.166121e-09
0.000000e+00 -8.526513e-14 -2.273737e-13 -1.215487e-13 -2.300171e-11 -1.570334e-09
0.000000e+00 -1.136868e-13 -2.955858e-12 3.425408e-12 -8.886076e-12 -2.001760e-09
0.000000e+00 -1.136868e-13 -6.252776e-12 5.289076e-12 6.048950e-12 -2.419468e-09
0.000000e+00 -1.136868e-13 -1.023182e-11 6.491610e-12 1.995116e-11 -2.793973e-09
0.000000e+00 -8.526513e-14 -1.466560e-11 6.161172e-12 3.183848e-11 -3.112545e-09
0.000000e+00 -2.842171e-14 -1.955414e-11 3.967066e-12 3.910932e-11 -3.378803e-09
0.000000e+00 2.842171e-14 -2.489742e-11 1.592839e-12 4.058522e-11 -3.588437e-09
0.000000e+00 8.526513e-14 -3.035439e-11 -7.513246e-13 3.478431e-11 -3.753356e-09
0.000000e+00 1.421085e-13 -3.615241e-11 -2.434354e-12 2.147610e-11 -3.884976e-09
0.000000e+00 1.705303e-13 -4.206413e-11 -3.455730e-12 3.224865e-12 -3.974954e-09
0.000000e+00 1.421085e-13 -4.797585e-11 -4.446525e-12 -1.259026e-11 -4.007418e-09
0.000000e+00 1.136868e-13 -5.400125e-11 -5.798081e-12 -2.139459e-11 -3.939684e-09
0.000000e+00 8.526513e-14 -5.979928e-11 -6.489019e-12 -2.421944e-11 -3.728287e-09
0.000000e+00 5.684342e-14 -6.514256e-11 -4.445489e-12 -2.211723e-11 -3.346087e-09
0.000000e+00 2.842171e-14 -6.980372e-11 -5.382905e-13 -1.752302e-11 -2.763982e-09
0.000000e+00 0.000000e+00 -7.332801e-11 3.550324e-12 -1.243953e-11 -1.976523e-09
0.000000e+00 -2.842171e-14 -7.560175e-11 7.278956e-12 -6.936832e-12 -9.884828e-10
0.000000e+00 -2.842171e-14 -7.628387e-11 9.655256e-12 -4.670491e-12 2.003532e-10
0.000000e+00 -2.842171e-14 -7.503331e-11 1.001731e-11 -9.265737e-12 1.569738e-09
0.000000e+00 -2.842171e-14 -7.150902e-11 7.702175e-12 -1.947156e-11 3.076590e-09
0.000000e+00 -5.684342e-14 -6.571099e-11 2.618620e-12 -3.205578e-11 4.686420e-09
0.000000e+00 -1.136868e-13 -5.741185e-11 -2.828804e-12 -3.869788e-11 6.374653e-09
0.000000e+00 -1.705303e-13 -4.661160e-11 -7.046222e-12 -3.292873e-11 8.110150e-09
0.000000e+00 -2.273737e-13 -3.308287e-11 -7.438710e-12 -1.287534e-11 9.856333e-09
0.000000e+00 -2.273737e-13 -1.705303e-11 1.324157e-12 1.972538e-11 1.157295e-08
0.000000e+00 -1.705303e-13 1.591616e-12 1.689263e-11 5.692059e-11 1.320813e-08
0.000000e+00 -5.684342e-14 2.250999e-11 3.418093e-11 8.702934e-11 1.470258e-08
0.000000e+00 1.136868e-13 4.558842e-11 4.740898e-11 9.691636e-11 1.599734e-08
1.136868e-13 2.557954e-13 7.048584e-11 4.163911e-11 8.127372e-11 1.702182e-08
2.273737e-13 3.410605e-13 9.674750e-11 6.841652e-12 4.403013e-11 1.770629e-08
2.273737e-13 3.694822e-13 1.236913e-10 -4.716779e-11 -8.303709e-12 1.800380e-08
1.136868e-13 3.126388e-13 1.508624e-10 -9.795368e-11 -6.502122e-11 1.788055e-08
0.000000e+00 1.989520e-13 1.774652e-10 -1.282085e-10 -1.134022e-10 1.732112e-08
-2.273737e-13 0.000000e+00 2.029310e-10 -1.239443e-10 -1.405235e-10 1.632176e-08
-4.547474e-13 -1.989520e-13 2.264642e-10 -7.700319e-11 -1.368915e-10 1.488209e-08
-5.684342e-13 -3.694822e-13 2.474962e-10 1.694292e-12 -1.006674e-10 1.301894e-08
-4.547474e-13 -4.831691e-13 2.654588e-10 8.479505e-11 -3.813240e-11 1.074592e-08
-2.273737e-13 -4.831691e-13 2.797833e-10 1.430380e-10 3.463072e-11 8.074394e-09
0.000000e+00 -3.694822e-13 2.897877e-10 1.635046e-10 9.464875e-11 5.032768e-09
2.273737e-13 -1.989520e-13 2.949037e-10 1.449636e-10 1.259447e-10 1.678487e-09
4.547474e-13 0.000000e+00 2.947900e-10 8.588199e-11 1.251355e-10 -1.916159e-09
4.547474e-13 1.989520e-13 2.892193e-10 5.530768e-12 9.372022e-11 -5.671066e-09
3.410605e-13 3.126388e-13 2.778506e-10 -6.400484e-11 3.971183e-11 -9.484632e-09
2.273737e-13 3.126388e-13 2.607976e-10 -1.109335e-10 -2.008725e-11 -1.324500e-08
1.136868e-13 2.273737e-13 2.381739e-10 -1.335434e-10 -6.837288e-11 -1.684645e-08
-1.136868e-13 8.526513e-14 2.103206e-10 -1.208248e-10 -9.269323e-11 -2.018489e-08
-3.410605e-13 -5.684342e-14 1.776925e-10 -6.459836e-11 -8.626654e-11 -2.316406e-08
-3.410605e-13 -1.705303e-13 1.408580e-10 1.490991e-11 -5.399354e-11 -2.569768e-08
-2.273737e-13 -2.273737e-13 1.006129e-10 8.459972e-11 -8.405971e-12 -2.770837e-08
-1.136868e-13 -1.989520e-13 5.775291e-11 1.291486e-10 3.476233e-11 -2.913897e-08
1.136868e-13 -1.136868e-13 1.330136e-11 1.379892e-10 6.208107e-11 -2.995574e-08
3.410605e-13 -2.842171e-14 -3.194600e-11 1.021630e-10 6.628211e-11 -3.013623e-08
4.547474e-13 5.684342e-14 -7.707968e-11 3.252441e-11 4.498937e-11 -2.966207e-08
3.410605e-13 8.526513e-14 -1.209628e-10 -4.157283e-11 5.157863e-12 -2.854068e-08
2.273737e-13 5.684342e-14 -1.627996e-10 -9.798623e-11 -4.044190e-11 -2.679843e-08
1.136868e-13 -2.842171e-14 -2.014531e-10 -1.321118e-10 -7.970073e-11 -2.448499e-08
-1.136868e-13 -1.705303e-13 -2.362412e-10 -1.322179e-10 -9.890490e-11 -2.167819e-08
-3.410605e-13 -3.126388e-13 -2.664819e-10 -9.239579e-11 -8.874181e-11 -1.845796e-08
-4.547474e-13 -4.263256e-13 -2.917204e-10 -2.761834e-11 -5.168283e-11 -1.490268e-08
-4.547474e-13 -4.831691e-13 -3.113882e-10 4.186439e-11 4.245618e-12 -1.109765e-08
-3.410605e-13 -4.263256e-13 -3.250307e-10 9.550302e-11 6.355091e-11 -7.152437e-09
-2.273737e-13 -3.126388e-13 -3.327614e-10 1.243316e-10 1.092675e-10 -3.178340e-09
0.000000e+00 -1.136868e-13 -3.345804e-10 1.210734e-10 1.269724e-10 7.319549e-10
2.273737e-13 8.526513e-14 -3.306013e-10 7.932961e-11 1.063127e-10 4.488028e-09
3.410605e-13 2.273737e-13 -3.211653e-10 1.226046e-11 4.838279e-11 8.005009e-09
3.410605e-13 2.557954e-13 -3.066134e-10 -5.807300e-11 -3.117466e-11 1.120881e-08
2.273737e-13 1.421085e-13 -2.875140e-10 -1.095494e-10 -1.066447e-10 1.404821e-08
1.136868e-13 -8.526513e-14 -2.645493e-10 -1.289269e-10 -1.530829e-10 1.650979e-08
-1.136868e-13 -3.410605e-13 -2.380602e-10 -1.092315e-10 -1.517362e-10 1.858591e-08
-2.273737e-13 -5.400125e-13 -2.088427e-10 -5.742928e-11 -1.008484e-10 2.028080e-08
-3.410605e-13 -6.252776e-13 -1.772378e-10 1.103706e-11 -1.598401e-11 2.160568e-08
-3.410605e-13 -5.684342e-13 -1.439275e-10 8.075400e-11 8.104818e-11 2.257262e-08
-2.273737e-13 -3.694822e-13 -1.094804e-10 1.327874e-10 1.663589e-10 2.321589e-08
0.000000e+00 -5.684342e-14 -7.435119e-11 1.497735e-10 2.137915e-10 2.358507e-08
2.273737e-13 2.842171e-13 -3.876721e-11 1.244658e-10 2.053233e-10 2.373142e-08
4.547474e-13 5.684342e-13 -3.183231e-12 6.108732e-11 1.400684e-10 2.371511e-08
4.547474e-13 7.105427e-13 3.228706e-11 -1.911402e-11 3.330608e-11 2.361140e-08
3.410605e-13 6.821210e-13 6.764367e-11 -8.842436e-11 -8.877146e-11 2.348918e-08
2.273737e-13 4.547474e-13 1.027729e-10 -1.356159e-10 -1.935220e-10 2.342291e-08
0.000000e+00 1.136868e-13 1.379021e-10 -1.505107e-10 -2.513328e-10 2.347853e-08
-2.273737e-13 -2.842171e-13 1.732587e-10 -1.257031e-10 -2.452133e-10 2.369578e-08
-4.547474e-13 -6.252776e-13 2.090701e-10 -6.100524e-11 -1.767245e-10 2.408834e-08
-4.547474e-13 -7.958079e-13 2.455636e-10 2.459596e-11 -6.810736e-11 2.465139e-08
-3.410605e-13 -8.242296e-13 2.829665e-10 1.010338e-10 5.416746e-11 2.536332e-08
-2.273737e-13 -6.536993e-13 3.216201e-10 1.571464e-10 1.619675e-10 2.616349e-08
0.000000e+00 -3.410605e-13 3.614105e-10 1.824862e-10 2.274473e-10 2.697291e-08
2.273737e-13 2.842171e-14 4.024514e-10 1.688827e-10 2.336277e-10 2.770054e-08
4.547474e-13 3.410605e-13 4.444018e-10 1.189500e-10 1.819977e-10 2.823944e-08
6.821210e-13 5.684342e-13 4.871481e-10 3.722530e-11 8.942233e-11 2.846025e-08
5.684342e-13 6.252776e-13 5.298944e-10 -4.874036e-11 -2.019067e-11 2.821900e-08
3.410605e-13 5.115908e-13 5.718448e-10 -1.056086e-10 -1.176201e-10 2.737161e-08
2.273737e-13 2.842171e-13 6.119762e-10 -1.331390e-10 -1.773123e-10 2.575914e-08
0.000000e+00 0.000000e+00 6.491518e-10 -1.329763e-10 -1.844509e-10 2.320196e-08
-2.273737e-13 -2.557954e-13 6.816663e-10 -1.011630e-10 -1.415908e-10 1.952210e-08
-3.410605e-13 -3.979039e-13 7.078143e-10 -5.170830e-11 -6.714956e-11 1.455009e-08
-4.547474e-13 -4.547474e-13 7.254357e-10 4.540962e-12 1.881887e-11 8.123138e-09
-4.547474e-13 -3.694822e-13 7.322569e-10 5.739287e-11 9.445965e-11 1.098649e-10
-3.410605e-13 -1.705303e-13 7.257768e-10 9.136036e-11 1.359641e-10 -9.587685e-09
-2.273737e-13 5.684342e-14 7.033805e-10 1.023811e-10 1.327855e-10 -2.103193e-08
-1.136868e-13 2.273737e-13 6.626806e-10 9.281452e-11 8.929795e-11 -3.426846e-08
0.000000e+00 3.126388e-13 6.007213e-10 6.694254e-11 2.181573e-11 -4.929990e-08
1.136868e-13 2.842171e-13 5.148877e-10 2.988834e-11 -4.529844e-11 -6.605779e-08
1.136868e-13 1.705303e-13 4.025651e-10 -6.841591e-12 -9.148921e-11 -8.440640e-08
1.136868e-13 0.000000e+00 2.615934e-10 -3.254456e-11 -1.049113e-10 -1.041397e-07
1.136868e-13 -1.705303e-13 9.015366e-11 -4.366594e-11 -8.246807e-11 -1.249900e-07
0.000000e+00 -2.557954e-13 -1.133458e-10 -3.437882e-11 -3.297107e-11 -1.466046e-07
0.000000e+00 -2.557954e-13 -3.495870e-10 -1.354242e-11 2.806711e-11 -1.685442e-07
0.000000e+00 -1.705303e-13 -6.189111e-10 5.737050e-12 8.365346e-11 -1.902829e-07
0.000000e+00 -2.842171e-14 -9.205223e-10 2.285228e-11 1.178245e-10 -2.112095e-07
0.000000e+00 1.705303e-13 -1.252602e-09 3.645964e-11 1.175420e-10 -2.306551e-07
0.000000e+00 3.126388e-13 -1.612420e-09 4.260096e-11 8.220099e-11 -2.479019e-07
1.136868e-13 3.979039e-13 -1.996227e-09 3.262491e-11 2.371871e-11 -2.621855e-07
1.136868e-13 3.694822e-13 -2.398906e-09 1.314467e-11 -4.135596e-11 -2.727077e-07
1.136868e-13 2.557954e-13 -2.814318e-09 -4.102496e-13 -9.621833e-11 -2.786606e-07
1.136868e-13 8.526513e-14 -3.234959e-09 -8.177744e-12 -1.274274e-10 -2.792522e-07
1.136868e-13 -1.136868e-13 -3.652076e-09 -1.664520e-11 -1.292747e-10 -2.737379e-07
1.136868e-13 -3.126388e-13 -4.056119e-09 -3.073689e-11 -1.026189e-10 -2.614310e-07
1.136868e-13 -4.263256e-13 -4.436288e-09 -5.115292e-11 -5.623430e-11 -2.417279e-07
0.000000e+00 -4.831691e-13 -4.781214e-09 -6.804502e-11 -5.762313e-12 -2.141453e-07
-1.136868e-13 -4.547474e-13 -5.078618e-09 -7.318809e-11 3.484097e-11 -1.783550e-07
-2.273737e-13 -3.694822e-13 -5.316110e-09 -6.557344e-11 5.504813e-11 -1.342242e-07
-3.410605e-13 -2.842171e-13 -5.481184e-09 -4.433482e-11 5.602916e-11 -8.183493e-08
-4.547474e-13 -1.989520e-13 -5.561560e-09 -8.944320e-12 4.411985e-11 -2.151653e-08
-4.547474e-13 -1.421085e-13 -5.545758e-09 3.866566e-11 2.595306e-11 4.613007e-08
-3.410605e-13 -1.421085e-13 -5.423203e-09 8.403911e-11 1.269428e-11 1.202187e-07
-2.273737e-13 -1.136868e-13 -5.185143e-09 1.159765e-10 9.981953e-12 1.995812e-07
0.000000e+00 -8.526513e-14 -4.824528e-09 1.234265e-10 1.476178e-11 2.827795e-07
2.273737e-13 -5.684342e-14 -4.336812e-09 9.691401e-11 2.192268e-11 3.681262e-07
3.410605e-13 -2.842171e-14 -3.720174e-09 4.596814e-11 2.331734e-11 4.537164e-07
4.547474e-13 0.000000e+00 -2.975753e-09 -2.046842e-11 1.520836e-11 5.374604e-07
4.547474e-13 2.842171e-14 -2.107868e-09 -9.188861e-11 -3.063951e-12 6.171157e-07
3.410605e-13 0.000000e+00 -1.124477e-09 -1.478541e-10 -3.034124e-11 6.903371e-07
1.136868e-13 -8.526513e-14 -3.694822e-11 -1.687761e-10 -5.784704e-11 7.547312e-07
-1.136868e-13 -1.989520e-13 1.139711e-09 -1.478279e-10 -7.297708e-11 8.079105e-07
-3.410605e-13 -3.126388e-13 2.386855e-09 -8.796071e-11 -6.447513e-11 8.475747e-07
-3.410605e-13 -3.694822e-13 3.682430e-09 -1.027222e-11 -3.202835e-11 8.716015e-07
-2.273737e-13 -3.979039e-13 5.001652e-09 5.311253e-11 1.827622e-11 8.781119e-07
-1.136868e-13 -3.126388e-13 6.316782e-09 8.950634e-11 7.534785e-11 8.655633e-07
0.000000e+00 -1.705303e-13 7.598260e-09 9.535511e-11 1.225583e-10 8.328454e-07
1.136868e-13 2.842171e-14 8.815277e-09 7.210318e-11 1.448211e-10 7.793315e-07
2.273737e-13 2.557954e-13 9.936343e-09 2.863377e-11 1.303967e-10 7.049402e-07
2.273737e-13 4.263256e-13 1.093019e-08 -1.826938e-11 7.790511e-11 6.101956e-07
2.273737e-13 4.831691e-13 1.176693e-08 -5.465458e-11 1.114104e-12 4.962424e-07
1.136868e-13 4.263256e-13 1.241881e-08 -7.045574e-11 -8.015283e-11 3.648406e-07
0.000000e+00 2.557954e-13 1.286139e-08 -5.702739e-11 -1.460053e-10 2.183448e-07
-1.136868e-13 0.000000e+00 1.307387e-08 -2.011929e-11 -1.771246e-10 5.967381e-08
-1.136868e-13 -2.557954e-13 1.304034e-08 2.156505e-11 -1.630225e-10 -1.077239e-07
-1.136868e-13 -4.831691e-13 1.275066e-08 5.459141e-11 -1.055982e-10 -2.799683e-07
0.000000e+00 -5.968559e-13 1.220042e-08 6.428581e-11 -2.093927e-11 -4.528249e-07
1.136868e-13 -5.684342e-13 1.139210e-08 3.813703e-11 6.630205e-11 -6.217978e-07
2.273737e-13 -4.263256e-13 1.033504e-08 -1.705477e-11 1.332730e-10 -7.822796e-07
2.273737e-13 -1.989520e-13 9.045266e-09 -8.214566e-11 1.637220e-10 -9.296707e-07
1.136868e-13 5.684342e-14 7.545964e-09 -1.328114e-10 1.520629e-10 -1.059537e-06
-1.136868e-13 2.557954e-13 5.866582e-09 -1.462670e-10 1.041634e-10 -1.167775e-06
-3.410605e-13 3.410605e-13 4.042590e-09 -1.064844e-10 3.772215e-11 -1.250764e-06
-4.547474e-13 3.410605e-13 2.114234e-09 -1.928140e-11 -2.702314e-11 -1.305498e-06
-3.410605e-13 2.557954e-13 1.260787e-10 8.368967e-11 -7.652900e-11 -1.329725e-06
-1.136868e-13 1.136868e-13 -1.874923e-09 1.665843e-10 -1.010311e-10 -1.322037e-06
1.136868e-13 -2.842171e-14 -3.840000e-09 2.090513e-10 -9.863697e-11 -1.281946e-06
4.547474e-13 -1.705303e-13 -5.720722e-09 1.997184e-10 -7.432341e-11 -1.209926e-06
7.958079e-13 -2.557954e-13 -7.469794e-09 1.303820e-10 -3.880349e-11 -1.107412e-06
9.094947e-13 -2.842171e-13 -9.042878e-09 1.784900e-11 -6.530877e-12 -9.768045e-07
7.958079e-13 -2.557954e-13 -1.040007e-08 -1.017704e-10 1.467806e-11 -8.214015e-07
5.684342e-13 -2.273737e-13 -1.150704e-08 -2.018231e-10 2.498052e-11 -6.453086e-07
1.136868e-13 -1.989520e-13 -1.233593e-08 -2.538071e-10 2.679515e-11 -4.533422e-07
-2.273737e-13 -1.705303e-13 -1.286696e-08 -2.458322e-10 2.403378e-11 -2.508827e-07
-5.684342e-13 -1.421085e-13 -1.308854e-08 -1.871941e-10 2.250065e-11 -4.370450e-08
-6.821210e-13 -1.136868e-13 -1.299804e-08 -9.777119e-11 2.388259e-11 1.621996e-07
-6.821210e-13 -8.526513e-14 -1.260196e-08 -6.207398e-12 2.611743e-11 3.608244e-07
-5.684342e-13 -5.684342e-14 -1.191552e-08 6.788007e-11 2.598860e-11 5.463428e-07
-4.547474e-13 -2.842171e-14 -1.096282e-08 1.164945e-10 2.143197e-11 7.133275e-07
-2.273737e-13 0.000000e+00 -9.775476e-09 1.339524e-10 8.349816e-12 8.569620e-07
0.000000e+00 -2.842171e-14 -8.391908e-09 1.145977e-10 -1.360143e-11 9.732058e-07
2.273737e-13 -8.526513e-14 -6.855771e-09 6.365694e-11 -4.232326e-11 1.058947e-06
3.410605e-13 -1.705303e-13 -5.214929e-09 -2.600669e-12 -7.511410e-11 1.112118e-06
3.410605e-13 -3.126388e-13 -3.519403e-09 -6.413859e-11 -1.028514e-10 1.131776e-06
2.273737e-13 -4.831691e-13 -1.819558e-09 -1.054966e-10 -1.186976e-10 1.118113e-06
1.136868e-13 -6.536993e-13 -1.649596e-10 -1.188050e-10 -1.200993e-10 1.072440e-06
-1.136868e-13 -8.242296e-13 1.397780e-09 -9.653686e-11 -1.073245e-10 9.971424e-07
-2.273737e-13 -9.663381e-13 2.826368e-09 -4.463317e-11 -8.514824e-11 8.955674e-07
-3.410605e-13 -1.051603e-12 4.084313e-09 2.436213e-11 -6.182869e-11 7.718846e-07
-2.273737e-13 -1.108447e-12 5.141942e-09 8.817912e-11 -4.517330e-11 6.309182e-07
-1.136868e-13 -1.165290e-12 5.976972e-09 1.231434e-10 -4.145155e-11 4.779840e-07
1.136868e-13 -1.222134e-12 6.575874e-09 1.217843e-10 -5.148570e-11 3.186755e-07
3.410605e-13 -1.307399e-12 6.933078e-09 7.794360e-11 -6.630308e-11 1.586586e-07
4.547474e-13 -1.392664e-12 7.051767e-09 3.682876e-12 -7.617118e-11 3.478679e-09
3.410605e-13 -1.506351e-12 6.943424e-09 -6.857120e-11 -6.986727e-11 -1.416849e-07
2.273737e-13 -1.620037e-12 6.626806e-09 -1.145256e-10 -3.335763e-11 -2.722182e-07
0.000000e+00 -1.648459e-12 6.126811e-09 -1.230713e-10 4.137507e-11 -3.842131e-07
-2.273737e-13 -1.506351e-12 5.474135e-09 -9.043970e-11 1.513389e-10 -4.746227e-07
-3.410605e-13 -1.193712e-12 4.702997e-09 -2.943044e-11 2.875064e-10 -5.413776e-07
-3.410605e-13 -6.536993e-13 3.850005e-09 3.940556e-11 4.369545e-10 -5.834156e-07
-2.273737e-13 1.136868e-13 2.952675e-09 9.402289e-11 5.819544e-10 -6.006880e-07
-1.136868e-13 1.108447e-12 2.047841e-09 1.221248e-10 7.048489e-10 -5.941245e-07
1.136868e-13 2.245315e-12 1.170292e-09 1.151777e-10 7.949769e-10 -5.655552e-07
3.410605e-13 3.495870e-12 3.511786e-10 6.454331e-11 8.524584e-10 -5.175727e-07
4.547474e-13 4.803269e-12 -3.824425e-10 -1.630864e-11 8.842595e-10 -4.533885e-07
3.410605e-13 6.167511e-12 -1.008971e-09 -9.328326e-11 9.026512e-10 -3.766864e-07
2.273737e-13 7.531753e-12 -1.512490e-09 -1.446134e-10 9.251582e-10 -2.914410e-07
0.000000e+00 8.952838e-12 -1.883222e-09 -1.617063e-10 9.650061e-10 -2.017447e-07
-2.273737e-13 1.043077e-11 -2.117645e-09 -1.385313e-10 1.028451e-09 -1.116298e-07
-4.547474e-13 1.202238e-11 -2.218144e-09 -8.022055e-11 1.119762e-09 -2.489903e-08
-5.684342e-13 1.378453e-11 -2.192451e-09 -3.718521e-13 1.231780e-09 5.501469e-08
-4.547474e-13 1.571721e-11 -2.053184e-09 7.387033e-11 1.342039e-09 1.251724e-07
-3.410605e-13 1.782041e-11 -1.816943e-09 1.236534e-10 1.416099e-09 1.832368e-07
-1.136868e-13 1.998046e-11 -1.503395e-09 1.420387e-10 1.416919e-09 2.275584e-07
1.136868e-13 2.208367e-11 -1.134254e-09 1.242286e-10 1.313866e-09 2.572168e-07
3.410605e-13 2.393108e-11 -7.318022e-10 7.473859e-11 1.086741e-09 2.719977e-07
4.547474e-13 2.532374e-11 -3.182095e-10 8.797695e-12 7.300643e-10 2.723405e-07
4.547474e-13 2.611955e-11 8.526513e-11 -5.305025e-11 2.523250e-10 2.592856e-07
3.410605e-13 2.609113e-11 4.596359e-10 -9.365884e-11 -3.268617e-10 2.343654e-07
2.273737e-13 2.515321e-11 7.883045e-10 -1.062400e-10 -9.821862e-10 1.994787e-07
1.136868e-13 2.316369e-11 1.057970e-09 -9.775243e-11 -1.681847e-09 1.567735e-07
0.000000e+00 2.009415e-11 1.258513e-09 -7.395284e-11 -2.396842e-09 1.085236e-07
-1.136868e-13 1.597300e-11 1.383455e-09 -4.114721e-11 -3.113784e-09 5.701153e-08
-2.273737e-13 1.077183e-11 1.429498e-09 -6.675859e-12 -3.831199e-09 4.429364e-09
-2.273737e-13 4.490630e-12 1.396643e-09 1.845937e-11 -4.557573e-09 -4.719853e-08
-2.273737e-13 -2.899014e-12 1.287844e-09 2.493259e-11 -5.302029e-09 -9.610522e-08
-2.273737e-13 -1.142553e-11 1.108333e-09 1.742049e-11 -6.066048e-09 -1.408321e-07
-2.273737e-13 -2.108891e-11 8.653842e-10 5.520736e-12 -6.835805e-09 -1.802611e-07
-2.273737e-13 -3.191758e-11 5.676384e-10 -4.973327e-12 -7.577155e-09 -2.136402e-07
-2.273737e-13 -4.382628e-11 2.245315e-10 -7.677356e-12 -8.235715e-09 -2.405622e-07
-2.273737e-13 -5.664447e-11 -1.540457e-10 3.866631e-12 -8.741615e-09 -2.609305e-07
-2.273737e-13 -7.005951e-11 -5.583161e-10 2.969910e-11 -9.029063e-09 -2.749146e-07
-2.273737e-13 -8.373036e-11 -9.788437e-10 6.404477e-11 -9.039269e-09 -2.828829e-07
-1.136868e-13 -9.717382e-11 -1.406875e-09 9.141141e-11 -8.730208e-09 -2.853242e-07
0.000000e+00 -1.099068e-10 -1.834792e-09 9.611469e-11 -8.086946e-09 -2.827494e-07
1.136868e-13 -1.214460e-10 -2.255206e-09 7.598394e-11 -7.113100e-09 -2.756362e-07
2.273737e-13 -1.312515e-10 -2.661750e-09 3.535621e-11 -5.828663e-09 -2.643890e-07
2.273737e-13 -1.389253e-10 -3.048399e-09 -1.240790e-11 -4.258912e-09 -2.492975e-07
2.273737e-13 -1.440412e-10 -3.409582e-09 -5.250606e-11 -2.426839e-09 -2.305274e-07
1.136868e-13 -1.462013e-10 -3.739956e-09 -7.218815e-11 -3.514623e-10 -2.081077e-07
0.000000e+00 -1.450928e-10 -4.033950e-09 -5.976366e-11 1.956489e-09 -1.819516e-07
-1.136868e-13 -1.403464e-10 -4.285880e-09 -1.267015e-11 4.480875e-09 -1.518909e-07
-1.136868e-13 -1.316778e-10 -4.489607e-09 5.411350e-11 7.188205e-09 -1.177200e-07
0.000000e+00 -1.188027e-10 -4.638991e-09 1.119192e-10 1.002623e-08 -7.921480e-08
1.136868e-13 -1.016076e-10 -4.727212e-09 1.427200e-10 1.292101e-08 -3.617782e-08
3.410605e-13 -8.003553e-11 -4.747449e-09 1.306316e-10 1.577583e-08 1.150372e-08
5.684342e-13 -5.425704e-11 -4.692652e-09 6.211446e-11 1.847764e-08 6.381458e-08
5.684342e-13 -2.458478e-11 -4.556000e-09 -4.478327e-11 2.091188e-08 1.205474e-07
3.410605e-13 8.498091e-12 -4.331014e-09 -1.479673e-10 2.296878e-08 1.812426e-07
0.000000e+00 4.433787e-11 -4.012350e-09 -2.100422e-10 2.455145e-08 2.451591e-07
-3.410605e-13 8.216716e-11 -3.595574e-09 -2.115991e-10 2.558111e-08 3.112345e-07
-6.821210e-13 1.210765e-10 -3.078640e-09 -1.463164e-10 2.599046e-08 3.780908e-07
-7.958079e-13 1.601279e-10 -2.461320e-09 -3.071628e-11 2.572229e-08 4.440700e-07
-6.821210e-13 1.982698e-10 -1.746457e-09 9.898433e-11 2.472483e-08 5.072800e-07
-4.547474e-13 2.343370e-10 -9.395080e-10 2.159110e-10 2.295933e-08 5.656670e-07
0.000000e+00 2.671641e-10 -4.945377e-11 2.856084e-10 2.041033e-08 6.170999e-07
4.547474e-13 2.955574e-10 9.117684e-10 2.833084e-10 1.708618e-08 6.594617e-07
9.094947e-13 3.184084e-10 1.928925e-09 2.046646e-10 1.303021e-08 6.907292e-07
1.136868e-12 3.346656e-10 2.983938e-09 5.991619e-11 8.323956e-09 7.090644e-07
1.136868e-12 3.433911e-10 4.056005e-09 -1.155614e-10 3.094295e-09 7.128946e-07
7.958079e-13 3.439311e-10 5.122502e-09 -2.683545e-10 -2.494557e-09 7.009611e-07
2.273737e-13 3.358878e-10 6.158871e-09 -3.487826e-10 -8.260782e-09 6.723741e-07
-3.410605e-13 3.191474e-10 7.139533e-09 -3.363598e-10 -1.401363e-08 6.266937e-07
-7.958079e-13 2.938521e-10 8.038910e-09 -2.383088e-10 -1.956162e-08 5.639522e-07
-1.023182e-12 2.604850e-10 8.831421e-09 -8.553673e-11 -2.472916e-08 4.846938e-07
-1.023182e-12 2.196998e-10 9.492965e-09 8.156826e-11 -2.936035e-08 3.900052e-07
-7.958079e-13 1.724061e-10 1.000149e-08 2.245787e-10 -3.331633e-08 2.815037e-07
-3.410605e-13 1.197407e-10 1.033754e-08 3.056829e-10 -3.647584e-08 1.613263e-07
1.136868e-13 6.298251e-11 1.048556e-08 3.051401e-10 -3.873041e-08 3.207914e-08
5.684342e-13 3.552714e-12 1.043384e-08 2.238735e-10 -3.997819e-08 -1.032265e-07
7.958079e-13 -5.695711e-11 1.017588e-08 8.482262e-11 -4.012381e-08 -2.412752e-07
7.958079e-13 -1.168416e-10 9.710106e-09 -6.813848e-11 -3.909660e-08 -3.785642e-07
5.684342e-13 -1.742535e-10 9.040264e-09 -1.930516e-10 -3.686886e-08 -5.114964e-07
1.136868e-13 -2.274305e-10 8.175562e-09 -2.520597e-10 -3.346339e-08 -6.364908e-07
-2.273737e-13 -2.746390e-10 7.130666e-09 -2.352610e-10 -2.895969e-08 -7.500999e-07
-5.684342e-13 -3.142873e-10 5.925244e-09 -1.521342e-10 -2.350532e-08 -8.491176e-07
-6.821210e-13 -3.451532e-10 4.583399e-09 -2.598104e-11 -1.730568e-08 -9.306587e-07
-5.684342e-13 -3.662137e-10 3.133323e-09 1.008339e-10 -1.060602e-08 -9.922247e-07
-3.410605e-13 -3.769571e-10 1.606736e-09 1.916446e-10 -3.671337e-09 -1.031800e-06
0.000000e+00 -3.772413e-10 3.785772e-11 2.224419e-10 3.234932e-09 -1.047924e-06
3.410605e-13 -3.672653e-10 -1.537046e-09 1.848892e-10 9.862062e-09 -1.039762e-06
5.684342e-13 -3.476543e-10 -3.081368e-09 9.447713e-11 1.598805e-08 -1.007141e-06
5.684342e-13 -3.192895e-10 -4.558387e-09 -1.380456e-11 2.142595e-08 -9.505556e-07
4.547474e-13 -2.833644e-10 -5.932975e-09 -1.073024e-10 2.602076e-08 -8.711780e-07
2.273737e-13 -2.412435e-10 -7.171934e-09 -1.615433e-10 2.964723e-08 -7.708330e-07
0.000000e+00 -1.944329e-10 -8.245365e-09 -1.702027e-10 3.220035e-08 -6.519668e-07
-2.273737e-13 -1.446381e-10 -9.127689e-09 -1.367278e-10 3.359683e-08 -5.175710e-07
-4.547474e-13 -9.364953e-11 -9.797986e-09 -6.960211e-11 3.378478e-08 -3.711047e-07
-4.547474e-13 -4.328626e-11 -1.024091e-08 3.642811e-12 3.274835e-08 -2.164075e-07
-4.547474e-13 4.604317e-12 -1.044714e-08 6.070287e-11 3.052066e-08 -5.759538e-08
-3.410605e-13 4.828848e-11 -1.041371e-08 8.987406e-11 2.719476e-08 1.010476e-07
-2.273737e-13 8.620304e-11 -1.014405e-08 8.574457e-11 2.292735e-08 2.551893e-07
-1.136868e-13 1.170690e-10 -9.648147e-09 5.510852e-11 1.793358e-08 4.005794e-07
0.000000e+00 1.399769e-10 -8.942379e-09 1.237698e-11 1.247514e-08 5.332010e-07
0.000000e+00 1.544720e-10 -8.048687e-09 -2.484825e-11 6.837240e-09 6.493982e-07
0.000000e+00 1.604974e-10 -6.994242e-09 -4.626236e-11 1.300154e-09 7.459903e-07
-1.136868e-13 1.583942e-10 -5.810648e-09 -4.395089e-11 -3.880591e-09 8.203961e-07
-2.273737e-13 1.488729e-10 -4.533035e-09 -1.457406e-11 -8.489283e-09 8.707408e-07
-2.273737e-13 1.329283e-10 -3.198465e-09 2.515165e-11 -1.235713e-08 8.959093e-07
-2.273737e-13 1.118110e-10 -1.845251e-09 5.880964e-11 -1.536256e-08 8.955666e-07
-1.136868e-13 8.685674e-11 -5.117045e-10 7.331980e-11 -1.742752e-08 8.701833e-07
0.000000e+00 5.951506e-11 7.652261e-10 5.716638e-11 -1.850813e-08 8.210149e-07
1.136868e-13 3.132072e-11 1.951321e-09 1.445908e-11 -1.858945e-08 7.500243e-07
1.136868e-13 3.751666e-12 3.015316e-09 -3.556211e-11 -1.768354e-08 6.598436e-07
1.136868e-13 -2.171419e-11 3.930836e-09 -6.976140e-11 -1.583356e-08 5.537038e-07
0.000000e+00 -4.374101e-11 4.676508e-09 -6.859351e-11 -1.311103e-08 4.353110e-07
-1.136868e-13 -6.104983e-11 5.236870e-09 -1.996836e-11 -9.625850e-09 3.087427e-07
-1.136868e-13 -7.261747e-11 5.602828e-09 6.131741e-11 -5.534544e-09 1.783101e-07
1.136868e-13 -7.764811e-11 5.771881e-09 1.389900e-10 -1.032252e-09 4.839161e-08
3.410605e-13 -7.568701e-11 5.748007e-09 1.826743e-10 3.648638e-09 -7.673149e-08
5.684342e-13 -6.667733e-11 5.541665e-09 1.715209e-10 8.260785e-09 -1.930372e-07
