0.000000e+00 0.000000e+00 0.000000e+00 0.000000e+00 0.000000e+00 0.000000e+00
0.000000e+00 0.000000e+00 0.000000e+00 0.000000e+00 0.000000e+00 0.000000e+00
0.000000e+00 0.000000e+00 0.000000e+00 0.000000e+00 0.000000e+00 0.000000e+00
0.000000e+00 0.000000e+00 0.000000e+00 0.000000e+00 0.000000e+00 0.000000e+00
0.000000e+00 0.000000e+00 0.000000e+00 0.000000e+00 0.000000e+00 0.000000e+00
0.000000e+00 0.000000e+00 0.000000e+00 0.000000e+00 0.000000e+00 0.000000e+00
0.000000e+00 0.000000e+00 0.000000e+00 0.000000e+00 0.000000e+00 0.000000e+00
0.000000e+00 0.000000e+00 0.000000e+00 0.000000e+00 0.000000e+00 0.000000e+00
0.000000e+00 0.000000e+00 0.000000e+00 0.000000e+00 0.000000e+00 0.000000e+00
0.000000e+00 0.000000e+00 0.000000e+00 0.000000e+00 0.000000e+00 0.000000e+00
0.000000e+00 0.000000e+00 0.000000e+00 0.000000e+00 0.000000e+00 0.000000e+00
0.000000e+00 0.000000e+00 0.000000e+00 0.000000e+00 0.000000e+00 0.000000e+00
0.000000e+00 0.000000e+00 0.000000e+00 0.000000e+00 0.000000e+00 0.000000e+00
0.000000e+00 0.000000e+00 0.000000e+00 0.000000e+00 0.000000e+00 0.000000e+00
0.000000e+00 0.000000e+00 0.000000e+00 0.000000e+00 0.000000e+00 0.000000e+00
0.000000e+00 0.000000e+00 0.000000e+00 0.000000e+00 0.000000e+00 0.000000e+00
0.000000e+00 0.000000e+00 0.000000e+00 0.000000e+00 0.000000e+00 0.000000e+00
0.000000e+00 0.000000e+00 0.000000e+00 0.000000e+00 0.000000e+00 0.000000e+00
0.000000e+00 0.000000e+00 0.000000e+00 0.000000e+00 0.000000e+00 0.000000e+00
0.000000e+00 0.000000e+00 0.000000e+00 0.000000e+00 0.000000e+00 0.000000e+00
0.000000e+00 0.000000e+00 0.000000e+00 0.000000e+00 0.000000e+00 0.000000e+00
0.000000e+00 0.000000e+00 0.000000e+00 0.000000e+00 0.000000e+00 0.000000e+00
0.000000e+00 0.000000e+00 0.000000e+00 0.000000e+00 0.000000e+00 0.000000e+00
0.000000e+00 0.000000e+00 0.000000e+00 0.000000e+00 0.000000e+00 0.000000e+00
0.000000e+00 0.000000e+00 0.000000e+00 0.000000e+00 0.000000e+00 0.000000e+00
0.000000e+00 0.000000e+00 0.000000e+00 0.000000e+00 0.000000e+00 0.000000e+00
0.000000e+00 0.000000e+00 0.000000e+00 0.000000e+00 0.000000e+00 0.000000e+00
0.000000e+00 0.000000e+00 0.000000e+00 0.000000e+00 0.000000e+00 0.000000e+00
0.000000e+00 0.000000e+00 0.000000e+00 0.000000e+00 0.000000e+00 0.000000e+00
0.000000e+00 0.000000e+00 0.000000e+00 0.000000e+00 0.000000e+00 0.000000e+00
0.000000e+00 0.000000e+00 0.000000e+00 0.000000e+00 0.000000e+00 0.000000e+00
0.000000e+00 0.000000e+00 0.000000e+00 0.000000e+00 0.000000e+00 0.000000e+00
0.000000e+00 0.000000e+00 0.000000e+00 0.000000e+00 0.000000e+00 0.000000e+00
0.000000e+00 0.000000e+00 0.000000e+00 0.000000e+00 0.000000e+00 0.000000e+00
0.000000e+00 0.000000e+00 0.000000e+00 0.000000e+00 0.000000e+00 0.000000e+00
0.000000e+00 0.000000e+00 0.000000e+00 0.000000e+00 0.000000e+00 0.000000e+00
0.000000e+00 0.000000e+00 0.000000e+00 0.000000e+00 0.000000e+00 0.000000e+00
0.000000e+00 0.000000e+00 0.000000e+00 0.000000e+00 0.000000e+00 0.000000e+00
0.000000e+00 0.000000e+00 0.000000e+00 0.000000e+00 0.000000e+00 0.000000e+00
0.000000e+00 0.000000e+00 0.000000e+00 0.000000e+00 0.000000e+00 0.000000e+00
0.000000e+00 0.000000e+00 0.000000e+00 0.000000e+00 0.000000e+00 0.000000e+00
0.000000e+00 0.000000e+00 0.000000e+00 0.000000e+00 0.000000e+00 0.000000e+00
0.000000e+00 0.000000e+00 0.000000e+00 0.000000e+00 0.000000e+00 0.000000e+00
0.000000e+00 0.000000e+00 0.000000e+00 0.000000e+00 0.000000e+00 0.000000e+00
0.000000e+00 0.000000e+00 0.000000e+00 0.000000e+00 0.000000e+00 0.000000e+00
0.000000e+00 0.000000e+00 0.000000e+00 0.000000e+00 0.000000e+00 0.000000e+00
0.000000e+00 0.000000e+00 0.000000e+00 0.000000e+00 0.000000e+00 0.000000e+00
0.000000e+00 0.000000e+00 0.000000e+00 0.000000e+00 0.000000e+00 0.000000e+00
0.000000e+00 0.000000e+00 0.000000e+00 0.000000e+00 0.000000e+00 0.000000e+00
0.000000e+00 0.000000e+00 0.000000e+00 0.000000e+00 0.000000e+00 0.000000e+00
0.000000e+00 0.000000e+00 0.000000e+00 0.000000e+00 0.000000e+00 0.000000e+00
0.000000e+00 0.000000e+00 0.000000e+00 0.000000e+00 0.000000e+00 0.000000e+00
0.000000e+00 0.000000e+00 0.000000e+00 0.000000e+00 0.000000e+00 0.000000e+00
0.000000e+00 0.000000e+00 0.000000e+00 0.000000e+00 0.000000e+00 0.000000e+00
0.000000e+00 0.000000e+00 0.000000e+00 0.000000e+00 0.000000e+00 0.000000e+00
0.000000e+00 0.000000e+00 0.000000e+00 0.000000e+00 0.000000e+00 0.000000e+00
0.000000e+00 0.000000e+00 0.000000e+00 0.000000e+00 0.000000e+00 0.000000e+00
0.000000e+00 0.000000e+00 0.000000e+00 0.000000e+00 0.000000e+00 0.000000e+00
0.000000e+00 0.000000e+00 0.000000e+00 0.000000e+00 0.000000e+00 0.000000e+00
0.000000e+00 0.000000e+00 0.000000e+00 0.000000e+00 0.000000e+00 0.000000e+00
0.000000e+00 0.000000e+00 0.000000e+00 0.000000e+00 0.000000e+00 0.000000e+00
0.000000e+00 0.000000e+00 0.000000e+00 0.000000e+00 0.000000e+00 0.000000e+00
0.000000e+00 0.000000e+00 0.000000e+00 0.000000e+00 0.000000e+00 0.000000e+00
0.000000e+00 0.000000e+00 0.000000e+00 0.000000e+00 0.000000e+00 0.000000e+00
0.000000e+00 0.000000e+00 0.000000e+00 0.000000e+00 0.000000e+00 0.000000e+00
0.000000e+00 0.000000e+00 0.000000e+00 0.000000e+00 0.000000e+00 0.000000e+00
0.000000e+00 0.000000e+00 0.000000e+00 0.000000e+00 0.000000e+00 0.000000e+00
0.000000e+00 0.000000e+00 0.000000e+00 0.000000e+00 0.000000e+00 0.000000e+00
0.000000e+00 0.000000e+00 0.000000e+00 0.000000e+00 0.000000e+00 0.000000e+00
0.000000e+00 0.000000e+00 0.000000e+00 0.000000e+00 0.000000e+00 0.000000e+00
0.000000e+00 0.000000e+00 0.000000e+00 0.000000e+00 0.000000e+00 0.000000e+00
0.000000e+00 0.000000e+00 0.000000e+00 0.000000e+00 0.000000e+00 0.000000e+00
0.000000e+00 0.000000e+00 0.000000e+00 0.000000e+00 0.000000e+00 0.000000e+00
0.000000e+00 0.000000e+00 0.000000e+00 0.000000e+00 0.000000e+00 0.000000e+00
0.000000e+00 0.000000e+00 0.000000e+00 0.000000e+00 0.000000e+00 0.000000e+00
0.000000e+00 0.000000e+00 0.000000e+00 0.000000e+00 0.000000e+00 0.000000e+00
0.000000e+00 0.000000e+00 0.000000e+00 0.000000e+00 0.000000e+00 0.000000e+00
0.000000e+00 0.000000e+00 0.000000e+00 0.000000e+00 0.000000e+00 0.000000e+00
0.000000e+00 0.000000e+00 0.000000e+00 0.000000e+00 0.000000e+00 0.000000e+00
0.000000e+00 0.000000e+00 0.000000e+00 0.000000e+00 0.000000e+00 0.000000e+00
0.000000e+00 0.000000e+00 0.000000e+00 0.000000e+00 0.000000e+00 0.000000e+00
0.000000e+00 0.000000e+00 0.000000e+00 0.000000e+00 0.000000e+00 0.000000e+00
0.000000e+00 0.000000e+00 0.000000e+00 0.000000e+00 0.000000e+00 0.000000e+00
0.000000e+00 0.000000e+00 0.000000e+00 0.000000e+00 0.000000e+00 0.000000e+00
0.000000e+00 0.000000e+00 0.000000e+00 0.000000e+00 0.000000e+00 0.000000e+00
0.000000e+00 0.000000e+00 0.000000e+00 0.000000e+00 0.000000e+00 0.000000e+00
0.000000e+00 0.000000e+00 0.000000e+00 0.000000e+00 0.000000e+00 0.000000e+00
0.000000e+00 0.000000e+00 0.000000e+00 0.000000e+00 0.000000e+00 0.000000e+00
0.000000e+00 0.000000e+00 0.000000e+00 0.000000e+00 0.000000e+00 0.000000e+00
0.000000e+00 0.000000e+00 0.000000e+00 0.000000e+00 0.000000e+00 0.000000e+00
0.000000e+00 0.000000e+00 0.000000e+00 0.000000e+00 0.000000e+00 0.000000e+00
0.000000e+00 0.000000e+00 0.000000e+00 0.000000e+00 0.000000e+00 0.000000e+00
0.000000e+00 0.000000e+00 0.000000e+00 0.000000e+00 0.000000e+00 0.000000e+00
0.000000e+00 0.000000e+00 0.000000e+00 0.000000e+00 0.000000e+00 0.000000e+00
0.000000e+00 0.000000e+00 0.000000e+00 0.000000e+00 0.000000e+00 0.000000e+00
0.000000e+00 0.000000e+00 0.000000e+00 0.000000e+00 0.000000e+00 0.000000e+00
0.000000e+00 0.000000e+00 0.000000e+00 0.000000e+00 0.000000e+00 0.000000e+00
0.000000e+00 0.000000e+00 0.000000e+00 0.000000e+00 0.000000e+00 0.000000e+00
0.000000e+00 0.000000e+00 0.000000e+00 0.000000e+00 0.000000e+00 0.000000e+00
0.000000e+00 0.000000e+00 0.000000e+00 0.000000e+00 0.000000e+00 0.000000e+00
0.000000e+00 0.000000e+00 0.000000e+00 0.000000e+00 0.000000e+00 0.000000e+00
0.000000e+00 0.000000e+00 0.000000e+00 0.000000e+00 0.000000e+00 0.000000e+00
0.000000e+00 0.000000e+00 0.000000e+00 0.000000e+00 0.000000e+00 0.000000e+00
0.000000e+00 0.000000e+00 0.000000e+00 0.000000e+00 0.000000e+00 0.000000e+00
0.000000e+00 0.000000e+00 0.000000e+00 0.000000e+00 0.000000e+00 0.000000e+00
0.000000e+00 0.000000e+00 0.000000e+00 0.000000e+00 0.000000e+00 0.000000e+00
0.000000e+00 0.000000e+00 0.000000e+00 0.000000e+00 0.000000e+00 0.000000e+00
0.000000e+00 0.000000e+00 0.000000e+00 0.000000e+00 0.000000e+00 0.000000e+00
0.000000e+00 0.000000e+00 0.000000e+00 0.000000e+00 0.000000e+00 0.000000e+00
0.000000e+00 0.000000e+00 0.000000e+00 0.000000e+00 0.000000e+00 0.000000e+00
0.000000e+00 0.000000e+00 0.000000e+00 0.000000e+00 0.000000e+00 0.000000e+00
0.000000e+00 0.000000e+00 0.000000e+00 0.000000e+00 0.000000e+00 0.000000e+00
0.000000e+00 0.000000e+00 0.000000e+00 0.000000e+00 0.000000e+00 0.000000e+00
0.000000e+00 0.000000e+00 0.000000e+00 0.000000e+00 0.000000e+00 0.000000e+00
0.000000e+00 0.000000e+00 0.000000e+00 0.000000e+00 0.000000e+00 0.000000e+00
0.000000e+00 0.000000e+00 0.000000e+00 0.000000e+00 0.000000e+00 0.000000e+00
0.000000e+00 0.000000e+00 0.000000e+00 0.000000e+00 0.000000e+00 0.000000e+00
0.000000e+00 0.000000e+00 0.000000e+00 0.000000e+00 0.000000e+00 0.000000e+00
0.000000e+00 0.000000e+00 0.000000e+00 0.000000e+00 0.000000e+00 0.000000e+00
0.000000e+00 0.000000e+00 0.000000e+00 0.000000e+00 0.000000e+00 0.000000e+00
0.000000e+00 0.000000e+00 0.000000e+00 0.000000e+00 0.000000e+00 0.000000e+00
0.000000e+00 0.000000e+00 0.000000e+00 0.000000e+00 0.000000e+00 0.000000e+00
0.000000e+00 0.000000e+00 0.000000e+00 0.000000e+00 0.000000e+00 0.000000e+00
0.000000e+00 0.000000e+00 0.000000e+00 0.000000e+00 0.000000e+00 0.000000e+00
0.000000e+00 0.000000e+00 0.000000e+00 0.000000e+00 0.000000e+00 0.000000e+00
0.000000e+00 0.000000e+00 0.000000e+00 0.000000e+00 0.000000e+00 0.000000e+00
0.000000e+00 0.000000e+00 0.000000e+00 0.000000e+00 0.000000e+00 0.000000e+00
0.000000e+00 0.000000e+00 0.000000e+00 0.000000e+00 0.000000e+00 0.000000e+00
0.000000e+00 0.000000e+00 0.000000e+00 0.000000e+00 0.000000e+00 0.000000e+00
0.000000e+00 0.000000e+00 0.000000e+00 0.000000e+00 0.000000e+00 0.000000e+00
0.000000e+00 0.000000e+00 0.000000e+00 0.000000e+00 0.000000e+00 0.000000e+00
0.000000e+00 0.000000e+00 0.000000e+00 0.000000e+00 0.000000e+00 0.000000e+00
0.000000e+00 0.000000e+00 0.000000e+00 0.000000e+00 0.000000e+00 0.000000e+00
0.000000e+00 0.000000e+00 0.000000e+00 0.000000e+00 0.000000e+00 0.000000e+00
0.000000e+00 0.000000e+00 0.000000e+00 0.000000e+00 0.000000e+00 0.000000e+00
0.000000e+00 0.000000e+00 0.000000e+00 0.000000e+00 0.000000e+00 0.000000e+00
0.000000e+00 0.000000e+00 0.000000e+00 0.000000e+00 0.000000e+00 0.000000e+00
0.000000e+00 0.000000e+00 0.000000e+00 0.000000e+00 0.000000e+00 0.000000e+00
0.000000e+00 0.000000e+00 0.000000e+00 0.000000e+00 0.000000e+00 0.000000e+00
0.000000e+00 0.000000e+00 0.000000e+00 0.000000e+00 0.000000e+00 0.000000e+00
0.000000e+00 0.000000e+00 0.000000e+00 0.000000e+00 0.000000e+00 0.000000e+00
0.000000e+00 0.000000e+00 0.000000e+00 0.000000e+00 0.000000e+00 0.000000e+00
0.000000e+00 0.000000e+00 0.000000e+00 0.000000e+00 0.000000e+00 0.000000e+00
0.000000e+00 0.000000e+00 0.000000e+00 0.000000e+00 0.000000e+00 0.000000e+00
0.000000e+00 0.000000e+00 0.000000e+00 0.000000e+00 0.000000e+00 0.000000e+00
0.000000e+00 0.000000e+00 0.000000e+00 0.000000e+00 0.000000e+00 0.000000e+00
0.000000e+00 0.000000e+00 0.000000e+00 0.000000e+00 0.000000e+00 0.000000e+00
0.000000e+00 0.000000e+00 0.000000e+00 0.000000e+00 0.000000e+00 9.410062e-13
0.000000e+00 0.000000e+00 0.000000e+00 0.000000e+00 0.000000e+00 4.564275e-12
0.000000e+00 0.000000e+00 0.000000e+00 0.000000e+00 0.000000e+00 1.405359e-11
0.000000e+00 0.000000e+00 2.842171e-14 -5.955700e-29 -5.955700e-29 3.039121e-11
0.000000e+00 0.000000e+00 1.136868e-13 -1.191140e-28 -1.191140e-28 4.945391e-11
0.000000e+00 0.000000e+00 2.273737e-13 -2.779327e-28 -2.779327e-28 6.745717e-11
0.000000e+00 0.000000e+00 3.410605e-13 -1.191140e-28 -1.191140e-28 8.606092e-11
0.000000e+00 0.000000e+00 5.115908e-13 8.337981e-28 8.337981e-28 1.040629e-10
0.000000e+00 0.000000e+00 6.536993e-13 2.104347e-27 2.104347e-27 1.227438e-10
0.000000e+00 0.000000e+00 8.526513e-13 3.374897e-27 3.374897e-27 1.444077e-10
0.000000e+00 0.000000e+00 1.108447e-12 4.010172e-27 4.010172e-27 1.630494e-10
0.000000e+00 0.000000e+00 1.364242e-12 4.010172e-27 4.010172e-27 1.748432e-10
0.000000e+00 0.000000e+00 1.620037e-12 4.010172e-27 4.010172e-27 1.788470e-10
0.000000e+00 0.000000e+00 1.875833e-12 4.645446e-27 4.645446e-27 1.716563e-10
0.000000e+00 0.000000e+00 2.131628e-12 5.280721e-27 5.280721e-27 1.450233e-10
0.000000e+00 0.000000e+00 2.330580e-12 5.280721e-27 5.280721e-27 9.188129e-11
0.000000e+00 0.000000e+00 2.415845e-12 5.280721e-27 5.280721e-27 1.022840e-11
0.000000e+00 0.000000e+00 2.359002e-12 5.915996e-27 5.915996e-27 -9.993593e-11
0.000000e+00 0.000000e+00 2.131628e-12 7.742411e-27 7.742411e-27 -2.382720e-10
0.000000e+00 0.000000e+00 1.648459e-12 8.933551e-27 8.933551e-27 -4.000544e-10
0.000000e+00 0.000000e+00 9.094947e-13 7.663001e-27 7.663001e-27 -5.792371e-10
0.000000e+00 0.000000e+00 -1.136868e-13 6.392452e-27 6.392452e-27 -7.713141e-10
0.000000e+00 0.000000e+00 -1.421085e-12 6.392452e-27 6.392452e-27 -9.762435e-10
0.000000e+00 0.000000e+00 -3.069545e-12 1.655685e-26 1.655685e-26 -1.198570e-09
0.000000e+00 0.000000e+00 -5.030643e-12 2.672124e-26 2.672124e-26 -1.446501e-09
0.000000e+00 0.000000e+00 -7.389644e-12 2.672124e-26 2.672124e-26 -1.730046e-09
0.000000e+00 0.000000e+00 -1.020339e-11 6.911979e-13 6.911979e-13 -2.056375e-09
0.000000e+00 0.000000e+00 -1.355716e-11 2.734728e-12 2.734728e-12 -2.428415e-09
0.000000e+00 0.000000e+00 -1.747935e-11 5.950470e-12 5.950470e-12 -2.838180e-09
0.000000e+00 0.000000e+00 -2.205525e-11 9.016154e-12 9.016154e-12 -3.262144e-09
0.000000e+00 0.000000e+00 -2.725642e-11 1.003805e-11 1.003805e-11 -3.661319e-09
0.000000e+00 0.000000e+00 -3.302603e-11 7.693626e-12 7.693626e-12 -3.988409e-09
0.000000e+00 0.000000e+00 -3.919354e-11 3.335477e-12 3.335477e-12 -4.198820e-09
0.000000e+00 0.000000e+00 -4.561684e-11 -9.324818e-13 -9.324818e-13 -4.249426e-09
0.000000e+00 0.000000e+00 -5.195488e-11 -4.869744e-12 -4.869744e-12 -4.101501e-09
0.000000e+00 0.000000e+00 -5.789502e-11 -9.317824e-12 -9.317824e-12 -3.728552e-09
0.000000e+00 0.000000e+00 -6.312462e-11 -1.289433e-11 -1.289433e-11 -3.108119e-09
0.000000e+00 0.000000e+00 -6.721734e-11 -1.204541e-11 -1.204541e-11 -2.216682e-09
0.000000e+00 0.000000e+00 -6.977530e-11 -6.951195e-12 -6.951195e-12 -1.025734e-09
0.000000e+00 0.000000e+00 -7.028689e-11 2.173906e-13 2.173906e-13 4.947139e-10
0.000000e+00 0.000000e+00 -6.826895e-11 5.846120e-12 5.846120e-12 2.379296e-09
0.000000e+00 0.000000e+00 -6.312462e-11 7.552329e-12 7.552329e-12 4.669400e-09
0.000000e+00 0.000000e+00 -5.425704e-11 5.847352e-12 5.847352e-12 7.400168e-09
0.000000e+00 0.000000e+00 -4.092726e-11 2.609922e-12 2.609922e-12 1.058185e-08
0.000000e+00 0.000000e+00 -2.250999e-11 -8.308078e-13 -8.308078e-13 1.419774e-08
0.000000e+00 0.000000e+00 1.648459e-12 -4.414971e-12 -4.414971e-12 1.820224e-08
0.000000e+00 0.000000e+00 3.208811e-11 -9.675279e-12 -9.675279e-12 2.250730e-08
0.000000e+00 0.000000e+00 6.917844e-11 -1.562704e-11 -1.562704e-11 2.699023e-08
0.000000e+00 0.000000e+00 1.130616e-10 -1.986572e-11 -1.986572e-11 3.149525e-08
0.000000e+00 0.000000e+00 1.636522e-10 -2.239104e-11 -2.239104e-11 3.584077e-08
0.000000e+00 0.000000e+00 2.205809e-10 -2.206086e-11 -2.206086e-11 3.983099e-08
0.000000e+00 0.000000e+00 2.831371e-10 -1.905556e-11 -1.905556e-11 4.325885e-08
0.000000e+00 0.000000e+00 3.503544e-10 -1.469741e-11 -1.469741e-11 4.590306e-08
0.000000e+00 0.000000e+00 4.208687e-10 -1.181185e-11 -1.181185e-11 4.752762e-08
0.000000e+00 0.000000e+00 4.929461e-10 -1.006869e-11 -1.006869e-11 4.788767e-08
0.000000e+00 0.000000e+00 5.645120e-10 -7.003009e-12 -7.003009e-12 4.673133e-08
0.000000e+00 0.000000e+00 6.331220e-10 -4.266986e-12 -4.266986e-12 4.380597e-08
0.000000e+00 0.000000e+00 6.959340e-10 -3.754354e-12 -3.754354e-12 3.886817e-08
0.000000e+00 0.000000e+00 7.497363e-10 -6.336952e-12 -6.336952e-12 3.170303e-08
0.000000e+00 0.000000e+00 7.910330e-10 -1.219516e-11 -1.219516e-11 2.215212e-08
0.000000e+00 0.000000e+00 8.161862e-10 -1.958582e-11 -1.958582e-11 1.012812e-08
0.000000e+00 0.000000e+00 8.214442e-10 -2.811837e-11 -2.811837e-11 -4.364616e-09
0.000000e+00 0.000000e+00 8.031122e-10 -3.628964e-11 -3.628964e-11 -2.120058e-08
0.000000e+00 0.000000e+00 7.578365e-10 -4.681092e-11 -4.681092e-11 -4.013802e-08
-1.136868e-13 -1.136868e-13 6.826895e-10 -5.309613e-11 -5.309613e-11 -6.082443e-08
-2.273737e-13 -2.273737e-13 5.753691e-10 -4.377375e-11 -4.377375e-11 -8.279642e-08
-3.410605e-13 -3.410605e-13 4.343121e-10 -2.034774e-11 -2.034774e-11 -1.054967e-07
-3.410605e-13 -3.410605e-13 2.588649e-10 7.702323e-12 7.702323e-12 -1.282799e-07
-3.410605e-13 -3.410605e-13 4.945377e-11 3.270755e-11 3.270755e-11 -1.504271e-07
-3.410605e-13 -3.410605e-13 -1.924150e-10 5.512578e-11 5.512578e-11 -1.711562e-07
-2.273737e-13 -2.273737e-13 -4.640128e-10 7.105447e-11 7.105447e-11 -1.896294e-07
-1.136868e-13 -1.136868e-13 -7.613039e-10 7.354858e-11 7.354858e-11 -2.049783e-07
0.000000e+00 0.000000e+00 -1.078945e-09 6.297042e-11 6.297042e-11 -2.163260e-07
1.136868e-13 1.136868e-13 -1.410285e-09 4.202674e-11 4.202674e-11 -2.228118e-07
2.273737e-13 2.273737e-13 -1.747367e-09 7.998590e-12 7.998590e-12 -2.236397e-07
2.273737e-13 2.273737e-13 -2.081180e-09 -3.023858e-11 -3.023858e-11 -2.181242e-07
2.273737e-13 2.273737e-13 -2.401748e-09 -6.371938e-11 -6.371938e-11 -2.057384e-07
1.136868e-13 1.136868e-13 -2.698414e-09 -9.026228e-11 -9.026228e-11 -1.861597e-07
0.000000e+00 0.000000e+00 -2.960235e-09 -1.057245e-10 -1.057245e-10 -1.592999e-07
-1.136868e-13 -1.136868e-13 -3.176297e-09 -1.118806e-10 -1.118806e-10 -1.253368e-07
-2.273737e-13 -2.273737e-13 -3.336226e-09 -1.088813e-10 -1.088813e-10 -8.472277e-08
-3.410605e-13 -3.410605e-13 -3.430443e-09 -9.783746e-11 -9.783746e-11 -3.818603e-08
-4.547474e-13 -4.547474e-13 -3.450765e-09 -7.524565e-11 -7.524565e-11 1.328486e-08
-5.684342e-13 -5.684342e-13 -3.390596e-09 -3.262845e-11 -3.262845e-11 6.847026e-08
-5.684342e-13 -5.684342e-13 -3.245361e-09 2.425613e-11 2.425613e-11 1.259435e-07
-5.684342e-13 -5.684342e-13 -3.012758e-09 8.523886e-11 8.523886e-11 1.841095e-07
-4.547474e-13 -4.547474e-13 -2.693014e-09 1.390899e-10 1.390899e-10 2.412458e-07
-2.273737e-13 -2.273737e-13 -2.289028e-09 1.660913e-10 1.660913e-10 2.955509e-07
0.000000e+00 0.000000e+00 -1.806370e-09 1.538845e-10 1.538845e-10 3.451995e-07
2.273737e-13 2.273737e-13 -1.253426e-09 1.046251e-10 1.046251e-10 3.884018e-07
3.410605e-13 3.410605e-13 -6.411653e-10 3.154227e-11 3.136189e-11 4.234687e-07
2.273737e-13 2.273737e-13 1.696776e-11 -3.522152e-11 -3.576266e-11 4.488832e-07
2.273737e-13 2.273737e-13 7.054837e-10 -8.447303e-11 -8.603606e-11 4.633763e-07
1.136868e-13 1.136868e-13 1.407102e-09 -1.155496e-10 -1.187954e-10 4.660042e-07
-1.136868e-13 -1.136868e-13 2.103491e-09 -1.123119e-10 -1.170901e-10 4.562007e-07
-2.273737e-13 -3.410605e-13 2.775721e-09 -8.187592e-11 -7.888847e-11 4.338109e-07
-3.410605e-13 -4.547474e-13 3.404949e-09 -4.074799e-11 -2.057617e-11 3.991256e-07
-4.547474e-13 -4.547474e-13 3.973099e-09 2.563998e-12 3.248545e-11 3.528848e-07
-4.547474e-13 -4.547474e-13 4.463601e-09 3.250872e-11 6.429410e-11 2.962510e-07
-4.547474e-13 -3.410605e-13 4.861846e-09 4.548220e-11 7.109497e-11 2.307692e-07
-3.410605e-13 -2.273737e-13 5.155897e-09 4.531428e-11 5.728859e-11 1.583095e-07
-2.273737e-13 -1.136868e-13 5.336773e-09 3.356682e-11 3.211182e-11 8.100125e-08
-2.273737e-13 -1.136868e-13 5.398903e-09 2.641534e-11 1.101995e-11 1.161220e-09
-2.273737e-13 -1.136868e-13 5.340269e-09 3.593375e-11 9.860403e-12 -7.879293e-08
-2.273737e-13 -1.136868e-13 5.162548e-09 6.159163e-11 3.011569e-11 -1.564269e-07
-1.136868e-13 -1.136868e-13 4.870998e-09 9.098000e-11 6.263961e-11 -2.293641e-07
0.000000e+00 0.000000e+00 4.474458e-09 1.059388e-10 8.749787e-11 -2.953683e-07
1.136868e-13 1.136868e-13 3.984894e-09 9.743253e-11 8.643294e-11 -3.524287e-07
2.273737e-13 2.273737e-13 3.417171e-09 5.851565e-11 5.159852e-11 -3.988372e-07
3.410605e-13 3.410605e-13 2.788397e-09 -1.723054e-11 -2.108711e-11 -4.332639e-07
2.273737e-13 2.273737e-13 2.117389e-09 -1.120214e-10 -1.109838e-10 -4.548031e-07
0.000000e+00 0.000000e+00 1.423984e-09 -1.930623e-10 -1.832220e-10 -4.630104e-07
-3.410605e-13 -2.273737e-13 7.283631e-10 -2.330009e-10 -2.246990e-10 -4.579284e-07
-6.821210e-13 -5.684342e-13 5.022116e-11 -2.129638e-10 -2.214557e-10 -4.400797e-07
-1.023182e-12 -9.094947e-13 -5.918821e-10 -1.254733e-10 -1.554688e-10 -4.104373e-07
-1.136868e-12 -1.023182e-12 -1.181093e-09 1.124934e-11 -4.345084e-11 -3.703778e-07
-1.023182e-12 -1.023182e-12 -1.703000e-09 1.577168e-10 8.515257e-11 -3.216135e-07
-6.821210e-13 -7.958079e-13 -2.145953e-09 2.755391e-10 2.037078e-10 -2.661104e-07
-1.136868e-13 -3.410605e-13 -2.501338e-09 3.235398e-10 2.760873e-10 -2.060127e-07
3.410605e-13 1.136868e-13 -2.763983e-09 2.925324e-10 2.840464e-10 -1.435557e-07
7.958079e-13 5.684342e-13 -2.932012e-09 1.943239e-10 2.265695e-10 -8.098416e-08
1.023182e-12 7.958079e-13 -3.006932e-09 4.969850e-11 1.239533e-10 -2.047282e-08
1.023182e-12 9.094947e-13 -2.993403e-09 -9.639252e-11 8.770149e-12 3.594657e-08
7.958079e-13 7.958079e-13 -2.899071e-09 -2.018846e-10 -9.419356e-11 8.645534e-08
3.410605e-13 5.684342e-13 -2.734026e-09 -2.341519e-10 -1.601064e-10 1.295197e-07
0.000000e+00 3.410605e-13 -2.510490e-09 -1.921540e-10 -1.833738e-10 1.639429e-07
-3.410605e-13 1.136868e-13 -2.242189e-09 -9.871606e-11 -1.744939e-10 1.889037e-07
-3.410605e-13 -1.136868e-13 -1.943761e-09 3.912853e-12 -1.436723e-10 2.039779e-07
-2.273737e-13 -3.410605e-13 -1.630241e-09 7.256303e-11 -9.776491e-11 2.091492e-07
-1.136868e-13 -4.547474e-13 -1.316323e-09 9.663541e-11 -4.901804e-11 2.047933e-07
0.000000e+00 -5.684342e-13 -1.015877e-09 7.667164e-11 -5.723256e-12 1.916445e-07
1.136868e-13 -5.684342e-13 -7.414087e-10 2.172086e-11 2.927730e-11 1.707486e-07
1.136868e-13 -5.684342e-13 -5.036327e-10 -4.375224e-11 5.743848e-11 1.434016e-07
0.000000e+00 -4.547474e-13 -3.111893e-10 -8.833715e-11 8.253818e-11 1.110877e-07
-1.136868e-13 -3.410605e-13 -1.703597e-10 -9.191154e-11 1.042828e-10 7.541830e-08
-2.273737e-13 -2.273737e-13 -8.495249e-11 -4.869482e-11 1.251609e-10 3.807133e-08
-3.410605e-13 0.000000e+00 -5.616130e-11 3.412963e-11 1.370320e-10 7.339189e-10
-2.273737e-13 2.273737e-13 -8.273560e-11 1.234002e-10 1.272021e-10 -3.495037e-08
1.136868e-13 4.547474e-13 -1.610090e-10 1.691977e-10 9.004176e-11 -6.742902e-08
3.410605e-13 5.684342e-13 -2.850413e-10 1.514538e-10 2.857205e-11 -9.529235e-08
5.684342e-13 5.684342e-13 -4.469030e-10 7.415256e-11 -4.516456e-11 -1.173237e-07
5.684342e-13 3.410605e-13 -6.370158e-10 -4.329169e-11 -1.111489e-10 -1.325438e-07
3.410605e-13 2.273737e-13 -8.445227e-10 -1.597186e-10 -1.626534e-10 -1.402511e-07
0.000000e+00 0.000000e+00 -1.057771e-09 -2.363296e-10 -1.986264e-10 -1.400456e-07
-3.410605e-13 -3.410605e-13 -1.264681e-09 -2.515541e-10 -2.027012e-10 -1.318481e-07
-6.821210e-13 -6.821210e-13 -1.453316e-09 -1.996507e-10 -1.610988e-10 -1.159055e-07
-9.094947e-13 -9.094947e-13 -1.612392e-09 -9.204311e-11 -8.203516e-11 -9.276658e-08
-9.094947e-13 -9.094947e-13 -1.731621e-09 4.068256e-11 5.488438e-12 -6.325594e-08
-6.821210e-13 -7.958079e-13 -1.802164e-09 1.600244e-10 7.846760e-11 -2.844387e-08
-3.410605e-13 -6.821210e-13 -1.816943e-09 2.356758e-10 1.280031e-10 1.040576e-08
0.000000e+00 -4.547474e-13 -1.770928e-09 2.562052e-10 1.456464e-10 5.189225e-08
3.410605e-13 -2.273737e-13 -1.661249e-09 2.216587e-10 1.311469e-10 9.452414e-08
6.821210e-13 0.000000e+00 -1.487336e-09 1.346150e-10 9.198337e-11 1.367676e-07
7.958079e-13 1.136868e-13 -1.250953e-09 1.463443e-11 4.013128e-11 1.771003e-07
6.821210e-13 2.273737e-13 -9.560495e-10 -1.003903e-10 -1.352522e-11 2.140529e-07
4.547474e-13 2.273737e-13 -6.087930e-10 -1.841347e-10 -6.206319e-11 2.462571e-07
2.273737e-13 1.136868e-13 -2.172555e-10 -2.311996e-10 -9.378631e-11 2.724881e-07
-1.136868e-13 0.000000e+00 2.087006e-10 -2.384946e-10 -1.085049e-10 2.917041e-07
-4.547474e-13 -1.136868e-13 6.578489e-10 -2.010587e-10 -1.156052e-10 3.030972e-07
-7.958079e-13 -3.410605e-13 1.117968e-09 -1.263018e-10 -1.142819e-10 3.061214e-07
-9.094947e-13 -5.684342e-13 1.576211e-09 -3.724637e-11 -1.015717e-10 3.005137e-07
-7.958079e-13 -6.821210e-13 2.019505e-09 3.192023e-11 -8.458767e-11 2.863154e-07
-7.958079e-13 -7.958079e-13 2.435144e-09 7.227352e-11 -6.745732e-11 2.638738e-07
-6.821210e-13 -9.094947e-13 2.811106e-09 8.784830e-11 -4.350658e-11 2.338261e-07
-5.684342e-13 -1.023182e-12 3.136620e-09 7.844002e-11 -6.783445e-12 1.970696e-07
-4.547474e-13 -1.023182e-12 3.402334e-09 5.339604e-11 4.063680e-11 1.547321e-07
-3.410605e-13 -9.094947e-13 3.600803e-09 2.159805e-11 9.125025e-11 1.081320e-07
-3.410605e-13 -7.958079e-13 3.726711e-09 -3.190065e-12 1.394960e-10 5.872062e-08
-3.410605e-13 -5.684342e-13 3.776961e-09 -1.161658e-11 1.765504e-10 8.026421e-09
-3.410605e-13 -3.410605e-13 3.750813e-09 -1.391022e-12 1.912719e-10 -4.239724e-08
-3.410605e-13 0.000000e+00 3.649774e-09 2.426957e-11 1.700171e-10 -9.101850e-08
-3.410605e-13 2.273737e-13 3.477737e-09 5.506261e-11 1.116048e-10 -1.363835e-07
-2.273737e-13 3.410605e-13 3.240615e-09 7.443780e-11 3.144211e-11 -1.771717e-07
-1.136868e-13 2.273737e-13 2.946194e-09 6.791790e-11 -4.888376e-11 -2.122379e-07
0.000000e+00 1.136868e-13 2.603883e-09 3.239055e-11 -1.126200e-10 -2.406623e-07
0.000000e+00 0.000000e+00 2.224226e-09 -2.098346e-11 -1.606922e-10 -2.617836e-07
0.000000e+00 -2.273737e-13 1.818535e-09 -7.763086e-11 -1.841174e-10 -2.752195e-07
-1.136868e-13 -4.547474e-13 1.398547e-09 -1.237065e-10 -1.741002e-10 -2.808763e-07
-3.410605e-13 -6.821210e-13 9.758878e-10 -1.351056e-10 -1.307652e-10 -2.789416e-07
-5.684342e-13 -9.094947e-13 5.616982e-10 -9.690109e-11 -5.146194e-11 -2.698683e-07
-6.821210e-13 -9.094947e-13 1.662670e-10 -1.825342e-11 4.521764e-11 -2.543396e-07
-5.684342e-13 -6.821210e-13 -2.013110e-10 6.896256e-11 1.251493e-10 -2.332290e-07
-3.410605e-13 -4.547474e-13 -5.334186e-10 1.337574e-10 1.718866e-10 -2.075550e-07
-1.136868e-13 -2.273737e-13 -8.239738e-10 1.621681e-10 1.832580e-10 -1.784355e-07
1.136868e-13 0.000000e+00 -1.068713e-09 1.445248e-10 1.578198e-10 -1.470485e-07
3.410605e-13 2.273737e-13 -1.265136e-09 7.295977e-11 9.238300e-11 -1.145854e-07
3.410605e-13 2.273737e-13 -1.412474e-09 -3.766608e-11 3.264859e-12 -8.221233e-08
2.273737e-13 1.136868e-13 -1.511751e-09 -1.549059e-10 -8.324425e-11 -5.102622e-08
-1.136868e-13 -1.136868e-13 -1.565553e-09 -2.419084e-10 -1.498264e-10 -2.200521e-08
-4.547474e-13 -3.410605e-13 -1.577774e-09 -2.748250e-10 -1.848072e-10 4.028616e-09
-9.094947e-13 -5.684342e-13 -1.553445e-09 -2.435105e-10 -1.871495e-10 2.644069e-08
-1.250555e-12 -7.958079e-13 -1.498449e-09 -1.508539e-10 -1.559672e-10 4.481260e-08
-1.364242e-12 -1.023182e-12 -1.419039e-09 -2.526415e-11 -9.102872e-11 5.894576e-08
-1.250555e-12 -1.023182e-12 -1.321638e-09 9.871046e-11 -8.114041e-12 6.885003e-08
-1.023182e-12 -9.094947e-13 -1.212499e-09 1.957013e-10 7.005011e-11 7.472152e-08
-5.684342e-13 -7.958079e-13 -1.097447e-09 2.437658e-10 1.339480e-10 7.690952e-08
-2.273737e-13 -5.684342e-13 -9.817427e-10 2.409785e-10 1.772883e-10 7.588248e-08
1.136868e-13 -3.410605e-13 -8.697896e-10 2.042366e-10 1.952658e-10 7.218632e-08
4.547474e-13 0.000000e+00 -7.651693e-10 1.389824e-10 1.843991e-10 6.641327e-08
5.684342e-13 2.273737e-13 -6.705534e-10 6.527846e-11 1.492357e-10 5.917283e-08
6.821210e-13 4.547474e-13 -5.876473e-10 3.981332e-12 9.991583e-11 5.106642e-08
6.821210e-13 5.684342e-13 -5.173320e-10 -4.035422e-11 4.633250e-11 4.266857e-08
5.684342e-13 6.821210e-13 -4.596359e-10 -5.799452e-11 -1.096151e-11 3.450987e-08
4.547474e-13 6.821210e-13 -4.138201e-10 -5.613781e-11 -7.210512e-11 2.705817e-08
3.410605e-13 5.684342e-13 -3.784635e-10 -5.257881e-11 -1.266388e-10 2.069360e-08
2.273737e-13 3.410605e-13 -3.517187e-10 -5.444914e-11 -1.653280e-10 1.569417e-08
1.136868e-13 1.136868e-13 -3.313687e-10 -6.028072e-11 -1.838336e-10 1.222209e-08
0.000000e+00 -1.136868e-13 -3.150546e-10 -5.962488e-11 -1.828245e-10 1.031547e-08
-1.136868e-13 -3.410605e-13 -3.004459e-10 -4.058941e-11 -1.623914e-10 9.891345e-09
-2.273737e-13 -5.684342e-13 -2.854108e-10 4.788007e-12 -1.212797e-10 1.075935e-08
-2.273737e-13 -7.958079e-13 -2.681873e-10 7.551382e-11 -5.723622e-11 1.264683e-08
0.000000e+00 -9.094947e-13 -2.474962e-10 1.499969e-10 2.010894e-11 1.522995e-08
2.273737e-13 -7.958079e-13 -2.225136e-10 2.032446e-10 8.893858e-11 1.816181e-08
5.684342e-13 -6.821210e-13 -1.929834e-10 2.124616e-10 1.395673e-10 2.109584e-08
9.094947e-13 -4.547474e-13 -1.592184e-10 1.593140e-10 1.675576e-10 2.371632e-08
1.023182e-12 -2.273737e-13 -1.218439e-10 5.618237e-11 1.693648e-10 2.575195e-08
1.023182e-12 0.000000e+00 -8.196821e-11 -7.248819e-11 1.537278e-10 2.697776e-08
7.958079e-13 2.273737e-13 -4.092726e-11 -1.918516e-10 1.298921e-10 2.721968e-08
3.410605e-13 4.547474e-13 -3.126388e-13 -2.590387e-10 1.006314e-10 2.635690e-08
0.000000e+00 5.684342e-13 3.814193e-11 -2.624509e-10 7.396801e-11 2.432830e-08
-3.410605e-13 6.821210e-13 7.267431e-11 -2.043757e-10 5.548935e-11 2.114127e-08
-5.684342e-13 7.958079e-13 1.015792e-10 -9.274439e-11 3.737948e-11 1.688118e-08
-5.684342e-13 7.958079e-13 1.233218e-10 4.051142e-11 1.688427e-11 1.171231e-08
-3.410605e-13 7.958079e-13 1.367084e-10 1.538899e-10 -1.037436e-11 5.867067e-09
0.000000e+00 7.958079e-13 1.409433e-10 2.121667e-10 -5.447580e-11 -3.720600e-10
3.410605e-13 6.821210e-13 1.356000e-10 2.020983e-10 -1.129320e-10 -6.685223e-09
6.821210e-13 5.684342e-13 1.208775e-10 1.280009e-10 -1.760027e-10 -1.274217e-08
7.958079e-13 3.410605e-13 9.740120e-11 1.502763e-11 -2.259713e-10 -1.822890e-08
6.821210e-13 0.000000e+00 6.622258e-11 -9.371921e-11 -2.317882e-10 -2.285360e-08
4.547474e-13 -3.410605e-13 2.884804e-11 -1.657726e-10 -1.704933e-10 -2.636137e-08
2.273737e-13 -4.547474e-13 -1.284661e-11 -1.861791e-10 -4.965156e-11 -2.855023e-08
0.000000e+00 -4.547474e-13 -5.678658e-11 -1.561333e-10 1.028191e-10 -2.926916e-08
-2.273737e-13 -2.273737e-13 -1.006697e-10 -8.424230e-11 2.526894e-10 -2.841719e-08
-2.273737e-13 2.273737e-13 -1.420517e-10 4.187238e-13 3.559869e-10 -2.595455e-08
-1.136868e-13 7.958079e-13 -1.785452e-10 5.703380e-11 3.768506e-10 -2.190932e-08
0.000000e+00 1.364242e-12 -2.077911e-10 6.754557e-11 3.010087e-10 -1.638416e-08
1.136868e-13 1.705303e-12 -2.277147e-10 3.387369e-11 1.428970e-10 -9.549668e-09
1.136868e-13 1.818989e-12 -2.364686e-10 -2.306704e-11 -6.024488e-11 -1.632609e-09
1.136868e-13 1.591616e-12 -2.326033e-10 -8.072199e-11 -2.597740e-10 7.089155e-09
0.000000e+00 1.136868e-12 -2.151808e-10 -1.178280e-10 -4.101802e-10 1.630647e-08
-2.273737e-13 4.547474e-13 -1.836611e-10 -1.053913e-10 -4.786691e-10 2.568939e-08
-3.410605e-13 -2.273737e-13 -1.380727e-10 -3.696914e-11 -4.570982e-10 3.489906e-08
-2.273737e-13 -9.094947e-13 -7.892709e-11 5.994906e-11 -3.698903e-10 4.360256e-08
0.000000e+00 -1.364242e-12 -7.247536e-12 1.489550e-10 -2.682549e-10 5.147579e-08
3.410605e-13 -1.705303e-12 7.551648e-11 1.961691e-10 -2.169721e-10 5.820425e-08
6.821210e-13 -2.046363e-12 1.673754e-10 1.785197e-10 -2.666185e-10 6.349155e-08
9.094947e-13 -2.614797e-12 2.659988e-10 9.563285e-11 -4.284436e-10 6.707351e-08
9.094947e-13 -3.410605e-12 3.686011e-10 -3.522097e-11 -6.837648e-10 6.872818e-08
7.958079e-13 -4.661160e-12 4.721699e-10 -1.876935e-10 -9.934621e-10 6.829876e-08
4.547474e-13 -6.366463e-12 5.734933e-10 -3.239857e-10 -1.295794e-09 6.571849e-08
-1.136868e-13 -8.526513e-12 6.693028e-10 -3.986305e-10 -1.527760e-09 6.101956e-08
-6.821210e-13 -1.091394e-11 7.565291e-10 -3.869584e-10 -1.645349e-09 5.433592e-08
-1.250555e-12 -1.341505e-11 8.323298e-10 -2.862185e-10 -1.633759e-09 4.589852e-08
-1.591616e-12 -1.580247e-11 8.942322e-10 -1.140775e-10 -1.510247e-09 3.601867e-08
-1.705303e-12 -1.796252e-11 9.403891e-10 9.126218e-11 -1.319626e-09 2.506031e-08
-1.477929e-12 -1.978151e-11 9.694361e-10 2.811425e-10 -1.113834e-09 1.341437e-08
-9.094947e-13 -2.137313e-11 9.806342e-10 3.999281e-10 -9.262442e-10 1.481864e-09
-3.410605e-13 -2.262368e-11 9.738699e-10 4.201057e-10 -7.695461e-10 -1.034336e-08
3.410605e-13 -2.364686e-11 9.495977e-10 3.360961e-10 -6.355723e-10 -2.167840e-08
6.821210e-13 -2.444267e-11 9.088410e-10 1.754383e-10 -4.861477e-10 -3.215553e-08
7.958079e-13 -2.501110e-11 8.531345e-10 -8.039665e-12 -2.632918e-10 -4.142589e-08
6.821210e-13 -2.512479e-11 7.845813e-10 -1.710855e-10 8.756941e-11 -4.916368e-08
3.410605e-13 -2.467004e-11 7.056542e-10 -2.729973e-10 6.019791e-10 -5.507787e-08
-1.136868e-13 -2.330580e-11 6.193375e-10 -2.899089e-10 1.285195e-09 -5.893361e-08
-5.684342e-13 -2.080469e-11 5.288712e-10 -2.200209e-10 2.104404e-09 -6.058236e-08
-7.958079e-13 -1.693934e-11 4.376091e-10 -9.085111e-11 2.998567e-09 -5.997929e-08
-7.958079e-13 -1.170974e-11 3.489333e-10 5.205003e-11 3.904627e-09 -5.719192e-08
-5.684342e-13 -5.115908e-12 2.660556e-10 1.667317e-10 4.769397e-09 -5.240623e-08
-2.273737e-13 2.614797e-12 1.917329e-10 2.226221e-10 5.565668e-09 -4.590330e-08
1.136868e-13 1.148237e-11 1.283240e-10 2.152775e-10 6.296304e-09 -3.803053e-08
4.547474e-13 2.148681e-11 7.761969e-11 1.516720e-10 6.963350e-09 -2.917937e-08
5.684342e-13 3.240075e-11 4.078515e-11 5.253008e-11 7.571230e-09 -1.976316e-08
5.684342e-13 4.422418e-11 1.833200e-11 -4.864475e-11 8.113705e-09 -1.020319e-08
3.410605e-13 5.672973e-11 1.017497e-11 -1.208589e-10 8.560508e-09 -9.193914e-10
1.136868e-13 6.991741e-11 1.557510e-11 -1.471286e-10 8.860885e-09 7.673860e-09
-1.136868e-13 8.333245e-11 3.319656e-11 -1.294342e-10 8.953367e-09 1.517011e-08
-3.410605e-13 9.674750e-11 6.110668e-11 -7.267232e-11 8.769565e-09 2.117784e-08
-4.547474e-13 1.097078e-10 9.674750e-11 4.180110e-12 8.245890e-09 2.534073e-08
-3.410605e-13 1.215312e-10 1.371063e-10 6.626635e-11 7.358582e-09 2.735881e-08
-2.273737e-13 1.317630e-10 1.788010e-10 9.042396e-11 6.114963e-09 2.701023e-08
-1.136868e-13 1.399485e-10 2.181366e-10 7.493656e-11 4.530727e-09 2.418095e-08
0.000000e+00 1.454055e-10 2.513332e-10 2.527185e-11 2.644054e-09 1.888578e-08
0.000000e+00 1.479066e-10 2.747811e-10 -4.188026e-11 4.985036e-10 1.126679e-08
-1.136868e-13 1.469971e-10 2.851550e-10 -9.981549e-11 -1.875356e-09 1.584876e-09
-2.273737e-13 1.423359e-10 2.795559e-10 -1.322528e-10 -4.444902e-09 -9.789734e-09
-4.547474e-13 1.335820e-10 2.557670e-10 -1.225942e-10 -7.169447e-09 -2.240818e-08
-6.821210e-13 1.207354e-10 2.123102e-10 -5.805279e-11 -1.001265e-08 -3.578355e-08
-6.821210e-13 1.035687e-10 1.483897e-10 4.136165e-11 -1.293199e-08 -4.940969e-08
-4.547474e-13 8.196821e-11 6.406253e-11 1.368763e-10 -1.584790e-08 -6.277493e-08
-1.136868e-13 5.604761e-11 -3.993250e-11 1.947040e-10 -1.865383e-08 -7.537339e-08
2.273737e-13 2.603429e-11 -1.620606e-10 1.986776e-10 -2.122452e-08 -8.670787e-08
5.684342e-13 -7.617018e-12 -3.000480e-10 1.475633e-10 -2.342276e-08 -9.628681e-08
6.821210e-13 -4.422418e-11 -4.509104e-10 5.950684e-11 -2.511609e-08 -1.036335e-07
6.821210e-13 -8.287770e-11 -6.109246e-10 -3.725053e-11 -2.619952e-08 -1.083138e-07
5.684342e-13 -1.227818e-10 -7.758274e-10 -1.205268e-10 -2.658808e-08 -1.099573e-07
3.410605e-13 -1.626859e-10 -9.407870e-10 -1.701381e-10 -2.622575e-08 -1.082854e-07
1.136868e-13 -2.014531e-10 -1.100688e-09 -1.764237e-10 -2.510110e-08 -1.031418e-07
-1.136868e-13 -2.379466e-10 -1.250214e-09 -1.381492e-10 -2.322571e-08 -9.451099e-08
-3.410605e-13 -2.710294e-10 -1.384223e-09 -5.926597e-11 -2.062523e-08 -8.251397e-08
-3.410605e-13 -2.997922e-10 -1.497767e-09 3.334724e-11 -1.732370e-08 -6.740244e-08
-2.273737e-13 -3.230980e-10 -1.586415e-09 1.043838e-10 -1.335374e-08 -4.954418e-08
-1.136868e-13 -3.399236e-10 -1.646384e-09 1.434757e-10 -8.776999e-09 -2.938823e-08
1.136868e-13 -3.494733e-10 -1.674579e-09 1.425862e-10 -3.678511e-09 -7.449284e-09
3.410605e-13 -3.510650e-10 -1.668724e-09 9.544636e-11 1.829535e-09 1.571129e-08
4.547474e-13 -3.441301e-10 -1.627456e-09 1.654974e-11 7.604178e-09 3.950483e-08
3.410605e-13 -3.283276e-10 -1.550234e-09 -5.939608e-11 1.346294e-08 6.331626e-08
2.273737e-13 -3.036575e-10 -1.437513e-09 -1.098314e-10 1.919692e-08 8.651171e-08
1.136868e-13 -2.706884e-10 -1.290687e-09 -1.405639e-10 2.461539e-08 1.084447e-07
-1.136868e-13 -2.298748e-10 -1.112170e-09 -1.478493e-10 2.954322e-08 1.284681e-07
-3.410605e-13 -1.820126e-10 -9.052883e-10 -1.235796e-10 3.380382e-08 1.459597e-07
-5.684342e-13 -1.283524e-10 -6.743051e-10 -7.125149e-11 3.724428e-08 1.603425e-07
-6.821210e-13 -7.025847e-11 -4.242793e-10 -3.626832e-13 3.975054e-08 1.711072e-07
-5.684342e-13 -9.208634e-12 -1.610090e-10 6.713840e-11 4.122798e-08 1.778432e-07
-4.547474e-13 5.331913e-11 1.092246e-10 1.195045e-10 4.158087e-08 1.802619e-07
-2.273737e-13 1.155058e-10 3.797709e-10 1.528226e-10 4.073189e-08 1.782104e-07
0.000000e+00 1.754188e-10 6.438370e-10 1.621837e-10 3.865023e-08 1.716800e-07
2.273737e-13 2.313527e-10 8.948007e-10 1.531590e-10 3.534712e-08 1.608002e-07
4.547474e-13 2.813749e-10 1.126239e-09 1.281107e-10 3.088792e-08 1.458331e-07
6.821210e-13 3.240075e-10 1.332296e-09 8.559249e-11 2.539120e-08 1.271576e-07
7.958079e-13 3.576588e-10 1.507715e-09 2.727164e-11 1.903304e-08 1.052512e-07
7.958079e-13 3.811920e-10 1.648061e-09 -3.703677e-11 1.205914e-08 8.067874e-08
7.958079e-13 3.938112e-10 1.749754e-09 -1.016557e-10 4.757455e-09 5.408185e-08
6.821210e-13 3.954028e-10 1.810292e-09 -1.591517e-10 -2.574579e-09 2.615982e-08
4.547474e-13 3.860805e-10 1.828226e-09 -1.892910e-10 -9.653259e-09 -2.345362e-09
2.273737e-13 3.665264e-10 1.803244e-09 -1.819799e-10 -1.623306e-08 -3.065769e-08
0.000000e+00 3.375362e-10 1.736254e-09 -1.377832e-10 -2.211253e-08 -5.799224e-08
-2.273737e-13 3.002469e-10 1.629274e-09 -5.828884e-11 -2.711925e-08 -8.357401e-08
-2.273737e-13 2.561364e-10 1.485517e-09 3.159913e-11 -3.112627e-08 -1.066635e-07
-1.136868e-13 2.067964e-10 1.309274e-09 9.889854e-11 -3.405282e-08 -1.265950e-07
0.000000e+00 1.539320e-10 1.105747e-09 1.311329e-10 -3.585344e-08 -1.428032e-07
2.273737e-13 9.924861e-11 8.808740e-10 1.161279e-10 -3.650412e-08 -1.548425e-07
4.547474e-13 4.445155e-11 6.412222e-10 4.966127e-11 -3.598636e-08 -1.624047e-07
4.547474e-13 -8.753887e-12 3.936691e-10 -4.165592e-11 -3.429562e-08 -1.653301e-07
2.273737e-13 -5.854872e-11 1.452349e-10 -1.144276e-10 -3.146396e-08 -1.636088e-07
0.000000e+00 -1.032276e-10 -9.717382e-11 -1.412861e-10 -2.757928e-08 -1.573680e-07
-2.273737e-13 -1.413127e-10 -3.268781e-10 -1.159770e-10 -2.278471e-08 -1.468632e-07
-4.547474e-13 -1.716671e-10 -5.377672e-10 -3.896029e-11 -1.727295e-08 -1.324716e-07
-4.547474e-13 -1.932676e-10 -7.242988e-10 6.829034e-11 -1.128378e-08 -1.146799e-07
-2.273737e-13 -2.055458e-10 -8.817835e-10 1.626007e-10 -5.102362e-09 -9.406875e-08
1.136868e-13 -2.085017e-10 -1.006498e-09 2.053008e-10 9.760567e-10 -7.130037e-08
4.547474e-13 -2.025899e-10 -1.095685e-09 1.839674e-10 6.687237e-09 -4.711121e-08
6.821210e-13 -1.884928e-10 -1.147811e-09 1.088969e-10 1.180564e-08 -2.229065e-08
6.821210e-13 -1.672333e-10 -1.162533e-09 7.776652e-12 1.614801e-08 2.350314e-09
5.684342e-13 -1.400622e-10 -1.140762e-09 -8.688010e-11 1.957857e-08 2.601946e-08
3.410605e-13 -1.085709e-10 -1.084487e-09 -1.521725e-10 2.201769e-08 4.797296e-08
1.136868e-13 -7.401013e-11 -9.968346e-10 -1.780726e-10 2.341357e-08 6.754715e-08
-1.136868e-13 -3.819878e-11 -8.818404e-10 -1.615833e-10 2.374537e-08 8.419990e-08
-3.410605e-13 -2.728484e-12 -7.442225e-10 -1.008674e-10 2.303726e-08 9.752635e-08
-3.410605e-13 3.092282e-11 -5.892389e-10 -1.912659e-11 2.133288e-08 1.072617e-07
-2.273737e-13 6.127721e-11 -4.224319e-10 5.188548e-11 1.870001e-08 1.132732e-07
-1.136868e-13 8.708412e-11 -2.494289e-10 1.018725e-10 1.523181e-08 1.155456e-07
0.000000e+00 1.070930e-10 -7.580070e-11 1.274165e-10 1.106441e-08 1.141676e-07
2.273737e-13 1.202807e-10 9.305268e-11 1.173955e-10 6.392535e-09 1.093145e-07
4.547474e-13 1.261924e-10 2.521290e-10 6.636079e-11 1.435692e-09 1.012370e-07
