0.000000e+00 0.000000e+00
-4.193316e-08 -4.193316e-08
-1.236408e-07 -1.236408e-07
-2.402958e-07 -2.402958e-07
-3.847490e-07 -3.847490e-07
-5.480424e-07 -5.480424e-07
-7.200488e-07 -7.200488e-07
-8.901920e-07 -8.901920e-07
-1.048192e-06 -1.048192e-06
-1.184782e-06 -1.184782e-06
-1.292346e-06 -1.292346e-06
-1.365428e-06 -1.365428e-06
-1.401085e-06 -1.401085e-06
-1.399042e-06 -1.399042e-06
-1.361665e-06 -1.361665e-06
-1.293732e-06 -1.293732e-06
-1.202041e-06 -1.202041e-06
-1.094874e-06 -1.094874e-06
-9.813621e-07 -9.813621e-07
-8.708048e-07 -8.708048e-07
-7.719891e-07 -7.719891e-07
-6.925625e-07 -6.925625e-07
-6.385017e-07 -6.385017e-07
-6.137211e-07 -6.137211e-07
-6.198388e-07 -6.198388e-07
-6.561245e-07 -6.561245e-07
-7.196181e-07 -7.196181e-07
-8.054171e-07 -8.054171e-07
-9.070982e-07 -9.070982e-07
-1.017246e-06 -1.017246e-06
-1.128039e-06 -1.128039e-06
-1.231852e-06 -1.231852e-06
-1.321827e-06 -1.321827e-06
-1.392372e-06 -1.392372e-06
-1.439546e-06 -1.439546e-06
-1.461311e-06 -1.461311e-06
-1.457628e-06 -1.457628e-06
-1.430401e-06 -1.430401e-06
-1.383271e-06 -1.383271e-06
-1.321286e-06 -1.321286e-06
-1.250464e-06 -1.250464e-06
-1.177305e-06 -1.177305e-06
-1.108271e-06 -1.108271e-06
-1.049291e-06 -1.049291e-06
-1.005317e-06 -1.005317e-06
-9.799696e-07 -9.799696e-07
-9.753012e-07 -9.753012e-07
-9.916830e-07 -9.916830e-07
-1.027831e-06 -1.027831e-06
-1.080954e-06 -1.080954e-06
-1.147021e-06 -1.147021e-06
-1.221109e-06 -1.221109e-06
-1.297822e-06 -1.297822e-06
-1.371714e-06 -1.371714e-06
-1.437722e-06 -1.437722e-06
-1.491545e-06 -1.491545e-06
-1.529948e-06 -1.529948e-06
-1.550983e-06 -1.550983e-06
-1.554088e-06 -1.554088e-06
-1.540090e-06 -1.540090e-06
-1.511081e-06 -1.511081e-06
-1.470215e-06 -1.470215e-06
-1.421419e-06 -1.421419e-06
-1.369056e-06 -1.369056e-06
-1.317566e-06 -1.317566e-06
-1.271116e-06 -1.271116e-06
-1.233279e-06 -1.233279e-06
-1.206782e-06 -1.206782e-06
-1.193315e-06 -1.193315e-06
-1.193448e-06 -1.193448e-06
-1.206624e-06 -1.206624e-06
-1.231250e-06 -1.231250e-06
-1.264866e-06 -1.264866e-06
-1.304370e-06 -1.304370e-06
-1.346297e-06 -1.346297e-06
-1.387098e-06 -1.387098e-06
-1.423431e-06 -1.423431e-06
-1.452408e-06 -1.452408e-06
-1.471808e-06 -1.471808e-06
-1.480214e-06 -1.480214e-06
-1.477089e-06 -1.477089e-06
-1.462777e-06 -1.462777e-06
-1.438424e-06 -1.438424e-06
-1.405852e-06 -1.405852e-06
-1.367372e-06 -1.367372e-06
-1.325574e-06 -1.325574e-06
-1.283103e-06 -1.283103e-06
-1.242444e-06 -1.242444e-06
-1.205724e-06 -1.205724e-06
-1.174568e-06 -1.174568e-06
-1.149985e-06 -1.149985e-06
-1.132328e-06 -1.132328e-06
-1.121303e-06 -1.121303e-06
-1.116028e-06 -1.116028e-06
-1.115144e-06 -1.115144e-06
-1.116953e-06 -1.116953e-06
-1.119581e-06 -1.119581e-06
-1.121141e-06 -1.121141e-06
-1.119893e-06 -1.119893e-06
-1.114370e-06 -1.114370e-06
-1.103489e-06 -1.103489e-06
-1.086606e-06 -1.086606e-06
-1.063536e-06 -1.063536e-06
-1.034535e-06 -1.034535e-06
-1.000235e-06 -1.000235e-06
-9.615615e-07 -9.615615e-07
-9.196228e-07 -9.196228e-07
-8.755951e-07 -8.755951e-07
-8.306070e-07 -8.306070e-07
-7.856397e-07 -7.856397e-07
-7.414474e-07 -7.414474e-07
-6.985065e-07 -6.985065e-07
-6.569926e-07 -6.569926e-07
-6.167925e-07 -6.167925e-07
-5.775391e-07 -5.775391e-07
-5.386732e-07 -5.386732e-07
-4.995181e-07 -4.995181e-07
-4.593617e-07 -4.593617e-07
-4.175354e-07 -4.175354e-07
-3.734845e-07 -3.734845e-07
-3.268196e-07 -3.268196e-07
-2.773495e-07 -2.773495e-07
-2.250854e-07 -2.250854e-07
-1.702247e-07 -1.702247e-07
-1.131143e-07 -1.131143e-07
-5.419315e-08 -5.419315e-08
6.069513e-09 6.069513e-09
6.724349e-08 6.724349e-08
1.289977e-07 1.289977e-07
1.911521e-07 1.911521e-07
2.537108e-07 2.537108e-07
3.168716e-07 3.168716e-07
3.810173e-07 3.810173e-07
4.466829e-07 4.466829e-07
5.145021e-07 5.145021e-07
5.851452e-07 5.851452e-07
6.592454e-07 6.592454e-07
7.373287e-07 7.373287e-07
8.197503e-07 8.197503e-07
9.066471e-07 9.066471e-07
9.979085e-07 9.979085e-07
1.093173e-06 1.093173e-06
1.191850e-06 1.191850e-06
1.293163e-06 1.293163e-06
1.396216e-06 1.396216e-06
1.500076e-06 1.500076e-06
1.603856e-06 1.603856e-06
1.706807e-06 1.706807e-06
1.808394e-06 1.808394e-06
1.908357e-06 1.908357e-06
2.006755e-06 2.006755e-06
2.103969e-06 2.103969e-06
2.200693e-06 2.200693e-06
2.297886e-06 2.297886e-06
2.396696e-06 2.396696e-06
2.498375e-06 2.498375e-06
2.604173e-06 2.604173e-06
2.715231e-06 2.715231e-06
2.832486e-06 2.832486e-06
2.956577e-06 2.956577e-06
3.087791e-06 3.087791e-06
3.226027e-06 3.226027e-06
3.370792e-06 3.370792e-06
3.521238e-06 3.521238e-06
3.676220e-06 3.676220e-06
3.834392e-06 3.834392e-06
3.994309e-06 3.994309e-06
4.154550e-06 4.154550e-06
4.313836e-06 4.313836e-06
4.471139e-06 4.471139e-06
4.625771e-06 4.625771e-06
4.777451e-06 4.777451e-06
4.926328e-06 4.926328e-06
5.072980e-06 5.072980e-06
5.218375e-06 5.218375e-06
5.363792e-06 5.363792e-06
5.510723e-06 5.510723e-06
5.660756e-06 5.660756e-06
5.815442e-06 5.815442e-06
5.976177e-06 5.976177e-06
6.144081e-06 6.144081e-06
6.319909e-06 6.319909e-06
6.503988e-06 6.503988e-06
6.696189e-06 6.696189e-06
6.895938e-06 6.895938e-06
7.102255e-06 7.102255e-06
7.313840e-06 7.313840e-06
7.529174e-06 7.529174e-06
7.746638e-06 7.746638e-06
7.964648e-06 7.964648e-06
8.181779e-06 8.181779e-06
8.396877e-06 8.396877e-06
8.609153e-06 8.609153e-06
8.818243e-06 8.818243e-06
9.024232e-06 9.024232e-06
9.227645e-06 9.227645e-06
9.429401e-06 9.429401e-06
9.630735e-06 9.630735e-06
9.833097e-06 9.833097e-06
1.003803e-05 1.003803e-05
1.024704e-05 1.024704e-05
1.046148e-05 1.046148e-05
1.068246e-05 1.068246e-05
1.091073e-05 1.091073e-05
1.114662e-05 1.114662e-05
1.139005e-05 1.139005e-05
1.164053e-05 1.164053e-05
1.189719e-05 1.189719e-05
1.215885e-05 1.215885e-05
1.242414e-05 1.242414e-05
1.269160e-05 1.269160e-05
1.295979e-05 1.295979e-05
1.322741e-05 1.322741e-05
1.349339e-05 1.349339e-05
1.375697e-05 1.375697e-05
1.401777e-05 1.401777e-05
1.427576e-05 1.427576e-05
1.453132e-05 1.453132e-05
1.478512e-05 1.478512e-05
1.503811e-05 1.503811e-05
1.529143e-05 1.529143e-05
1.554626e-05 1.554626e-05
1.580378e-05 1.580378e-05
1.606505e-05 1.606505e-05
1.633090e-05 1.633090e-05
1.660191e-05 1.660191e-05
1.687832e-05 1.687832e-05
1.716006e-05 1.716006e-05
1.744674e-05 1.744674e-05
1.773769e-05 1.773769e-05
1.803202e-05 1.803202e-05
1.832870e-05 1.832870e-05
1.862664e-05 1.862664e-05
1.892477e-05 1.892477e-05
1.922212e-05 1.922212e-05
1.951791e-05 1.951791e-05
1.981157e-05 1.981157e-05
2.010279e-05 2.010279e-05
2.039150e-05 2.039150e-05
2.067791e-05 2.067791e-05
2.096242e-05 2.096242e-05
2.124558e-05 2.124558e-05
2.152805e-05 2.152805e-05
2.181053e-05 2.181053e-05
2.209366e-05 2.209366e-05
2.237800e-05 2.237800e-05
2.266396e-05 2.266396e-05
2.295177e-05 2.295177e-05
2.324146e-05 2.324146e-05
2.353287e-05 2.353287e-05
2.382566e-05 2.382566e-05
2.411935e-05 2.411935e-05
2.441336e-05 2.441336e-05
2.470704e-05 2.470704e-05
2.499976e-05 2.499976e-05
2.529093e-05 2.529093e-05
2.558003e-05 2.558003e-05
2.586667e-05 2.586667e-05
2.615059e-05 2.615059e-05
2.643164e-05 2.643164e-05
2.670983e-05 2.670983e-05
2.698524e-05 2.698524e-05
2.725802e-05 2.725802e-05
2.752836e-05 2.752836e-05
2.779645e-05 2.779645e-05
2.806243e-05 2.806243e-05
2.832638e-05 2.832638e-05
2.858830e-05 2.858830e-05
2.884808e-05 2.884808e-05
2.910553e-05 2.910553e-05
2.936037e-05 2.936037e-05
2.961226e-05 2.961226e-05
2.986084e-05 2.986084e-05
3.010573e-05 3.010573e-05
3.034659e-05 3.034659e-05
3.058312e-05 3.058312e-05
3.081510e-05 3.081510e-05
3.104240e-05 3.104240e-05
3.126496e-05 3.126496e-05
3.148280e-05 3.148280e-05
3.169599e-05 3.169599e-05
3.190464e-05 3.190464e-05
3.210883e-05 3.210883e-05
3.230863e-05 3.230863e-05
3.250403e-05 3.250403e-05
3.269495e-05 3.269495e-05
3.288118e-05 3.288118e-05
3.306239e-05 3.306239e-05
3.323817e-05 3.323817e-05
3.340800e-05 3.340800e-05
3.357131e-05 3.357131e-05
3.372748e-05 3.372748e-05
3.387590e-05 3.387590e-05
3.401604e-05 3.401604e-05
3.414743e-05 3.414743e-05
3.426972e-05 3.426972e-05
3.438272e-05 3.438272e-05
3.448636e-05 3.448636e-05
3.458074e-05 3.458074e-05
3.466606e-05 3.466606e-05
3.474265e-05 3.474265e-05
3.481086e-05 3.481086e-05
3.487105e-05 3.487105e-05
3.492354e-05 3.492354e-05
3.496857e-05 3.496857e-05
3.500622e-05 3.500622e-05
3.503641e-05 3.503641e-05
3.505888e-05 3.505888e-05
3.507318e-05 3.507318e-05
3.507867e-05 3.507867e-05
3.507459e-05 3.507459e-05
3.506005e-05 3.506005e-05
3.503412e-05 3.503412e-05
3.499590e-05 3.499590e-05
3.494452e-05 3.494452e-05
3.487925e-05 3.487925e-05
3.479953e-05 3.479953e-05
3.470500e-05 3.470500e-05
3.459552e-05 3.459552e-05
3.447116e-05 3.447116e-05
3.433217e-05 3.433217e-05
3.417900e-05 3.417900e-05
3.401215e-05 3.401215e-05
3.383222e-05 3.383222e-05
3.363976e-05 3.363976e-05
3.343525e-05 3.343525e-05
3.321900e-05 3.321900e-05
3.299117e-05 3.299117e-05
3.275165e-05 3.275165e-05
3.250014e-05 3.250014e-05
3.223607e-05 3.223607e-05
3.195867e-05 3.195867e-05
3.166702e-05 3.166702e-05
3.136006e-05 3.136006e-05
3.103672e-05 3.103672e-05
3.069594e-05 3.069594e-05
3.033674e-05 3.033674e-05
2.995832e-05 2.995832e-05
2.956007e-05 2.956007e-05
2.914161e-05 2.914161e-05
2.870282e-05 2.870282e-05
2.824383e-05 2.824383e-05
2.776495e-05 2.776495e-05
2.726669e-05 2.726669e-05
2.674966e-05 2.674966e-05
2.621452e-05 2.621452e-05
2.566188e-05 2.566188e-05
2.509229e-05 2.509229e-05
2.450611e-05 2.450611e-05
2.390353e-05 2.390353e-05
2.328448e-05 2.328448e-05
2.264867e-05 2.264867e-05
2.199556e-05 2.199556e-05
2.132441e-05 2.132441e-05
2.063433e-05 2.063433e-05
1.992431e-05 1.992431e-05
1.919333e-05 1.919333e-05
1.844038e-05 1.844038e-05
1.766457e-05 1.766457e-05
1.686513e-05 1.686513e-05
1.604152e-05 1.604152e-05
1.519342e-05 1.519342e-05
1.432074e-05 1.432074e-05
1.342362e-05 1.342362e-05
1.250238e-05 1.250238e-05
1.155751e-05 1.155751e-05
1.058959e-05 1.058959e-05
9.599238e-06 9.599238e-06
8.587045e-06 8.587045e-06
7.553511e-06 7.553511e-06
6.499001e-06 6.499001e-06
5.423703e-06 5.423703e-06
4.327605e-06 4.327605e-06
3.210494e-06 3.210494e-06
2.071962e-06 2.071962e-06
9.114337e-07 9.114337e-07
-2.717857e-07 -2.717857e-07
-1.478468e-06 -1.478468e-06
-2.709402e-06 -2.709402e-06
-3.965338e-06 -3.965338e-06
-5.246936e-06 -5.246936e-06
-6.554723e-06 -6.554723e-06
-7.889060e-06 -7.889060e-06
-9.250126e-06 -9.250126e-06
-1.063792e-05 -1.063792e-05
-1.205225e-05 -1.205225e-05
-1.349281e-05 -1.349281e-05
-1.495915e-05 -1.495915e-05
-1.645078e-05 -1.645078e-05
-1.796717e-05 -1.796717e-05
-1.950785e-05 -1.950785e-05
-2.107240e-05 -2.107240e-05
-2.266050e-05 -2.266050e-05
-2.427196e-05 -2.427196e-05
-2.590675e-05 -2.590675e-05
-2.756495e-05 -2.756495e-05
-2.924677e-05 -2.924677e-05
-3.095253e-05 -3.095253e-05
-3.268260e-05 -3.268260e-05
-3.443739e-05 -3.443739e-05
-3.621729e-05 -3.621729e-05
-3.802263e-05 -3.802263e-05
-3.985370e-05 -3.985370e-05
-4.171065e-05 -4.171065e-05
-4.359352e-05 -4.359352e-05
-4.550226e-05 -4.550226e-05
-4.743666e-05 -4.743666e-05
-4.939645e-05 -4.939645e-05
-5.138126e-05 -5.138126e-05
-5.339070e-05 -5.339070e-05
-5.542433e-05 -5.542433e-05
-5.748175e-05 -5.748175e-05
-5.956257e-05 -5.956257e-05
-6.166648e-05 -6.166648e-05
-6.379321e-05 -6.379321e-05
-6.594260e-05 -6.594260e-05
-6.811452e-05 -6.811452e-05
-7.030891e-05 -7.030891e-05
-7.252575e-05 -7.252575e-05
-7.476503e-05 -7.476503e-05
-7.702673e-05 -7.702673e-05
-7.931081e-05 -7.931081e-05
-8.161718e-05 -8.161718e-05
-8.394568e-05 -8.394568e-05
-8.629608e-05 -8.629608e-05
-8.866809e-05 -8.866809e-05
-9.106134e-05 -9.106134e-05
-9.347541e-05 -9.347541e-05
-9.590986e-05 -9.590986e-05
-9.836422e-05 -9.836422e-05
-1.008380e-04 -1.008380e-04
-1.033308e-04 -1.033308e-04
-1.058422e-04 -1.058422e-04
-1.083719e-04 -1.083719e-04
-1.109195e-04 -1.109195e-04
-1.134848e-04 -1.134848e-04
-1.160675e-04 -1.160675e-04
-1.186675e-04 -1.186675e-04
-1.212845e-04 -1.212845e-04
-1.239183e-04 -1.239183e-04
-1.265686e-04 -1.265686e-04
-1.292352e-04 -1.292352e-04
-1.319175e-04 -1.319175e-04
-1.346150e-04 -1.346150e-04
-1.373273e-04 -1.373273e-04
-1.400535e-04 -1.400535e-04
-1.427929e-04 -1.427929e-04
-1.455448e-04 -1.455448e-04
-1.483082e-04 -1.483082e-04
-1.510825e-04 -1.510825e-04
-1.538669e-04 -1.538669e-04
-1.566606e-04 -1.566606e-04
-1.594629e-04 -1.594629e-04
-1.622734e-04 -1.622734e-04
-1.650916e-04 -1.650916e-04
-1.679171e-04 -1.679171e-04
-1.707496e-04 -1.707496e-04
-1.735888e-04 -1.735888e-04
-1.764345e-04 -1.764345e-04
-1.792864e-04 -1.792864e-04
-1.821441e-04 -1.821441e-04
-1.850074e-04 -1.850074e-04
-1.878755e-04 -1.878755e-04
-1.907480e-04 -1.907480e-04
-1.936239e-04 -1.936239e-04
-1.965024e-04 -1.965024e-04
-1.993825e-04 -1.993825e-04
-2.022628e-04 -2.022628e-04
-2.051424e-04 -2.051424e-04
-2.080198e-04 -2.080198e-04
-2.108939e-04 -2.108939e-04
-2.137635e-04 -2.137635e-04
-2.166275e-04 -2.166275e-04
-2.194848e-04 -2.194848e-04
-2.223347e-04 -2.223347e-04
-2.251764e-04 -2.251764e-04
-2.280094e-04 -2.280094e-04
-2.308331e-04 -2.308331e-04
-2.336472e-04 -2.336472e-04
-2.364513e-04 -2.364513e-04
-2.392451e-04 -2.392451e-04
-2.420282e-04 -2.420282e-04
-2.448002e-04 -2.448002e-04
-2.475603e-04 -2.475603e-04
-2.503080e-04 -2.503080e-04
-2.530422e-04 -2.530422e-04
-2.557620e-04 -2.557620e-04
-2.584660e-04 -2.584660e-04
-2.611529e-04 -2.611529e-04
-2.638212e-04 -2.638212e-04
-2.664693e-04 -2.664693e-04
-2.690956e-04 -2.690956e-04
-2.716987e-04 -2.716987e-04
-2.742770e-04 -2.742770e-04
-2.768291e-04 -2.768291e-04
-2.793540e-04 -2.793540e-04
-2.818504e-04 -2.818504e-04
-2.843175e-04 -2.843175e-04
-2.867546e-04 -2.867546e-04
-2.891610e-04 -2.891610e-04
-2.915362e-04 -2.915362e-04
-2.938798e-04 -2.938798e-04
-2.961913e-04 -2.961913e-04
-2.984700e-04 -2.984700e-04
-3.007155e-04 -3.007155e-04
-3.029270e-04 -3.029270e-04
-3.051036e-04 -3.051036e-04
-3.072441e-04 -3.072441e-04
-3.093474e-04 -3.093474e-04
-3.114120e-04 -3.114120e-04
-3.134364e-04 -3.134364e-04
-3.154189e-04 -3.154189e-04
-3.173579e-04 -3.173579e-04
-3.192516e-04 -3.192516e-04
-3.210983e-04 -3.210983e-04
-3.228965e-04 -3.228965e-04
-3.246446e-04 -3.246446e-04
-3.263415e-04 -3.263415e-04
-3.279858e-04 -3.279858e-04
-3.295765e-04 -3.295765e-04
-3.311129e-04 -3.311129e-04
-3.325940e-04 -3.325940e-04
-3.340194e-04 -3.340194e-04
-3.353884e-04 -3.353884e-04
-3.367003e-04 -3.367003e-04
-3.379545e-04 -3.379545e-04
-3.391503e-04 -3.391503e-04
-3.402868e-04 -3.402868e-04
-3.413630e-04 -3.413630e-04
-3.423779e-04 -3.423779e-04
-3.433301e-04 -3.433301e-04
-3.442183e-04 -3.442183e-04
-3.450410e-04 -3.450410e-04
-3.457965e-04 -3.457965e-04
-3.464833e-04 -3.464833e-04
-3.470997e-04 -3.470997e-04
-3.476442e-04 -3.476442e-04
-3.481153e-04 -3.481153e-04
-3.485117e-04 -3.485117e-04
-3.488320e-04 -3.488320e-04
-3.490751e-04 -3.490751e-04
-3.492401e-04 -3.492401e-04
-3.493260e-04 -3.493260e-04
-3.493321e-04 -3.493321e-04
-3.492576e-04 -3.492576e-04
-3.491019e-04 -3.491019e-04
-3.488643e-04 -3.488643e-04
-3.485440e-04 -3.485440e-04
-3.481404e-04 -3.481404e-04
-3.476525e-04 -3.476525e-04
-3.470794e-04 -3.470794e-04
-3.464201e-04 -3.464201e-04
-3.456735e-04 -3.456735e-04
-3.448384e-04 -3.448384e-04
-3.439136e-04 -3.439136e-04
-3.428977e-04 -3.428977e-04
-3.417895e-04 -3.417895e-04
-3.405878e-04 -3.405878e-04
-3.392914e-04 -3.392914e-04
-3.378990e-04 -3.378990e-04
-3.364098e-04 -3.364098e-04
-3.348226e-04 -3.348226e-04
-3.331368e-04 -3.331368e-04
-3.313514e-04 -3.313514e-04
-3.294658e-04 -3.294658e-04
-3.274793e-04 -3.274793e-04
-3.253913e-04 -3.253913e-04
-3.232011e-04 -3.232011e-04
-3.209082e-04 -3.209082e-04
-3.185120e-04 -3.185120e-04
-3.160117e-04 -3.160117e-04
-3.134066e-04 -3.134066e-04
-3.106961e-04 -3.106961e-04
-3.078794e-04 -3.078794e-04
-3.049556e-04 -3.049556e-04
-3.019241e-04 -3.019241e-04
-2.987839e-04 -2.987839e-04
-2.955344e-04 -2.955344e-04
-2.921749e-04 -2.921749e-04
-2.887046e-04 -2.887046e-04
-2.851231e-04 -2.851231e-04
-2.814298e-04 -2.814298e-04
-2.776242e-04 -2.776242e-04
-2.737059e-04 -2.737059e-04
-2.696745e-04 -2.696745e-04
-2.655298e-04 -2.655298e-04
-2.612714e-04 -2.612714e-04
-2.568989e-04 -2.568989e-04
-2.524122e-04 -2.524122e-04
-2.478107e-04 -2.478107e-04
-2.430943e-04 -2.430943e-04
-2.382624e-04 -2.382624e-04
-2.333148e-04 -2.333148e-04
-2.282511e-04 -2.282511e-04
-2.230709e-04 -2.230709e-04
-2.177738e-04 -2.177738e-04
-2.123595e-04 -2.123595e-04
-2.068280e-04 -2.068280e-04
-2.011790e-04 -2.011790e-04
-1.954124e-04 -1.954124e-04
-1.895284e-04 -1.895284e-04
-1.835270e-04 -1.835270e-04
-1.774085e-04 -1.774085e-04
-1.711731e-04 -1.711731e-04
-1.648211e-04 -1.648211e-04
-1.583529e-04 -1.583529e-04
-1.517689e-04 -1.517689e-04
-1.450693e-04 -1.450693e-04
-1.382545e-04 -1.382545e-04
-1.313246e-04 -1.313246e-04
-1.242800e-04 -1.242800e-04
-1.171208e-04 -1.171208e-04
-1.098470e-04 -1.098470e-04
-1.024589e-04 -1.024589e-04
-9.495641e-05 -9.495641e-05
-8.733979e-05 -8.733979e-05
-7.960919e-05 -7.960919e-05
-7.176489e-05 -7.176489e-05
-6.380725e-05 -6.380725e-05
-5.573676e-05 -5.573676e-05
-4.755407e-05 -4.755407e-05
-3.925993e-05 -3.925993e-05
-3.085523e-05 -3.085523e-05
-2.234098e-05 -2.234098e-05
-1.371830e-05 -1.371830e-05
-4.988337e-06 -4.988337e-06
3.847693e-06 3.847693e-06
1.278858e-05 1.278858e-05
2.183315e-05 2.183315e-05
3.098026e-05 3.098026e-05
4.022884e-05 4.022884e-05
4.957791e-05 4.957791e-05
5.902657e-05 5.902657e-05
6.857396e-05 6.857396e-05
7.821931e-05 7.821931e-05
8.796186e-05 8.796186e-05
9.780083e-05 9.780083e-05
1.077354e-04 1.077354e-04
1.177648e-04 1.177648e-04
1.278878e-04 1.278878e-04
1.381035e-04 1.381035e-04
1.484105e-04 1.484105e-04
1.588075e-04 1.588075e-04
1.692927e-04 1.692927e-04
1.798644e-04 1.798644e-04
1.905209e-04 1.905209e-04
2.012599e-04 2.012599e-04
2.120796e-04 2.120796e-04
2.229778e-04 2.229778e-04
2.339525e-04 2.339525e-04
2.450015e-04 2.450015e-04
2.561230e-04 2.561230e-04
2.673151e-04 2.673151e-04
2.785759e-04 2.785759e-04
2.899038e-04 2.899038e-04
3.012972e-04 3.012972e-04
3.127545e-04 3.127545e-04
3.242742e-04 3.242742e-04
3.358547e-04 3.358547e-04
3.474945e-04 3.474945e-04
3.591919e-04 3.591919e-04
3.709452e-04 3.709452e-04
3.827525e-04 3.827525e-04
3.946118e-04 3.946118e-04
4.065207e-04 4.065207e-04
4.184770e-04 4.184770e-04
4.304782e-04 4.304782e-04
4.425215e-04 4.425215e-04
4.546042e-04 4.546042e-04
4.667236e-04 4.667236e-04
4.788768e-04 4.788768e-04
4.910610e-04 4.910610e-04
5.032734e-04 5.032734e-04
5.155113e-04 5.155113e-04
5.277722e-04 5.277722e-04
5.400535e-04 5.400535e-04
5.523527e-04 5.523527e-04
5.646677e-04 5.646677e-04
5.769959e-04 5.769959e-04
5.893352e-04 5.893352e-04
6.016834e-04 6.016834e-04
6.140380e-04 6.140380e-04
6.263969e-04 6.263969e-04
6.387574e-04 6.387574e-04
6.511171e-04 6.511171e-04
6.634732e-04 6.634732e-04
6.758228e-04 6.758228e-04
6.881631e-04 6.881631e-04
7.004909e-04 7.004909e-04
7.128031e-04 7.128031e-04
7.250963e-04 7.250963e-04
7.373674e-04 7.373674e-04
7.496130e-04 7.496130e-04
7.618299e-04 7.618299e-04
7.740147e-04 7.740147e-04
7.861644e-04 7.861644e-04
7.982758e-04 7.982758e-04
8.103460e-04 8.103460e-04
8.223719e-04 8.223719e-04
8.343507e-04 8.343507e-04
8.462796e-04 8.462796e-04
8.581557e-04 8.581557e-04
8.699762e-04 8.699762e-04
8.817382e-04 8.817382e-04
8.934389e-04 8.934389e-04
9.050753e-04 9.050753e-04
9.166444e-04 9.166444e-04
9.281430e-04 9.281430e-04
9.395679e-04 9.395679e-04
9.509159e-04 9.509159e-04
9.621835e-04 9.621835e-04
9.733676e-04 9.733676e-04
9.844645e-04 9.844645e-04
9.954709e-04 9.954709e-04
1.006383e-03 1.006383e-03
1.017199e-03 1.017199e-03
1.027913e-03 1.027913e-03
1.038524e-03 1.038524e-03
1.049028e-03 1.049028e-03
1.059422e-03 1.059422e-03
1.069702e-03 1.069702e-03
1.079865e-03 1.079865e-03
1.089910e-03 1.089910e-03
1.099831e-03 1.099831e-03
1.109627e-03 1.109627e-03
1.119295e-03 1.119295e-03
1.128830e-03 1.128830e-03
1.138231e-03 1.138231e-03
1.147493e-03 1.147493e-03
1.156614e-03 1.156614e-03
1.165591e-03 1.165591e-03
1.174420e-03 1.174420e-03
1.183098e-03 1.183098e-03
1.191622e-03 1.191622e-03
1.199989e-03 1.199989e-03
1.208195e-03 1.208195e-03
1.216238e-03 1.216238e-03
1.224114e-03 1.224114e-03
1.231821e-03 1.231821e-03
1.239356e-03 1.239356e-03
1.246715e-03 1.246715e-03
1.253896e-03 1.253896e-03
1.260896e-03 1.260896e-03
1.267712e-03 1.267712e-03
1.274342e-03 1.274342e-03
1.280782e-03 1.280782e-03
1.287030e-03 1.287030e-03
1.293082e-03 1.293082e-03
1.298936e-03 1.298936e-03
1.304590e-03 1.304590e-03
1.310039e-03 1.310039e-03
1.315282e-03 1.315282e-03
1.320315e-03 1.320315e-03
1.325136e-03 1.325136e-03
1.329742e-03 1.329742e-03
1.334131e-03 1.334131e-03
1.338299e-03 1.338299e-03
1.342246e-03 1.342246e-03
1.345968e-03 1.345968e-03
1.349463e-03 1.349463e-03
1.352729e-03 1.352729e-03
1.355764e-03 1.355764e-03
1.358565e-03 1.358565e-03
1.361132e-03 1.361132e-03
1.363460e-03 1.363460e-03
1.365550e-03 1.365550e-03
1.367397e-03 1.367397e-03
1.369001e-03 1.369001e-03
1.370358e-03 1.370358e-03
1.371468e-03 1.371468e-03
1.372327e-03 1.372327e-03
1.372933e-03 1.372933e-03
1.373285e-03 1.373285e-03
1.373380e-03 1.373380e-03
1.373217e-03 1.373217e-03
1.372793e-03 1.372793e-03
1.372107e-03 1.372107e-03
1.371157e-03 1.371157e-03
1.369943e-03 1.369943e-03
1.368462e-03 1.368462e-03
1.366714e-03 1.366714e-03
1.364697e-03 1.364697e-03
1.362411e-03 1.362411e-03
1.359854e-03 1.359854e-03
1.357026e-03 1.357026e-03
1.353926e-03 1.353926e-03
1.350553e-03 1.350553e-03
1.346905e-03 1.346905e-03
1.342982e-03 1.342982e-03
1.338783e-03 1.338783e-03
1.334307e-03 1.334307e-03
1.329553e-03 1.329553e-03
1.324519e-03 1.324519e-03
1.319205e-03 1.319205e-03
1.313610e-03 1.313610e-03
1.307733e-03 1.307733e-03
1.301573e-03 1.301573e-03
1.295129e-03 1.295129e-03
1.288403e-03 1.288403e-03
1.281392e-03 1.281392e-03
1.274098e-03 1.274098e-03
1.266520e-03 1.266520e-03
1.258659e-03 1.258659e-03
1.250515e-03 1.250515e-03
1.242089e-03 1.242089e-03
1.233380e-03 1.233380e-03
1.224391e-03 1.224391e-03
1.215120e-03 1.215120e-03
1.205569e-03 1.205569e-03
1.195738e-03 1.195738e-03
1.185627e-03 1.185627e-03
1.175238e-03 1.175238e-03
1.164569e-03 1.164569e-03
1.153623e-03 1.153623e-03
1.142399e-03 1.142399e-03
1.130898e-03 1.130898e-03
1.119120e-03 1.119120e-03
1.107065e-03 1.107065e-03
1.094736e-03 1.094736e-03
1.082133e-03 1.082133e-03
1.069257e-03 1.069257e-03
1.056109e-03 1.056109e-03
1.042691e-03 1.042691e-03
1.029004e-03 1.029004e-03
1.015051e-03 1.015051e-03
1.000834e-03 1.000834e-03
9.863533e-04 9.863533e-04
9.716123e-04 9.716123e-04
9.566129e-04 9.566129e-04
9.413570e-04 9.413570e-04
9.258467e-04 9.258467e-04
9.100842e-04 9.100842e-04
8.940713e-04 8.940713e-04
8.778101e-04 8.778101e-04
8.613026e-04 8.613026e-04
8.445507e-04 8.445507e-04
8.275566e-04 8.275566e-04
8.103222e-04 8.103222e-04
7.928498e-04 7.928498e-04
7.751418e-04 7.751418e-04
7.572004e-04 7.572004e-04
7.390283e-04 7.390283e-04
7.206283e-04 7.206283e-04
7.020031e-04 7.020031e-04
6.831559e-04 6.831559e-04
6.640897e-04 6.640897e-04
6.448079e-04 6.448079e-04
6.253138e-04 6.253138e-04
6.056109e-04 6.056109e-04
5.857026e-04 5.857026e-04
5.655924e-04 5.655924e-04
5.452838e-04 5.452838e-04
5.247803e-04 5.247803e-04
5.040854e-04 5.040854e-04
4.832026e-04 4.832026e-04
4.621353e-04 4.621353e-04
4.408870e-04 4.408870e-04
4.194612e-04 4.194612e-04
3.978614e-04 3.978614e-04
3.760911e-04 3.760911e-04
3.541542e-04 3.541542e-04
3.320542e-04 3.320542e-04
3.097952e-04 3.097952e-04
2.873809e-04 2.873809e-04
2.648156e-04 2.648156e-04
2.421034e-04 2.421034e-04
2.192485e-04 2.192485e-04
1.962554e-04 1.962554e-04
1.731286e-04 1.731286e-04
1.498724e-04 1.498724e-04
1.264914e-04 1.264914e-04
1.029902e-04 1.029902e-04
7.937340e-05 7.937340e-05
5.564552e-05 5.564552e-05
3.181114e-05 3.181114e-05
7.874836e-06 7.874836e-06
-1.615882e-05 -1.615882e-05
-4.028523e-05 -4.028523e-05
-6.449981e-05 -6.449981e-05
-8.879793e-05 -8.879793e-05
-1.131749e-04 -1.131749e-04
-1.376260e-04 -1.376260e-04
-1.621464e-04 -1.621464e-04
-1.867314e-04 -1.867314e-04
-2.113759e-04 -2.113759e-04
-2.360751e-04 -2.360751e-04
-2.608239e-04 -2.608239e-04
-2.856172e-04 -2.856172e-04
-3.104500e-04 -3.104500e-04
-3.353170e-04 -3.353170e-04
-3.602132e-04 -3.602132e-04
-3.851335e-04 -3.851335e-04
-4.100726e-04 -4.100726e-04
-4.350254e-04 -4.350254e-04
-4.599868e-04 -4.599868e-04
-4.849517e-04 -4.849517e-04
-5.099150e-04 -5.099150e-04
-5.348714e-04 -5.348714e-04
-5.598160e-04 -5.598160e-04
-5.847435e-04 -5.847435e-04
-6.096487e-04 -6.096487e-04
-6.345264e-04 -6.345264e-04
-6.593714e-04 -6.593714e-04
-6.841783e-04 -6.841783e-04
-7.089417e-04 -7.089417e-04
-7.336564e-04 -7.336564e-04
-7.583168e-04 -7.583168e-04
-7.829177e-04 -7.829177e-04
-8.074536e-04 -8.074536e-04
-8.319192e-04 -8.319192e-04
-8.563090e-04 -8.563090e-04
-8.806179e-04 -8.806179e-04
-9.048405e-04 -9.048405e-04
-9.289717e-04 -9.289717e-04
-9.530063e-04 -9.530063e-04
-9.769392e-04 -9.769392e-04
-1.000765e-03 -1.000765e-03
-1.024480e-03 -1.024480e-03
-1.048077e-03 -1.048077e-03
-1.071553e-03 -1.071553e-03
-1.094902e-03 -1.094902e-03
-1.118118e-03 -1.118118e-03
-1.141198e-03 -1.141198e-03
-1.164135e-03 -1.164135e-03
-1.186925e-03 -1.186925e-03
-1.209562e-03 -1.209562e-03
-1.232042e-03 -1.232042e-03
-1.254358e-03 -1.254358e-03
-1.276506e-03 -1.276506e-03
-1.298480e-03 -1.298480e-03
-1.320276e-03 -1.320276e-03
-1.341888e-03 -1.341888e-03
-1.363312e-03 -1.363312e-03
-1.384542e-03 -1.384542e-03
-1.405575e-03 -1.405575e-03
-1.426404e-03 -1.426404e-03
-1.447027e-03 -1.447027e-03
-1.467438e-03 -1.467438e-03
-1.487633e-03 -1.487633e-03
-1.507607e-03 -1.507607e-03
-1.527358e-03 -1.527358e-03
-1.546879e-03 -1.546879e-03
-1.566167e-03 -1.566167e-03
-1.585218e-03 -1.585218e-03
-1.604027e-03 -1.604027e-03
-1.622589e-03 -1.622589e-03
-1.640901e-03 -1.640901e-03
-1.658959e-03 -1.658959e-03
-1.676756e-03 -1.676756e-03
-1.694290e-03 -1.694290e-03
-1.711556e-03 -1.711556e-03
-1.728550e-03 -1.728550e-03
-1.745267e-03 -1.745267e-03
-1.761703e-03 -1.761703e-03
-1.777855e-03 -1.777855e-03
-1.793719e-03 -1.793719e-03
-1.809292e-03 -1.809292e-03
-1.824569e-03 -1.824569e-03
-1.839548e-03 -1.839548e-03
-1.854226e-03 -1.854226e-03
-1.868599e-03 -1.868599e-03
-1.882664e-03 -1.882664e-03
-1.896418e-03 -1.896418e-03
-1.909859e-03 -1.909859e-03
-1.922983e-03 -1.922983e-03
-1.935788e-03 -1.935788e-03
-1.948270e-03 -1.948270e-03
-1.960427e-03 -1.960427e-03
-1.972255e-03 -1.972255e-03
-1.983752e-03 -1.983752e-03
-1.994914e-03 -1.994914e-03
-2.005738e-03 -2.005738e-03
-2.016223e-03 -2.016223e-03
-2.026364e-03 -2.026364e-03
-2.036160e-03 -2.036160e-03
-2.045608e-03 -2.045608e-03
-2.054705e-03 -2.054705e-03
-2.063450e-03 -2.063450e-03
-2.071840e-03 -2.071840e-03
-2.079875e-03 -2.079875e-03
-2.087551e-03 -2.087551e-03
-2.094868e-03 -2.094868e-03
-2.101824e-03 -2.101824e-03
-2.108418e-03 -2.108418e-03
-2.114648e-03 -2.114648e-03
-2.120514e-03 -2.120514e-03
-2.126014e-03 -2.126014e-03
-2.131146e-03 -2.131146e-03
-2.135910e-03 -2.135910e-03
-2.140305e-03 -2.140305e-03
-2.144329e-03 -2.144329e-03
-2.147981e-03 -2.147981e-03
-2.151260e-03 -2.151260e-03
-2.154165e-03 -2.154165e-03
-2.156694e-03 -2.156694e-03
-2.158848e-03 -2.158848e-03
-2.160626e-03 -2.160626e-03
-2.162026e-03 -2.162026e-03
-2.163049e-03 -2.163049e-03
-2.163694e-03 -2.163694e-03
-2.163961e-03 -2.163961e-03
-2.163850e-03 -2.163850e-03
-2.163362e-03 -2.163362e-03
-2.162497e-03 -2.162497e-03
-2.161255e-03 -2.161255e-03
-2.159636e-03 -2.159636e-03
-2.157642e-03 -2.157642e-03
-2.155272e-03 -2.155272e-03
-2.152529e-03 -2.152529e-03
-2.149411e-03 -2.149411e-03
-2.145921e-03 -2.145921e-03
-2.142058e-03 -2.142058e-03
-2.137824e-03 -2.137824e-03
-2.133219e-03 -2.133219e-03
-2.128245e-03 -2.128245e-03
-2.122902e-03 -2.122902e-03
-2.117191e-03 -2.117191e-03
-2.111114e-03 -2.111114e-03
-2.104672e-03 -2.104672e-03
-2.097865e-03 -2.097865e-03
-2.090697e-03 -2.090697e-03
-2.083169e-03 -2.083169e-03
-2.075281e-03 -2.075281e-03
-2.067037e-03 -2.067037e-03
-2.058438e-03 -2.058438e-03
-2.049487e-03 -2.049487e-03
-2.040186e-03 -2.040186e-03
-2.030536e-03 -2.030536e-03
-2.020541e-03 -2.020541e-03
-2.010203e-03 -2.010203e-03
-1.999524e-03 -1.999524e-03
-1.988506e-03 -1.988506e-03
-1.977153e-03 -1.977153e-03
-1.965467e-03 -1.965467e-03
-1.953450e-03 -1.953450e-03
-1.941106e-03 -1.941106e-03
-1.928436e-03 -1.928436e-03
-1.915445e-03 -1.915445e-03
-1.902134e-03 -1.902134e-03
-1.888507e-03 -1.888507e-03
-1.874567e-03 -1.874567e-03
-1.860317e-03 -1.860317e-03
-1.845761e-03 -1.845761e-03
-1.830902e-03 -1.830902e-03
-1.815744e-03 -1.815744e-03
-1.800290e-03 -1.800290e-03
-1.784543e-03 -1.784543e-03
-1.768508e-03 -1.768508e-03
-1.752187e-03 -1.752187e-03
-1.735586e-03 -1.735586e-03
-1.718708e-03 -1.718708e-03
-1.701555e-03 -1.701555e-03
-1.684134e-03 -1.684134e-03
-1.666446e-03 -1.666446e-03
-1.648497e-03 -1.648497e-03
-1.630290e-03 -1.630290e-03
-1.611830e-03 -1.611830e-03
-1.593121e-03 -1.593121e-03
-1.574166e-03 -1.574166e-03
-1.554971e-03 -1.554971e-03
-1.535539e-03 -1.535539e-03
-1.515875e-03 -1.515875e-03
-1.495985e-03 -1.495985e-03
-1.475872e-03 -1.475872e-03
-1.455541e-03 -1.455541e-03
-1.434996e-03 -1.434996e-03
-1.414243e-03 -1.414243e-03
-1.393287e-03 -1.393287e-03
-1.372131e-03 -1.372131e-03
-1.350781e-03 -1.350781e-03
-1.329242e-03 -1.329242e-03
-1.307518e-03 -1.307518e-03
-1.285613e-03 -1.285613e-03
-1.263533e-03 -1.263533e-03
-1.241283e-03 -1.241283e-03
-1.218867e-03 -1.218867e-03
-1.196290e-03 -1.196290e-03
-1.173557e-03 -1.173557e-03
-1.150673e-03 -1.150673e-03
-1.127643e-03 -1.127643e-03
-1.104473e-03 -1.104473e-03
-1.081167e-03 -1.081167e-03
-1.057731e-03 -1.057731e-03
-1.034170e-03 -1.034170e-03
-1.010490e-03 -1.010490e-03
-9.866957e-04 -9.866957e-04
-9.627928e-04 -9.627928e-04
-9.387866e-04 -9.387866e-04
-9.146824e-04 -9.146824e-04
-8.904856e-04 -8.904856e-04
-8.662013e-04 -8.662013e-04
-8.418348e-04 -8.418348e-04
-8.173911e-04 -8.173911e-04
-7.928754e-04 -7.928754e-04
-7.682927e-04 -7.682927e-04
-7.436481e-04 -7.436481e-04
-7.189466e-04 -7.189466e-04
-6.941933e-04 -6.941933e-04
-6.693933e-04 -6.693933e-04
-6.445518e-04 -6.445518e-04
-6.196740e-04 -6.196740e-04
-5.947652e-04 -5.947652e-04
-5.698308e-04 -5.698308e-04
-5.448762e-04 -5.448762e-04
-5.199068e-04 -5.199068e-04
-4.949281e-04 -4.949281e-04
-4.699456e-04 -4.699456e-04
-4.449648e-04 -4.449648e-04
-4.199910e-04 -4.199910e-04
-3.950295e-04 -3.950295e-04
-3.700858e-04 -3.700858e-04
-3.451648e-04 -3.451648e-04
-3.202718e-04 -3.202718e-04
-2.954117e-04 -2.954117e-04
-2.705894e-04 -2.705894e-04
-2.458098e-04 -2.458098e-04
-2.210774e-04 -2.210774e-04
-1.963972e-04 -1.963972e-04
-1.717738e-04 -1.717738e-04
-1.472119e-04 -1.472119e-04
-1.227163e-04 -1.227163e-04
-9.829159e-05 -9.829159e-05
-7.394268e-05 -7.394268e-05
-4.967436e-05 -4.967436e-05
-2.549152e-05 -2.549152e-05
-1.399053e-06 -1.399053e-06
2.259812e-05 2.259812e-05
4.649510e-05 4.649510e-05
7.028699e-05 7.028699e-05
9.396897e-05 9.396897e-05
1.175363e-04 1.175363e-04
1.409843e-04 1.409843e-04
1.643083e-04 1.643083e-04
1.875040e-04 1.875040e-04
2.105671e-04 2.105671e-04
2.334933e-04 2.334933e-04
2.562785e-04 2.562785e-04
2.789187e-04 2.789187e-04
3.014101e-04 3.014101e-04
3.237487e-04 3.237487e-04
3.459307e-04 3.459307e-04
3.679525e-04 3.679525e-04
3.898101e-04 3.898101e-04
4.114998e-04 4.114998e-04
4.330177e-04 4.330177e-04
4.543602e-04 4.543602e-04
4.755233e-04 4.755233e-04
4.965033e-04 4.965033e-04
5.172964e-04 5.172964e-04
5.378987e-04 5.378987e-04
5.583065e-04 5.583065e-04
5.785163e-04 5.785163e-04
5.985244e-04 5.985244e-04
6.183274e-04 6.183274e-04
6.379219e-04 6.379219e-04
6.573048e-04 6.573048e-04
6.764729e-04 6.764729e-04
6.954232e-04 6.954232e-04
7.141530e-04 7.141530e-04
7.326594e-04 7.326594e-04
7.509398e-04 7.509398e-04
7.689916e-04 7.689916e-04
7.868121e-04 7.868121e-04
8.043991e-04 8.043991e-04
8.217498e-04 8.217498e-04
8.388620e-04 8.388620e-04
8.557331e-04 8.557331e-04
8.723608e-04 8.723608e-04
8.887426e-04 8.887426e-04
9.048763e-04 9.048763e-04
9.207594e-04 9.207594e-04
9.363898e-04 9.363898e-04
9.517652e-04 9.517652e-04
9.668836e-04 9.668836e-04
9.817429e-04 9.817429e-04
9.963412e-04 9.963412e-04
1.010677e-03 1.010677e-03
1.024748e-03 1.024748e-03
1.038553e-03 1.038553e-03
1.052090e-03 1.052090e-03
1.065359e-03 1.065359e-03
1.078357e-03 1.078357e-03
1.091084e-03 1.091084e-03
1.103538e-03 1.103538e-03
1.115719e-03 1.115719e-03
1.127625e-03 1.127625e-03
1.139255e-03 1.139255e-03
1.150609e-03 1.150609e-03
1.161685e-03 1.161685e-03
1.172482e-03 1.172482e-03
1.183000e-03 1.183000e-03
1.193239e-03 1.193239e-03
1.203196e-03 1.203196e-03
1.212872e-03 1.212872e-03
1.222266e-03 1.222266e-03
1.231378e-03 1.231378e-03
1.240208e-03 1.240208e-03
1.248754e-03 1.248754e-03
1.257017e-03 1.257017e-03
1.264997e-03 1.264997e-03
1.272694e-03 1.272694e-03
1.280108e-03 1.280108e-03
1.287239e-03 1.287239e-03
1.294087e-03 1.294087e-03
1.300653e-03 1.300653e-03
1.306936e-03 1.306936e-03
1.312937e-03 1.312937e-03
1.318657e-03 1.318657e-03
1.324095e-03 1.324095e-03
1.329253e-03 1.329253e-03
1.334131e-03 1.334131e-03
1.338729e-03 1.338729e-03
1.343048e-03 1.343048e-03
1.347089e-03 1.347089e-03
1.350853e-03 1.350853e-03
1.354341e-03 1.354341e-03
1.357553e-03 1.357553e-03
1.360491e-03 1.360491e-03
1.363156e-03 1.363156e-03
1.365550e-03 1.365550e-03
1.367673e-03 1.367673e-03
1.369526e-03 1.369526e-03
1.371113e-03 1.371113e-03
1.372433e-03 1.372433e-03
1.373488e-03 1.373488e-03
1.374280e-03 1.374280e-03
1.374811e-03 1.374811e-03
1.375081e-03 1.375081e-03
1.375092e-03 1.375092e-03
1.374847e-03 1.374847e-03
1.374346e-03 1.374346e-03
1.373591e-03 1.373591e-03
1.372584e-03 1.372584e-03
1.371327e-03 1.371327e-03
1.369822e-03 1.369822e-03
1.368071e-03 1.368071e-03
1.366075e-03 1.366075e-03
1.363837e-03 1.363837e-03
1.361359e-03 1.361359e-03
1.358644e-03 1.358644e-03
1.355694e-03 1.355694e-03
1.352511e-03 1.352511e-03
1.349098e-03 1.349098e-03
1.345458e-03 1.345458e-03
1.341592e-03 1.341592e-03
1.337504e-03 1.337504e-03
1.333196e-03 1.333196e-03
1.328670e-03 1.328670e-03
1.323929e-03 1.323929e-03
1.318975e-03 1.318975e-03
1.313811e-03 1.313811e-03
1.308439e-03 1.308439e-03
1.302862e-03 1.302862e-03
1.297082e-03 1.297082e-03
1.291102e-03 1.291102e-03
1.284923e-03 1.284923e-03
1.278550e-03 1.278550e-03
1.271985e-03 1.271985e-03
1.265231e-03 1.265231e-03
1.258290e-03 1.258290e-03
1.251167e-03 1.251167e-03
1.243863e-03 1.243863e-03
1.236383e-03 1.236383e-03
1.228728e-03 1.228728e-03
1.220904e-03 1.220904e-03
1.212912e-03 1.212912e-03
1.204756e-03 1.204756e-03
1.196439e-03 1.196439e-03
1.187965e-03 1.187965e-03
1.179335e-03 1.179335e-03
1.170554e-03 1.170554e-03
1.161624e-03 1.161624e-03
1.152548e-03 1.152548e-03
1.143328e-03 1.143328e-03
1.133969e-03 1.133969e-03
1.124472e-03 1.124472e-03
1.114841e-03 1.114841e-03
1.105079e-03 1.105079e-03
1.095189e-03 1.095189e-03
1.085174e-03 1.085174e-03
1.075037e-03 1.075037e-03
1.064782e-03 1.064782e-03
1.054412e-03 1.054412e-03
1.043931e-03 1.043931e-03
1.033341e-03 1.033341e-03
1.022647e-03 1.022647e-03
1.011851e-03 1.011851e-03
1.000958e-03 1.000958e-03
9.899706e-04 9.899706e-04
9.788917e-04 9.788917e-04
9.677250e-04 9.677250e-04
9.564734e-04 9.564734e-04
9.451402e-04 9.451402e-04
9.337282e-04 9.337282e-04
9.222406e-04 9.222406e-04
9.106803e-04 9.106803e-04
8.990503e-04 8.990503e-04
8.873534e-04 8.873534e-04
8.755928e-04 8.755928e-04
8.637714e-04 8.637714e-04
8.518923e-04 8.518923e-04
8.399585e-04 8.399585e-04
8.279734e-04 8.279734e-04
8.159400e-04 8.159400e-04
8.038616e-04 8.038616e-04
7.917414e-04 7.917414e-04
7.795828e-04 7.795828e-04
7.673888e-04 7.673888e-04
7.551627e-04 7.551627e-04
7.429077e-04 7.429077e-04
7.306269e-04 7.306269e-04
7.183232e-04 7.183232e-04
7.059996e-04 7.059996e-04
6.936591e-04 6.936591e-04
6.813043e-04 6.813043e-04
6.689382e-04 6.689382e-04
6.565633e-04 6.565633e-04
6.441824e-04 6.441824e-04
6.317981e-04 6.317981e-04
6.194130e-04 6.194130e-04
6.070299e-04 6.070299e-04
5.946513e-04 5.946513e-04
5.822799e-04 5.822799e-04
5.699185e-04 5.699185e-04
5.575697e-04 5.575697e-04
5.452362e-04 5.452362e-04
5.329208e-04 5.329208e-04
5.206261e-04 5.206261e-04
5.083549e-04 5.083549e-04
4.961098e-04 4.961098e-04
4.838933e-04 4.838933e-04
4.717081e-04 4.717081e-04
4.595566e-04 4.595566e-04
4.474412e-04 4.474412e-04
4.353644e-04 4.353644e-04
4.233283e-04 4.233283e-04
4.113353e-04 4.113353e-04
3.993875e-04 3.993875e-04
3.874871e-04 3.874871e-04
3.756362e-04 3.756362e-04
3.638370e-04 3.638370e-04
3.520914e-04 3.520914e-04
3.404016e-04 3.404016e-04
3.287697e-04 3.287697e-04
3.171976e-04 3.171976e-04
3.056875e-04 3.056875e-04
2.942412e-04 2.942412e-04
2.828609e-04 2.828609e-04
2.715485e-04 2.715485e-04
2.603059e-04 2.603059e-04
2.491350e-04 2.491350e-04
2.380376e-04 2.380376e-04
2.270155e-04 2.270155e-04
2.160705e-04 2.160705e-04
2.052041e-04 2.052041e-04
1.944181e-04 1.944181e-04
1.837139e-04 1.837139e-04
1.730932e-04 1.730932e-04
1.625574e-04 1.625574e-04
1.521080e-04 1.521080e-04
1.417464e-04 1.417464e-04
1.314741e-04 1.314741e-04
1.212925e-04 1.212925e-04
1.112029e-04 1.112029e-04
1.012068e-04 1.012068e-04
9.130542e-05 9.130542e-05
8.150015e-05 8.150015e-05
7.179225e-05 7.179225e-05
6.218295e-05 6.218295e-05
5.267343e-05 5.267343e-05
4.326481e-05 4.326481e-05
3.395814e-05 3.395814e-05
2.475442e-05 2.475442e-05
1.565460e-05 1.565460e-05
6.659555e-06 6.659555e-06
-2.229891e-06 -2.229891e-06
-1.101295e-05 -1.101295e-05
-1.968887e-05 -1.968887e-05
-2.825692e-05 -2.825692e-05
-3.671639e-05 -3.671639e-05
-4.506658e-05 -4.506658e-05
-5.330680e-05 -5.330680e-05
-6.143633e-05 -6.143633e-05
-6.945450e-05 -6.945450e-05
-7.736060e-05 -7.736060e-05
-8.515396e-05 -8.515396e-05
-9.283392e-05 -9.283392e-05
-1.003999e-04 -1.003999e-04
-1.078512e-04 -1.078512e-04
-1.151874e-04 -1.151874e-04
-1.224080e-04 -1.224080e-04
-1.295126e-04 -1.295126e-04
-1.365009e-04 -1.365009e-04
-1.433727e-04 -1.433727e-04
-1.501277e-04 -1.501277e-04
-1.567660e-04 -1.567660e-04
-1.632873e-04 -1.632873e-04
-1.696918e-04 -1.696918e-04
-1.759795e-04 -1.759795e-04
-1.821504e-04 -1.821504e-04
-1.882045e-04 -1.882045e-04
-1.941420e-04 -1.941420e-04
-1.999628e-04 -1.999628e-04
-2.056671e-04 -2.056671e-04
-2.112546e-04 -2.112546e-04
-2.167255e-04 -2.167255e-04
-2.220797e-04 -2.220797e-04
-2.273172e-04 -2.273172e-04
-2.324379e-04 -2.324379e-04
-2.374418e-04 -2.374418e-04
-2.423291e-04 -2.423291e-04
-2.470999e-04 -2.470999e-04
-2.517542e-04 -2.517542e-04
-2.562924e-04 -2.562924e-04
-2.607149e-04 -2.607149e-04
-2.650220e-04 -2.650220e-04
-2.692143e-04 -2.692143e-04
-2.732923e-04 -2.732923e-04
-2.772566e-04 -2.772566e-04
-2.811081e-04 -2.811081e-04
-2.848472e-04 -2.848472e-04
-2.884747e-04 -2.884747e-04
-2.919913e-04 -2.919913e-04
-2.953976e-04 -2.953976e-04
-2.986943e-04 -2.986943e-04
-3.018819e-04 -3.018819e-04
-3.049610e-04 -3.049610e-04
-3.079321e-04 -3.079321e-04
-3.107957e-04 -3.107957e-04
-3.135522e-04 -3.135522e-04
-3.162021e-04 -3.162021e-04
-3.187460e-04 -3.187460e-04
-3.211844e-04 -3.211844e-04
-3.235179e-04 -3.235179e-04
-3.257471e-04 -3.257471e-04
-3.278729e-04 -3.278729e-04
-3.298960e-04 -3.298960e-04
-3.318174e-04 -3.318174e-04
-3.336379e-04 -3.336379e-04
-3.353587e-04 -3.353587e-04
-3.369808e-04 -3.369808e-04
-3.385053e-04 -3.385053e-04
-3.399333e-04 -3.399333e-04
-3.412659e-04 -3.412659e-04
-3.425042e-04 -3.425042e-04
-3.436492e-04 -3.436492e-04
-3.447019e-04 -3.447019e-04
-3.456634e-04 -3.456634e-04
-3.465344e-04 -3.465344e-04
-3.473159e-04 -3.473159e-04
-3.480087e-04 -3.480087e-04
-3.486137e-04 -3.486137e-04
-3.491316e-04 -3.491316e-04
-3.495634e-04 -3.495634e-04
-3.499098e-04 -3.499098e-04
-3.501719e-04 -3.501719e-04
-3.503505e-04 -3.503505e-04
-3.504468e-04 -3.504468e-04
-3.504618e-04 -3.504618e-04
-3.503966e-04 -3.503966e-04
-3.502525e-04 -3.502525e-04
-3.500307e-04 -3.500307e-04
-3.497324e-04 -3.497324e-04
-3.493590e-04 -3.493590e-04
-3.489118e-04 -3.489118e-04
-3.483920e-04 -3.483920e-04
-3.478008e-04 -3.478008e-04
-3.471395e-04 -3.471395e-04
-3.464093e-04 -3.464093e-04
-3.456112e-04 -3.456112e-04
-3.447463e-04 -3.447463e-04
-3.438158e-04 -3.438158e-04
-3.428206e-04 -3.428206e-04
-3.417617e-04 -3.417617e-04
-3.406402e-04 -3.406402e-04
-3.394571e-04 -3.394571e-04
-3.382133e-04 -3.382133e-04
-3.369101e-04 -3.369101e-04
-3.355484e-04 -3.355484e-04
-3.341294e-04 -3.341294e-04
-3.326543e-04 -3.326543e-04
-3.311242e-04 -3.311242e-04
-3.295405e-04 -3.295405e-04
-3.279043e-04 -3.279043e-04
-3.262170e-04 -3.262170e-04
-3.244797e-04 -3.244797e-04
-3.226937e-04 -3.226937e-04
-3.208603e-04 -3.208603e-04
-3.189807e-04 -3.189807e-04
-3.170560e-04 -3.170560e-04
-3.150873e-04 -3.150873e-04
-3.130759e-04 -3.130759e-04
-3.110227e-04 -3.110227e-04
-3.089288e-04 -3.089288e-04
-3.067952e-04 -3.067952e-04
-3.046231e-04 -3.046231e-04
-3.024135e-04 -3.024135e-04
-3.001673e-04 -3.001673e-04
-2.978857e-04 -2.978857e-04
-2.955697e-04 -2.955697e-04
-2.932204e-04 -2.932204e-04
-2.908388e-04 -2.908388e-04
-2.884262e-04 -2.884262e-04
-2.859836e-04 -2.859836e-04
-2.835121e-04 -2.835121e-04
-2.810128e-04 -2.810128e-04
-2.784868e-04 -2.784868e-04
-2.759352e-04 -2.759352e-04
-2.733590e-04 -2.733590e-04
-2.707592e-04 -2.707592e-04
-2.681369e-04 -2.681369e-04
-2.654930e-04 -2.654930e-04
-2.628285e-04 -2.628285e-04
-2.601443e-04 -2.601443e-04
-2.574414e-04 -2.574414e-04
-2.547207e-04 -2.547207e-04
-2.519832e-04 -2.519832e-04
-2.492297e-04 -2.492297e-04
-2.464613e-04 -2.464613e-04
-2.436788e-04 -2.436788e-04
-2.408833e-04 -2.408833e-04
-2.380758e-04 -2.380758e-04
-2.352571e-04 -2.352571e-04
-2.324282e-04 -2.324282e-04
-2.295901e-04 -2.295901e-04
-2.267437e-04 -2.267437e-04
-2.238899e-04 -2.238899e-04
-2.210295e-04 -2.210295e-04
-2.181634e-04 -2.181634e-04
-2.152923e-04 -2.152923e-04
-2.124171e-04 -2.124171e-04
-2.095384e-04 -2.095384e-04
-2.066569e-04 -2.066569e-04
-2.037734e-04 -2.037734e-04
-2.008885e-04 -2.008885e-04
-1.980030e-04 -1.980030e-04
-1.951174e-04 -1.951174e-04
-1.922326e-04 -1.922326e-04
-1.893493e-04 -1.893493e-04
-1.864682e-04 -1.864682e-04
-1.835901e-04 -1.835901e-04
-1.807159e-04 -1.807159e-04
-1.778462e-04 -1.778462e-04
-1.749820e-04 -1.749820e-04
-1.721239e-04 -1.721239e-04
-1.692728e-04 -1.692728e-04
-1.664294e-04 -1.664294e-04
-1.635943e-04 -1.635943e-04
-1.607681e-04 -1.607681e-04
-1.579516e-04 -1.579516e-04
-1.551451e-04 -1.551451e-04
-1.523492e-04 -1.523492e-04
-1.495642e-04 -1.495642e-04
-1.467907e-04 -1.467907e-04
-1.440290e-04 -1.440290e-04
-1.412795e-04 -1.412795e-04
-1.385426e-04 -1.385426e-04
-1.358186e-04 -1.358186e-04
-1.331080e-04 -1.331080e-04
-1.304113e-04 -1.304113e-04
-1.277290e-04 -1.277290e-04
-1.250617e-04 -1.250617e-04
-1.224097e-04 -1.224097e-04
-1.197739e-04 -1.197739e-04
-1.171547e-04 -1.171547e-04
-1.145528e-04 -1.145528e-04
-1.119686e-04 -1.119686e-04
-1.094028e-04 -1.094028e-04
-1.068559e-04 -1.068559e-04
-1.043282e-04 -1.043282e-04
-1.018202e-04 -1.018202e-04
-9.933208e-05 -9.933208e-05
-9.686420e-05 -9.686420e-05
-9.441674e-05 -9.441674e-05
-9.198984e-05 -9.198984e-05
-8.958363e-05 -8.958363e-05
-8.719821e-05 -8.719821e-05
-8.483369e-05 -8.483369e-05
-8.249017e-05 -8.249017e-05
-8.016782e-05 -8.016782e-05
-7.786680e-05 -7.786680e-05
-7.558733e-05 -7.558733e-05
-7.332969e-05 -7.332969e-05
-7.109417e-05 -7.109417e-05
-6.888112e-05 -6.888112e-05
-6.669089e-05 -6.669089e-05
-6.452387e-05 -6.452387e-05
-6.238041e-05 -6.238041e-05
-6.026088e-05 -6.026088e-05
-5.816559e-05 -5.816559e-05
-5.609480e-05 -5.609480e-05
-5.404872e-05 -5.404872e-05
-5.202752e-05 -5.202752e-05
-5.003128e-05 -5.003128e-05
-4.806002e-05 -4.806002e-05
-4.611373e-05 -4.611373e-05
-4.419235e-05 -4.419235e-05
-4.229577e-05 -4.229577e-05
-4.042389e-05 -4.042389e-05
-3.857661e-05 -3.857661e-05
-3.675385e-05 -3.675385e-05
-3.495553e-05 -3.495553e-05
-3.318164e-05 -3.318164e-05
-3.143219e-05 -3.143219e-05
-2.970725e-05 -2.970725e-05
-2.800692e-05 -2.800692e-05
-2.633132e-05 -2.633132e-05
-2.468063e-05 -2.468063e-05
-2.305501e-05 -2.305501e-05
-2.145462e-05 -2.145462e-05
-1.987960e-05 -1.987960e-05
-1.833007e-05 -1.833007e-05
-1.680611e-05 -1.680611e-05
-1.530775e-05 -1.530775e-05
-1.383495e-05 -1.383495e-05
-1.238764e-05 -1.238764e-05
-1.096569e-05 -1.096569e-05
-9.568932e-06 -9.568932e-06
-8.197164e-06 -8.197164e-06
-6.850164e-06 -6.850164e-06
-5.527702e-06 -5.527702e-06
-4.229553e-06 -4.229553e-06
-2.955509e-06 -2.955509e-06
-1.705385e-06 -1.705385e-06
-4.790295e-07 -4.790295e-07
7.236772e-07 7.236772e-07
1.902819e-06 1.902819e-06
3.058450e-06 3.058450e-06
4.190601e-06 4.190601e-06
5.299285e-06 5.299285e-06
6.384513e-06 6.384513e-06
7.446300e-06 7.446300e-06
8.484676e-06 8.484676e-06
9.499694e-06 9.499694e-06
1.049144e-05 1.049144e-05
1.146003e-05 1.146003e-05
1.240563e-05 1.240563e-05
1.332842e-05 1.332842e-05
1.422862e-05 1.422862e-05
1.510648e-05 1.510648e-05
1.596226e-05 1.596226e-05
1.679623e-05 1.679623e-05
1.760865e-05 1.760865e-05
1.839980e-05 1.839980e-05
1.916990e-05 1.916990e-05
1.991920e-05 1.991920e-05
2.064789e-05 2.064789e-05
2.135616e-05 2.135616e-05
2.204418e-05 2.204418e-05
2.271209e-05 2.271209e-05
2.336004e-05 2.336004e-05
2.398818e-05 2.398818e-05
2.459663e-05 2.459663e-05
2.518557e-05 2.518557e-05
2.575516e-05 2.575516e-05
2.630558e-05 2.630558e-05
2.683704e-05 2.683704e-05
2.734977e-05 2.734977e-05
2.784401e-05 2.784401e-05
2.832000e-05 2.832000e-05
2.877802e-05 2.877802e-05
2.921832e-05 2.921832e-05
2.964116e-05 2.964116e-05
3.004681e-05 3.004681e-05
3.043549e-05 3.043549e-05
3.080743e-05 3.080743e-05
3.116287e-05 3.116287e-05
3.150198e-05 3.150198e-05
3.182497e-05 3.182497e-05
3.213203e-05 3.213203e-05
3.242333e-05 3.242333e-05
3.269908e-05 3.269908e-05
3.295948e-05 3.295948e-05
3.320474e-05 3.320474e-05
3.343509e-05 3.343509e-05
3.365077e-05 3.365077e-05
3.385207e-05 3.385207e-05
3.403924e-05 3.403924e-05
3.421259e-05 3.421259e-05
3.437240e-05 3.437240e-05
3.451896e-05 3.451896e-05
3.465255e-05 3.465255e-05
3.477343e-05 3.477343e-05
3.488184e-05 3.488184e-05
3.497802e-05 3.497802e-05
3.506215e-05 3.506215e-05
3.513441e-05 3.513441e-05
3.519496e-05 3.519496e-05
3.524393e-05 3.524393e-05
3.528147e-05 3.528147e-05
3.530770e-05 3.530770e-05
3.532278e-05 3.532278e-05
3.532687e-05 3.532687e-05
3.532014e-05 3.532014e-05
3.530282e-05 3.530282e-05
3.527515e-05 3.527515e-05
3.523739e-05 3.523739e-05
3.518984e-05 3.518984e-05
3.513281e-05 3.513281e-05
3.506664e-05 3.506664e-05
3.499166e-05 3.499166e-05
3.490817e-05 3.490817e-05
3.481650e-05 3.481650e-05
3.471690e-05 3.471690e-05
3.460963e-05 3.460963e-05
3.449489e-05 3.449489e-05
3.437284e-05 3.437284e-05
3.424362e-05 3.424362e-05
3.410731e-05 3.410731e-05
3.396398e-05 3.396398e-05
3.381371e-05 3.381371e-05
3.365652e-05 3.365652e-05
3.349250e-05 3.349250e-05
3.332171e-05 3.332171e-05
3.314428e-05 3.314428e-05
3.296034e-05 3.296034e-05
3.277008e-05 3.277008e-05
3.257373e-05 3.257373e-05
3.237157e-05 3.237157e-05
3.216388e-05 3.216388e-05
3.195099e-05 3.195099e-05
3.173323e-05 3.173323e-05
3.151094e-05 3.151094e-05
3.128442e-05 3.128442e-05
3.105397e-05 3.105397e-05
3.081984e-05 3.081984e-05
3.058224e-05 3.058224e-05
3.034132e-05 3.034132e-05
3.009719e-05 3.009719e-05
2.984991e-05 2.984991e-05
2.959952e-05 2.959952e-05
2.934601e-05 2.934601e-05
2.908935e-05 2.908935e-05
2.882954e-05 2.882954e-05
2.856656e-05 2.856656e-05
2.830042e-05 2.830042e-05
2.803120e-05 2.803120e-05
2.775897e-05 2.775897e-05
2.748388e-05 2.748388e-05
2.720613e-05 2.720613e-05
2.692593e-05 2.692593e-05
2.664357e-05 2.664357e-05
2.635932e-05 2.635932e-05
2.607348e-05 2.607348e-05
2.578635e-05 2.578635e-05
2.549822e-05 2.549822e-05
2.520933e-05 2.520933e-05
2.491988e-05 2.491988e-05
2.463004e-05 2.463004e-05
2.433993e-05 2.433993e-05
2.404959e-05 2.404959e-05
2.375906e-05 2.375906e-05
2.346829e-05 2.346829e-05
2.317725e-05 2.317725e-05
2.288586e-05 2.288586e-05
2.259408e-05 2.259408e-05
2.230184e-05 2.230184e-05
2.200912e-05 2.200912e-05
2.171592e-05 2.171592e-05
2.142231e-05 2.142231e-05
2.112836e-05 2.112836e-05
2.083423e-05 2.083423e-05
2.054008e-05 2.054008e-05
2.024612e-05 2.024612e-05
1.995257e-05 1.995257e-05
1.965968e-05 1.965968e-05
1.936767e-05 1.936767e-05
1.907675e-05 1.907675e-05
1.878712e-05 1.878712e-05
1.849892e-05 1.849892e-05
1.821226e-05 1.821226e-05
1.792721e-05 1.792721e-05
1.764379e-05 1.764379e-05
1.736199e-05 1.736199e-05
1.708175e-05 1.708175e-05
1.680303e-05 1.680303e-05
1.652573e-05 1.652573e-05
1.624980e-05 1.624980e-05
1.597516e-05 1.597516e-05
1.570178e-05 1.570178e-05
1.542965e-05 1.542965e-05
1.515878e-05 1.515878e-05
1.488924e-05 1.488924e-05
1.462111e-05 1.462111e-05
1.435451e-05 1.435451e-05
1.408957e-05 1.408957e-05
1.382643e-05 1.382643e-05
1.356526e-05 1.356526e-05
1.330619e-05 1.330619e-05
1.304935e-05 1.304935e-05
1.279484e-05 1.279484e-05
1.254276e-05 1.254276e-05
1.229314e-05 1.229314e-05
1.204602e-05 1.204602e-05
1.180137e-05 1.180137e-05
1.155919e-05 1.155919e-05
1.131941e-05 1.131941e-05
1.108200e-05 1.108200e-05
1.084688e-05 1.084688e-05
1.061401e-05 1.061401e-05
1.038336e-05 1.038336e-05
1.015490e-05 1.015490e-05
9.928622e-06 9.928622e-06
9.704550e-06 9.704550e-06
9.482717e-06 9.482717e-06
9.263173e-06 9.263173e-06
9.045978e-06 9.045978e-06
8.831199e-06 8.831199e-06
8.618900e-06 8.618900e-06
8.409143e-06 8.409143e-06
8.201976e-06 8.201976e-06
7.997435e-06 7.997435e-06
7.795539e-06 7.795539e-06
7.596292e-06 7.596292e-06
7.399683e-06 7.399683e-06
7.205689e-06 7.205689e-06
7.014279e-06 7.014279e-06
6.825419e-06 6.825419e-06
6.639078e-06 6.639078e-06
6.455228e-06 6.455228e-06
6.273852e-06 6.273852e-06
6.094945e-06 6.094945e-06
5.918514e-06 5.918514e-06
5.744576e-06 5.744576e-06
5.573159e-06 5.573159e-06
5.404297e-06 5.404297e-06
5.238022e-06 5.238022e-06
5.074367e-06 5.074367e-06
4.913352e-06 4.913352e-06
4.754989e-06 4.754989e-06
4.599271e-06 4.599271e-06
4.446176e-06 4.446176e-06
4.295666e-06 4.295666e-06
4.147687e-06 4.147687e-06
4.002175e-06 4.002175e-06
3.859060e-06 3.859060e-06
3.718270e-06 3.718270e-06
3.579742e-06 3.579742e-06
3.443421e-06 3.443421e-06
3.309271e-06 3.309271e-06
3.177275e-06 3.177275e-06
3.047438e-06 3.047438e-06
2.919785e-06 2.919785e-06
2.794362e-06 2.794362e-06
2.671229e-06 2.671229e-06
2.550452e-06 2.550452e-06
2.432103e-06 2.432103e-06
2.316242e-06 2.316242e-06
2.202919e-06 2.202919e-06
2.092162e-06 2.092162e-06
1.983973e-06 1.983973e-06
1.878324e-06 1.878324e-06
1.775160e-06 1.775160e-06
1.674396e-06 1.674396e-06
1.575924e-06 1.575924e-06
1.479622e-06 1.479622e-06
1.385358e-06 1.385358e-06
1.293000e-06 1.293000e-06
1.202428e-06 1.202428e-06
1.113543e-06 1.113543e-06
1.026272e-06 1.026272e-06
9.405721e-07 9.405721e-07
8.564393e-07 8.564393e-07
7.739027e-07 7.739027e-07
6.930231e-07 6.930231e-07
6.138885e-07 6.138885e-07
5.366028e-07 5.366028e-07
4.612775e-07 4.612775e-07
3.880205e-07 3.880205e-07
3.169248e-07 3.169248e-07
2.480592e-07 2.480592e-07
1.814587e-07 1.814587e-07
1.171206e-07 1.171206e-07
5.500169e-08 5.500169e-08
-4.982212e-09 -4.982212e-09
-6.294977e-08 -6.294977e-08
-1.190483e-07 -1.190483e-07
-1.734434e-07 -1.734434e-07
-2.263082e-07 -2.263082e-07
-2.778106e-07 -2.778106e-07
-3.281007e-07 -3.281007e-07
-3.773011e-07 -3.773011e-07
-4.254989e-07 -4.254989e-07
-4.727381e-07 -4.727381e-07
-5.190195e-07 -5.190195e-07
-5.643005e-07 -5.643005e-07
-6.085011e-07 -6.085011e-07
-6.515115e-07 -6.515115e-07
-6.932023e-07 -6.932023e-07
-7.334384e-07 -7.334384e-07
-7.720896e-07 -7.720896e-07
-8.090446e-07 -8.090446e-07
-8.442216e-07 -8.442216e-07
-8.775755e-07 -8.775755e-07
-9.091063e-07 -9.091063e-07
-9.388586e-07 -9.388586e-07
-9.669202e-07 -9.669202e-07
-9.934179e-07 -9.934179e-07
-1.018508e-06 -1.018508e-06
-1.042364e-06 -1.042364e-06
-1.065169e-06 -1.065169e-06
-1.087096e-06 -1.087096e-06
-1.108301e-06 -1.108301e-06
-1.128909e-06 -1.128909e-06
-1.149009e-06 -1.149009e-06
-1.168644e-06 -1.168644e-06
-1.187815e-06 -1.187815e-06
-1.206477e-06 -1.206477e-06
-1.224550e-06 -1.224550e-06
-1.241925e-06 -1.241925e-06
-1.258475e-06 -1.258475e-06
-1.274066e-06 -1.274066e-06
-1.288571e-06 -1.288571e-06
-1.301882e-06 -1.301882e-06
-1.313918e-06 -1.313919e-06
-1.324636e-06 -1.324636e-06
-1.334031e-06 -1.334032e-06
-1.342143e-06 -1.342143e-06
-1.349047e-06 -1.349048e-06
-1.354857e-06 -1.354857e-06
-1.359707e-06 -1.359708e-06
-1.363753e-06 -1.363753e-06
-1.367150e-06 -1.367150e-06
-1.370048e-06 -1.370049e-06
-1.372581e-06 -1.372582e-06
-1.374854e-06 -1.374854e-06
-1.376938e-06 -1.376938e-06
-1.378871e-06 -1.378871e-06
-1.380649e-06 -1.380649e-06
-1.382237e-06 -1.382237e-06
-1.383567e-06 -1.383567e-06
-1.384552e-06 -1.384552e-06
-1.385089e-06 -1.385089e-06
-1.385075e-06 -1.385075e-06
-1.384413e-06 -1.384413e-06
-1.383021e-06 -1.383021e-06
-1.380841e-06 -1.380841e-06
-1.377843e-06 -1.377843e-06
-1.374030e-06 -1.374030e-06
-1.369432e-06 -1.369432e-06
-1.364111e-06 -1.364112e-06
-1.358150e-06 -1.358150e-06
-1.351648e-06 -1.351648e-06
-1.344713e-06 -1.344713e-06
-1.337452e-06 -1.337453e-06
-1.329965e-06 -1.329966e-06
-1.322337e-06 -1.322338e-06
-1.314631e-06 -1.314632e-06
-1.306888e-06 -1.306889e-06
-1.299123e-06 -1.299124e-06
-1.291328e-06 -1.291329e-06
-1.283474e-06 -1.283475e-06
-1.275516e-06 -1.275517e-06
-1.267399e-06 -1.267399e-06
-1.259064e-06 -1.259064e-06
-1.250457e-06 -1.250456e-06
-1.241528e-06 -1.241527e-06
-1.232246e-06 -1.232245e-06
-1.222593e-06 -1.222592e-06
-1.212570e-06 -1.212569e-06
-1.202196e-06 -1.202195e-06
-1.191503e-06 -1.191502e-06
-1.180536e-06 -1.180535e-06
-1.169348e-06 -1.169347e-06
-1.157993e-06 -1.157992e-06
-1.146523e-06 -1.146522e-06
-1.134981e-06 -1.134980e-06
-1.123401e-06 -1.123401e-06
-1.111805e-06 -1.111805e-06
-1.100200e-06 -1.100199e-06
-1.088581e-06 -1.088580e-06
-1.076932e-06 -1.076931e-06
-1.065231e-06 -1.065230e-06
-1.053452e-06 -1.053452e-06
-1.041572e-06 -1.041572e-06
-1.029573e-06 -1.029572e-06
-1.017443e-06 -1.017442e-06
-1.005184e-06 -1.005183e-06
-9.928090e-07 -9.928076e-07
-9.803439e-07 -9.803425e-07
-9.678229e-07 -9.678220e-07
-9.552887e-07 -9.552878e-07
-9.427863e-07 -9.427854e-07
-9.303581e-07 -9.303571e-07
-9.180412e-07 -9.180403e-07
-9.058622e-07 -9.058613e-07
-8.938332e-07 -8.938323e-07
-8.819516e-07 -8.819511e-07
-8.701982e-07 -8.701977e-07
-8.585394e-07 -8.585389e-07
-8.469292e-07 -8.469292e-07
-8.353145e-07 -8.353145e-07
-8.236398e-07 -8.236398e-07
-8.118532e-07 -8.118532e-07
-7.999120e-07 -7.999120e-07
-7.877879e-07 -7.877875e-07
-7.754711e-07 -7.754702e-07
-7.629733e-07 -7.629724e-07
-7.503281e-07 -7.503263e-07
-7.375884e-07 -7.375861e-07
-7.248245e-07 -7.248218e-07
