0 204
1 204
2 204
3 204
4 205
5 205
6 205
7 205
8 206
9 206
10 206
11 207
12 207
13 207
14 207
15 208
16 208
17 208
18 209
19 209
20 209
21 210
22 210
23 210
24 211
25 211
26 211
27 212
28 212
29 213
30 213
31 213
32 214
33 214
34 215
35 215
36 215
37 216
38 216
39 217
40 217
41 218
42 218
43 219
44 219
45 220
46 220
47 221
48 221
49 222
50 222
51 223
52 224
53 224
54 225
55 225
56 226
57 226
58 227
59 228
60 228
61 229
62 230
63 230
64 231
65 232
66 232
67 233
68 234
69 234
70 235
71 236
72 237
73 237
74 238
75 239
76 240
77 241
78 241
79 242
80 243
81 244
82 245
83 245
84 246
85 247
86 248
87 249
88 250
89 251
90 252
91 252
92 253
93 254
94 255
95 256
96 257
97 258
98 259
99 260
100 261
101 262
102 263
103 264
104 265
105 266
106 267
107 268
108 269
109 270
110 271
111 273
112 274
113 275
114 276
115 277
116 278
117 279
118 280
119 281
120 283
121 284
122 285
123 286
124 287
125 288
126 289
127 291
128 292
129 293
130 294
131 295
132 297
133 298
134 299
135 300
136 301
137 303
138 304
139 305
140 306
141 307
142 309
143 310
144 311
145 312
146 314
147 315
148 316
149 317
150 319
151 320
152 321
153 322
154 323
155 325
156 326
157 327
158 328
159 330
160 331
161 332
162 333
163 334
164 336
165 337
166 338
167 339
168 340
169 341
170 343
171 344
172 345
173 346
174 347
175 348
176 349
177 351
178 352
179 353
180 354
181 355
182 356
183 357
184 358
185 359
186 360
187 361
188 362
189 363
190 364
191 365
192 366
193 367
194 368
195 369
196 370
197 371
198 372
199 373
200 374
201 374
202 375
203 376
204 377
205 378
206 378
207 379
208 380
209 381
210 381
211 382
212 383
213 384
214 384
215 385
216 385
217 386
218 387
219 387
220 388
221 388
222 389
223 389
224 390
225 390
226 391
227 391
228 391
229 392
230 392
231 392
232 393
233 393
234 393
235 394
236 394
237 394
238 394
239 394
240 394
241 395
242 395
243 395
244 395
245 395
246 395
247 395
248 395
249 395
250 395
251 395
252 395
253 395
254 394
255 394
256 394
257 394
258 394
259 394
260 393
261 393
262 393
263 392
264 392
265 392
266 391
267 391
268 391
269 390
270 390
271 389
272 389
273 388
274 388
275 387
276 387
277 386
278 385
279 385
280 384
281 384
282 383
283 382
284 381
285 381
286 380
287 379
288 378
289 378
290 377
291 376
292 375
293 374
294 374
295 373
296 372
297 371
298 370
299 369
300 368
301 367
302 366
303 365
304 364
305 363
306 362
307 361
308 360
309 359
310 358
311 357
312 356
313 355
314 354
315 353
316 352
317 351
318 349
319 348
320 347
321 346
322 345
323 344
324 343
325 341
326 340
327 339
328 338
329 337
330 336
331 334
332 333
333 332
334 331
335 330
336 328
337 327
338 326
339 325
340 323
341 322
342 321
343 320
344 319
345 317
346 316
347 315
348 314
349 312
350 311
351 310
352 309
353 307
354 306
355 305
356 304
357 303
358 301
359 300
360 299
361 298
362 297
363 295
364 294
365 293
366 292
367 291
368 289
369 288
370 287
371 286
372 285
373 284
374 283
375 281
376 280
377 279
378 278
379 277
380 276
381 275
382 274
383 273
384 271
385 270
386 269
387 268
388 267
389 266
390 265
391 264
392 263
393 262
394 261
395 260
396 259
397 258
398 257
399 256
400 255
401 254
402 253
403 252
404 252
405 251
406 250
407 249
408 248
409 247
410 246
411 245
412 245
413 244
414 243
415 242
416 241
417 241
418 240
419 239
420 238
421 237
422 237
423 236
424 235
425 234
426 234
427 233
428 232
429 232
430 231
431 230
432 230
433 229
434 228
435 228
436 227
437 226
438 226
439 225
440 225
441 224
442 224
443 223
444 222
445 222
446 221
447 221
448 220
449 220
450 219
451 219
452 218
453 218
454 217
455 217
456 216
457 216
458 215
459 215
460 215
461 214
462 214
463 213
464 213
465 213
466 212
467 212
468 211
469 211
470 211
471 210
472 210
473 210
474 209
475 209
476 209
477 208
478 208
479 208
480 207
481 207
482 207
483 207
484 206
485 206
486 206
487 205
488 205
489 205
490 205
491 204
492 204
493 204
494 204
494 494
0 494
0 0
