0 207
1 208
2 208
3 208
4 209
5 209
6 209
7 210
8 210
9 210
10 211
11 211
12 212
13 212
14 213
15 213
16 214
17 214
18 214
19 215
20 215
21 216
22 216
23 217
24 217
25 218
26 219
27 219
28 220
29 220
30 221
31 221
32 222
33 223
34 223
35 224
36 225
37 225
38 226
39 227
40 227
41 228
42 229
43 230
44 230
45 231
46 232
47 233
48 233
49 234
50 235
51 236
52 237
53 238
54 239
55 239
56 240
57 241
58 242
59 243
60 244
61 245
62 246
63 247
64 248
65 249
66 250
67 251
68 252
69 253
70 254
71 255
72 256
73 258
74 259
75 260
76 261
77 262
78 263
79 265
80 266
81 267
82 268
83 270
84 271
85 272
86 274
87 275
88 276
89 278
90 279
91 280
92 282
93 283
94 284
95 286
96 287
97 289
98 290
99 292
100 293
101 295
102 296
103 298
104 299
105 301
106 302
107 304
108 306
109 307
110 309
111 310
112 312
113 314
114 315
115 317
116 319
117 320
118 322
119 324
120 325
121 327
122 329
123 330
124 332
125 334
126 336
127 337
128 339
129 341
130 343
131 345
132 346
133 348
134 350
135 352
136 354
137 355
138 357
139 359
140 361
141 363
142 365
143 366
144 368
145 370
146 372
147 374
148 376
149 377
150 379
151 381
152 383
153 385
154 387
155 388
156 390
157 392
158 394
159 396
160 398
161 399
162 401
163 403
164 405
165 407
166 408
167 410
168 412
169 414
170 415
171 417
172 419
173 421
174 422
175 424
176 426
177 427
178 429
179 431
180 432
181 434
182 436
183 437
184 439
185 440
186 442
187 443
188 445
189 447
190 448
191 449
192 451
193 452
194 454
195 455
196 457
197 458
198 459
199 461
200 462
201 463
202 464
203 466
204 467
205 468
206 469
207 470
208 472
209 473
210 474
211 475
212 476
213 477
214 478
215 479
216 480
217 480
218 481
219 482
220 483
221 484
222 485
223 485
224 486
225 487
226 487
227 488
228 489
229 489
230 490
231 490
232 491
233 491
234 491
235 492
236 492
237 492
238 493
239 493
240 493
241 493
242 494
243 494
244 494
245 494
246 494
247 494
248 494
249 494
250 494
251 494
252 494
253 493
254 493
255 493
256 493
257 492
258 492
259 492
260 491
261 491
262 491
263 490
264 490
265 489
266 489
267 488
268 487
269 487
270 486
271 485
272 485
273 484
274 483
275 482
276 481
277 480
278 480
279 479
280 478
281 477
282 476
283 475
284 474
285 473
286 472
287 470
288 469
289 468
290 467
291 466
292 464
293 463
294 462
295 461
296 459
297 458
298 457
299 455
300 454
301 452
302 451
303 449
304 448
305 447
306 445
307 443
308 442
309 440
310 439
311 437
312 436
313 434
314 432
315 431
316 429
317 427
318 426
319 424
320 422
321 421
322 419
323 417
324 415
325 414
326 412
327 410
328 408
329 407
330 405
331 403
332 401
333 399
334 398
335 396
336 394
337 392
338 390
339 388
340 387
341 385
342 383
343 381
344 379
345 377
346 376
347 374
348 372
349 370
350 368
351 366
352 365
353 363
354 361
355 359
356 357
357 355
358 354
359 352
360 350
361 348
362 346
363 345
364 343
365 341
366 339
367 337
368 336
369 334
370 332
371 330
372 329
373 327
374 325
375 324
376 322
377 320
378 319
379 317
380 315
381 314
382 312
383 310
384 309
385 307
386 306
387 304
388 302
389 301
390 299
391 298
392 296
393 295
394 293
395 292
396 290
397 289
398 287
399 286
400 284
401 283
402 282
403 280
404 279
405 278
406 276
407 275
408 274
409 272
410 271
411 270
412 268
413 267
414 266
415 265
416 263
417 262
418 261
419 260
420 259
421 258
422 256
423 255
424 254
425 253
426 252
427 251
428 250
429 249
430 248
431 247
432 246
433 245
434 244
435 243
436 242
437 241
438 240
439 239
440 239
441 238
442 237
443 236
444 235
445 234
446 233
447 233
448 232
449 231
450 230
451 230
452 229
453 228
454 227
455 227
456 226
457 225
458 225
459 224
460 223
461 223
462 222
463 221
464 221
465 220
466 220
467 219
468 219
469 218
470 217
471 217
472 216
473 216
474 215
475 215
476 214
477 214
478 214
479 213
480 213
481 212
482 212
483 211
484 211
485 210
486 210
487 210
488 209
489 209
490 209
491 208
492 208
493 208
494 207
